0 0 
0.0037958621978759766 0
0.008733987808227539 0
0.01402425765991211 0
0.017590045928955078 0
0.021898508071899414 1
0.027806758880615234 2
0.03242897987365723 2
0.03602337837219238 3
0.03982877731323242 4
0.04448962211608887 5
0.04917120933532715 8
0.055162668228149414 9
0.05890655517578125 10
0.06805419921875 13
0.07426834106445312 15
0.07784152030944824 16
0.08376693725585938 19
0.0873403549194336 20
0.09184050559997559 22
0.09781432151794434 25
0.10232686996459961 26
0.10592937469482422 28
0.10966730117797852 30
0.11411380767822266 32
0.11983180046081543 35
0.12462377548217773 38
0.12832260131835938 38
0.13269853591918945 42
0.13628935813903809 42
0.14284658432006836 47
0.14641427993774414 49
0.15015840530395508 51
0.15463662147521973 53
0.15829920768737793 54
0.1642453670501709 57
0.16786861419677734 59
0.17235064506530762 61
0.17805051803588867 64
0.18273091316223145 68
0.18629837036132812 68
0.1900794506072998 72
0.19454741477966309 75
0.20018362998962402 77
0.20465373992919922 80
0.2083454132080078 80
0.21272826194763184 84
0.21640372276306152 87
0.22301578521728516 90
0.2265470027923584 92
0.23030614852905273 94
0.23478055000305176 96
0.2384951114654541 97
0.24454116821289062 102
0.24821090698242188 103
0.2541167736053467 106
0.25782322883605957 108
0.2622966766357422 110
0.2679264545440674 114
0.2725052833557129 117
0.276090145111084 118
0.2798306941986084 121
0.28438878059387207 123
0.29004478454589844 128
0.2945873737335205 130
0.2982351779937744 131
0.30277347564697266 134
0.3063375949859619 136
0.3123807907104492 139
0.31600332260131836 141
0.31977105140686035 143
0.32613706588745117 147
0.32994627952575684 150
0.33455777168273926 152
0.3382246494293213 154
0.34264087677001953 157
0.3483467102050781 159
0.35275816917419434 163
0.3563361167907715 165
0.36008715629577637 167
0.3647482395172119 170
0.370375394821167 173
0.37489891052246094 175
0.37865591049194336 178
0.38316988945007324 180
0.38669800758361816 183
0.39332151412963867 186
0.39688920974731445 188
0.40106892585754395 190
0.4052577018737793 192
0.4090104103088379 196
0.4148719310760498 198
0.4186255931854248 200
0.4230484962463379 204
0.4288628101348877 206
0.43320155143737793 208
0.4367523193359375 210
0.44051361083984375 213
0.4449779987335205 216
0.4506065845489502 218
0.45510053634643555 221
0.45890092849731445 223
0.46320438385009766 228
0.47264909744262695 231
0.47849392890930176 233
0.4831416606903076 237
0.4866924285888672 239
0.4905068874359131 242
0.49512195587158203 244
0.5011575222015381 247
0.5052366256713867 250
0.5089795589447021 252
0.5137097835540771 254
0.5172407627105713 256
0.5230767726898193 260
0.5266366004943848 262
0.5303685665130615 264
0.5367016792297363 268
0.5404610633850098 270
0.5451300144195557 272
0.5488462448120117 274
0.5531373023986816 277
0.5589210987091064 280
0.5632169246673584 283
0.566718578338623 285
0.5704684257507324 287
0.5749731063842773 291
0.5806465148925781 293
0.585129976272583 295
0.588874340057373 298
0.5932064056396484 300
0.5967488288879395 303
0.6037640571594238 306
0.6072714328765869 308
0.6117088794708252 310
0.6152374744415283 312
0.6189806461334229 316
0.6248486042022705 318
0.628594160079956 320
0.6328825950622559 324
0.6386868953704834 326
0.6431756019592285 328
0.6467058658599854 331
0.6504483222961426 333
0.6548960208892822 336
0.6605277061462402 339
0.6651897430419922 341
0.6689450740814209 343
0.6732089519500732 346
0.6768360137939453 349
0.6836512088775635 351
0.6870946884155273 354
0.691129207611084 356
0.6952023506164551 358
0.7017440795898438 362
0.7052953243255615 364
0.7090201377868652 366
0.7133183479309082 368
0.7168505191802979 371
0.7230556011199951 374
0.7266008853912354 376
0.7303600311279297 379
0.7367169857025146 382
0.7404994964599609 385
0.7449698448181152 387
0.748708963394165 389
0.753000020980835 392
0.7587606906890869 395
0.7630672454833984 397
0.7665970325469971 400
0.770336389541626 402
0.7749578952789307 404
0.7805709838867188 408
0.7852268218994141 410
0.7890651226043701 412
0.7933783531188965 414
0.7970576286315918 417
0.8029444217681885 420
0.8065371513366699 422
0.8102691173553467 425
0.8166201114654541 428
0.8204042911529541 430
0.8248636722564697 433
0.8286082744598389 435
0.8328776359558105 438
0.8387024402618408 441
0.8431856632232666 443
0.8467187881469727 445
0.8504388332366943 448
0.8549051284790039 451
0.8605203628540039 454
0.8650009632110596 457
0.8733549118041992 460
0.8769054412841797 462
0.8817362785339355 465
0.8877606391906738 468
0.8924458026885986 470
0.8960733413696289 473
0.899836540222168 475
0.9045372009277344 479
0.9101710319519043 482
0.9146525859832764 484
0.9185245037078857 487
0.9228379726409912 489
0.9264059066772461 492
0.9329707622528076 495
0.9365220069885254 497
0.9402933120727539 499
0.9448549747467041 502
0.9486315250396729 505
0.9545114040374756 507
0.9581906795501709 508
0.9627530574798584 513
0.9685559272766113 515
0.973027229309082 518
0.9765779972076416 520
0.9803497791290283 522
0.9848315715789795 526
0.9904775619506836 528
0.9949548244476318 530
0.998701810836792 532
