0 0 
0.0025680065155029297 0
0.0072498321533203125 0
0.010869503021240234 0
0.01508951187133789 0
0.019182205200195312 0
0.024949312210083008 -1
0.0285189151763916 -1
0.0350799560546875 -1
0.03891110420227051 -2
0.04242753982543945 -2
0.0469968318939209 -2
0.050508975982666016 -3
0.05749058723449707 -4
0.06107449531555176 -4
0.06553292274475098 -4
0.06913280487060547 -5
0.07574462890625 -6
0.0814816951751709 -6
0.08588147163391113 -8
0.08945560455322266 -8
0.0932304859161377 -8
0.09772157669067383 -9
0.10339784622192383 -10
0.10790157318115234 -11
0.11167073249816895 -11
0.11608123779296875 -12
0.11969685554504395 -13
0.12574028968811035 -14
0.12932705879211426 -14
0.1331014633178711 -15
0.1429591178894043 -17
0.1476445198059082 -17
0.15333294868469238 -19
0.15799927711486816 -20
0.16179299354553223 -20
0.1663675308227539 -21
0.16991949081420898 -22
0.17596745491027832 -23
0.17954349517822266 -24
0.18330764770507812 -24
0.18983936309814453 -25
0.19363856315612793 -26
0.19828486442565918 -27
0.20203709602355957 -28
0.2063446044921875 -28
0.21216225624084473 -29
0.21654319763183594 -30
0.22010469436645508 -31
0.2242565155029297 -32
0.22835636138916016 -32
0.23492932319641113 -33
0.23847079277038574 -34
0.24222564697265625 -35
0.24652934074401855 -36
0.2502479553222656 -36
0.2563469409942627 -38
0.2598872184753418 -38
0.2636141777038574 -39
0.26999378204345703 -40
0.273770809173584 -41
0.27826547622680664 -42
0.28201842308044434 -42
0.28632044792175293 -43
0.2921295166015625 -44
0.29645395278930664 -45
0.30001258850097656 -46
0.3037276268005371 -46
0.3082268238067627 -47
0.31427836418151855 -48
0.3188343048095703 -49
0.32235169410705566 -50
0.3269226551055908 -51
0.3305211067199707 -52
0.33640265464782715 -52
0.33994460105895996 -53
0.34368467330932617 -54
0.3500392436981201 -55
0.3537783622741699 -56
0.3582763671875 -57
0.3620259761810303 -58
0.36634325981140137 -58
0.3721756935119629 -59
0.37685132026672363 -60
0.3803219795227051 -61
0.3843071460723877 -62
0.3883984088897705 -63
0.39499688148498535 -64
0.3988502025604248 -64
0.4024214744567871 -65
0.40703630447387695 -66
0.41054201126098633 -67
0.41729068756103516 -68
0.420945405960083 -68
0.42525315284729004 -69
0.4290611743927002 -70
0.4325368404388428 -71
0.4385538101196289 -72
0.44232654571533203 -72
0.4491002559661865 -74
0.45293426513671875 -74
0.4574470520019531 -75
0.46102094650268555 -76
0.4660770893096924 -77
0.4719061851501465 -78
0.4762122631072998 -79
0.4797513484954834 -80
0.48358607292175293 -80
0.48807835578918457 -81
0.4937424659729004 -82
0.49838685989379883 -83
0.5021531581878662 -84
0.5064377784729004 -85
0.5099787712097168 -86
0.516045093536377 -87
0.5196096897125244 -87
0.5233681201934814 -88
0.529740571975708 -89
0.533501148223877 -90
0.5380053520202637 -91
0.5463559627532959 -92
0.5499026775360107 -94
0.5569705963134766 -94
0.5605134963989258 -95
0.5650367736816406 -96
0.5689971446990967 -96
0.5752112865447998 -98
0.5792608261108398 -98
0.5830409526824951 -99
0.5894057750701904 -100
0.5932486057281494 -101
0.597747802734375 -102
0.6014039516448975 -102
0.6058459281921387 -104
0.611642599105835 -104
0.61614990234375 -106
0.6197295188903809 -106
0.6235272884368896 -107
0.6280126571655273 -108
0.6336512565612793 -109
0.6381580829620361 -110
0.6418976783752441 -110
0.646214485168457 -111
0.6497495174407959 -112
0.6558272838592529 -113
0.659400224685669 -114
0.6631464958190918 -114
0.667870283126831 -116
0.6735291481018066 -116
0.6782684326171875 -117
0.6820704936981201 -118
0.6864027976989746 -119
0.6899709701538086 -120
0.6965484619140625 -121
0.7002584934234619 -122
0.7042713165283203 -122
0.7085402011871338 -123
0.7123501300811768 -124
0.7181406021118164 -125
0.721907377243042 -126
0.726201057434082 -126
0.7297513484954834 -127
0.7335169315338135 -128
0.738182783126831 -128
0.7419164180755615 -129
0.7462284564971924 -130
0.7497761249542236 -131
0.7535355091094971 -132
0.7580242156982422 -132
0.7617826461791992 -133
0.7670235633850098 -134
0.7705647945404053 -135
0.7750570774078369 -136
0.7788546085357666 -136
0.7824699878692627 -137
0.787067174911499 -138
0.7907826900482178 -138
0.7950911521911621 -139
0.799060583114624 -140
0.8025608062744141 -141
0.8072354793548584 -142
0.8108947277069092 -142
0.8151850700378418 -143
0.8197240829467773 -144
0.8235023021697998 -145
0.8280141353607178 -146
0.8317615985870361 -146
0.8361954689025879 -147
0.8397588729858398 -148
0.8435318470001221 -148
0.8479561805725098 -149
0.8516862392425537 -150
0.8561875820159912 -151
0.8597395420074463 -152
0.8635144233703613 -152
0.869063138961792 -153
0.8725690841674805 -154
0.8772478103637695 -155
0.8809158802032471 -156
0.8852138519287109 -156
0.8890011310577393 -157
0.892526388168335 -158
0.8973095417022705 -158
0.9009630680084229 -159
0.9052534103393555 -161
0.9151186943054199 -162
0.9198744297027588 -163
0.9236288070678711 -164
0.9281117916107178 -165
0.9337239265441895 -166
0.938199520111084 -166
0.9465019702911377 -168
0.9505305290222168 -169
0.9557268619537354 -170
0.9633605480194092 -171
0.9692244529724121 -172
0.973003625869751 -173
0.9776978492736816 -174
0.9813809394836426 -174
0.9859163761138916 -176
0.991112470626831 -176
0.9956557750701904 -177
0.9992544651031494 -178
