0 0 
0.0022110939025878906 0
0.010087251663208008 0
0.018133878707885742 0
0.021738767623901367 0
0.025955915451049805 0
0.031284332275390625 -1
0.034822702407836914 -1
0.04085278511047363 -1
0.04468941688537598 -2
0.05122733116149902 -3
0.05479907989501953 -3
0.0597071647644043 -3
0.06336665153503418 -4
0.06763529777526855 -4
0.07343268394470215 -5
0.07793211936950684 -5
0.08160114288330078 -6
0.08856010437011719 -7
0.09210515022277832 -8
0.09867000579833984 -9
0.10220932960510254 -9
0.10592317581176758 -10
0.11036300659179688 -11
0.11409235000610352 -11
0.12015199661254883 -12
0.12387299537658691 -13
0.12825298309326172 -14
0.13409709930419922 -14
0.13842272758483887 -15
0.14270949363708496 -16
0.1467270851135254 -16
0.1508042812347412 -17
0.1573638916015625 -18
0.16132473945617676 -19
0.16484498977661133 -19
0.1694786548614502 -20
0.1729719638824463 -21
0.17992806434631348 -22
0.1834886074066162 -23
0.18791723251342773 -23
0.19152259826660156 -24
0.19670677185058594 -25
0.20226454734802246 -26
0.20603370666503906 -27
0.2104952335357666 -28
0.2161240577697754 -29
0.22064638137817383 -29
0.22440004348754883 -30
0.22868108749389648 -31
0.2322673797607422 -32
0.23925018310546875 -33
0.24267888069152832 -33
0.24668049812316895 -34
0.25075340270996094 -35
0.25449633598327637 -36
0.26038622856140137 -36
0.2641127109527588 -37
0.27038073539733887 -38
0.2741973400115967 -39
0.2784543037414551 -39
0.2819981575012207 -40
0.2857551574707031 -41
0.2922699451446533 -42
0.2960212230682373 -43
0.30062007904052734 -43
0.3043510913848877 -44
0.3086259365081787 -45
0.3144199848175049 -46
0.31874847412109375 -47
0.3222942352294922 -47
0.3260180950164795 -48
0.33046483993530273 -49
0.33620667457580566 -50
0.3406980037689209 -51
0.3444349765777588 -51
0.3487422466278076 -52
0.352292537689209 -53
0.35845470428466797 -54
0.36206603050231934 -55
0.3658413887023926 -55
0.37221550941467285 -57
0.37600278854370117 -57
0.38048696517944336 -58
0.38425135612487793 -59
0.3885688781738281 -60
0.3943965435028076 -60
0.3986837863922119 -61
0.4022345542907715 -62
0.40609049797058105 -63
0.4143688678741455 -65
0.42054104804992676 -65
0.4242696762084961 -66
0.4301784038543701 -67
0.4338650703430176 -67
0.43840575218200684 -68
0.44417786598205566 -69
0.4484527111053467 -70
0.45201587677001953 -71
0.45575928688049316 -71
0.4602336883544922 -72
0.46590352058410645 -73
0.47039270401000977 -74
0.47409486770629883 -74
0.47858214378356934 -75
0.4821302890777588 -76
0.48816442489624023 -77
0.49184083938598633 -77
0.4956214427947998 -79
0.501976490020752 -80
0.5057182312011719 -81
0.510202169418335 -81
0.5138266086578369 -81
0.5182235240936279 -83
0.5239505767822266 -83
0.5283300876617432 -85
0.5319054126739502 -85
0.535696268081665 -86
0.5403480529785156 -87
0.5459580421447754 -88
0.551438570022583 -88
0.5549228191375732 -89
0.5594878196716309 -90
0.5652072429656982 -91
0.5697116851806641 -92
0.5733592510223389 -92
0.57765793800354 -93
0.5815260410308838 -94
0.5867002010345459 -95
0.5908420085906982 -95
0.594580888748169 -96
0.6012563705444336 -97
0.6048712730407715 -98
0.6094563007354736 -99
0.6131885051727295 -99
0.6174445152282715 -100
0.6209723949432373 -101
0.6275322437286377 -102
0.631354570388794 -103
0.634913444519043 -103
0.6394920349121094 -104
0.6452064514160156 -105
0.6497058868408203 -106
0.6533641815185547 -107
0.6576638221740723 -107
0.6616654396057129 -108
0.6674849987030029 -109
0.6712825298309326 -110
0.6747922897338867 -111
0.6802754402160645 -112
0.6840560436248779 -112
0.689971923828125 -113
0.693556547164917 -114
0.698026180267334 -115
0.7036926746368408 -116
0.7082252502441406 -117
0.711787223815918 -117
0.7155046463012695 -118
0.7202138900756836 -119
0.7258470058441162 -120
0.7303440570831299 -121
0.7340812683105469 -121
0.7384083271026611 -122
0.7419688701629639 -123
0.7485432624816895 -124
0.7521131038665771 -125
0.7558643817901611 -125
0.7603673934936523 -126
0.7640924453735352 -127
0.7699713706970215 -127
0.7735569477081299 -128
0.7786483764648438 -129
0.7822508811950684 -130
0.7883102893829346 -131
0.7920048236846924 -132
0.7957544326782227 -133
0.8021149635314941 -134
0.8058924674987793 -134
0.8144245147705078 -136
0.818854570388794 -137
0.8223931789398193 -137
0.8293929100036621 -138
0.8329203128814697 -139
0.8374204635620117 -140
0.8414897918701172 -141
0.8449747562408447 -142
0.8508286476135254 -142
0.8545849323272705 -143
0.8589627742767334 -144
0.86482834815979 -145
0.869408130645752 -145
0.8729069232940674 -146
0.877375602722168 -147
0.8809123039245605 -148
0.8875153064727783 -149
0.8913400173187256 -149
0.8948674201965332 -150
0.8997130393981934 -151
0.9054381847381592 -152
0.9099545478820801 -153
0.913503885269165 -153
0.9179513454437256 -154
0.921673059463501 -155
0.9275386333465576 -156
0.9313600063323975 -157
0.9381110668182373 -158
0.9417307376861572 -159
0.9455060958862305 -159
0.9500417709350586 -160
0.9536244869232178 -161
0.9598488807678223 -162
0.9634308815002441 -163
0.9678959846496582 -163
0.9736063480377197 -164
0.9781246185302734 -165
0.9817111492156982 -166
0.9854748249053955 -167
0.98996901512146 -167
0.995593786239624 -169
