0 0 
0.0033631324768066406 0
0.008570432662963867 0
0.01304316520690918 0
0.016576766967773438 0
0.020405292510986328 1
0.026764631271362305 2
0.03052353858947754 3
0.034964561462402344 4
0.03876924514770508 5
0.04301571846008301 6
0.048813581466674805 8
0.05312323570251465 10
0.05665731430053711 11
0.06039834022521973 13
0.06485724449157715 14
0.07047247886657715 17
0.07520437240600586 19
0.07898783683776855 21
0.08331513404846191 23
0.08686351776123047 26
0.09342670440673828 28
0.09698820114135742 30
0.1007232666015625 32
0.10521674156188965 34
0.10901236534118652 38
0.11496901512145996 40
0.11872744560241699 42
0.1231532096862793 46
0.1289505958557129 48
0.13339781761169434 50
0.1369774341583252 53
0.1406996250152588 56
0.1451432704925537 59
0.1507399082183838 62
0.15518426895141602 64
0.15902924537658691 67
0.16332316398620605 70
0.16690278053283691 73
0.17374634742736816 76
0.17719388008117676 78
0.18120908737182617 81
0.1853346824645996 84
0.18907904624938965 89
0.19870948791503906 93
0.20462441444396973 97
0.20832490921020508 98
0.21294307708740234 102
0.21881484985351562 106
0.2233123779296875 109
0.22683954238891602 112
0.2305755615234375 115
0.23507308959960938 118
0.2407093048095703 122
0.24518942832946777 124
0.24896669387817383 127
0.25346851348876953 130
0.25717616081237793 132
0.26311755180358887 137
0.26674652099609375 140
0.27050304412841797 144
0.27672457695007324 146
0.28049421310424805 149
0.2849705219268799 152
0.2887256145477295 155
0.29297852516174316 159
0.29881739616394043 162
0.3031339645385742 165
0.3067054748535156 168
0.31044769287109375 170
0.3150641918182373 174
0.3206913471221924 177
0.32517218589782715 180
0.32898378372192383 183
0.33331775665283203 186
0.3368971347808838 190
0.34346699714660645 193
0.34700822830200195 196
0.351137638092041 198
0.3552742004394531 201
0.359020471572876 206
0.36489176750183105 208
0.36862683296203613 210
0.37383008003234863 214
0.3773682117462158 217
0.38333940505981445 221
0.3869032859802246 224
0.3906571865081787 227
0.39719676971435547 231
0.4018721580505371 234
0.4054224491119385 237
0.40918469429016113 240
0.4134798049926758 242
0.41928529739379883 246
0.4239223003387451 250
0.42742228507995605 252
0.43190741539001465 255
0.4378941059112549 259
0.4430258274078369 264
0.44658589363098145 266
0.4503488540649414 269
0.45486021041870117 272
0.4585895538330078 274
0.4644505977630615 278
0.46801328659057617 280
0.4726850986480713 285
0.47838640213012695 288
0.482926607131958 292
0.4864649772644043 295
0.4902019500732422 298
0.49484992027282715 300
0.5005278587341309 305
0.5049707889556885 308
0.5087275505065918 310
0.513159990310669 313
0.5166845321655273 316
0.5227155685424805 320
0.5262846946716309 322
0.5300326347351074 326
0.5364105701446533 329
0.5402069091796875 333
0.5446996688842773 336
0.5483324527740479 337
0.5528960227966309 342
0.55867600440979 346
0.5629792213439941 349
0.5665285587310791 352
0.5703859329223633 354
0.575080156326294 359
0.580679178237915 362
0.5851619243621826 364
0.5889194011688232 367
0.5967705249786377 373
0.6005573272705078 376
0.6054196357727051 380
0.6120061874389648 383
0.6160571575164795 386
0.6197633743286133 388
0.6244430541992188 391
0.6300694942474365 397
0.634606122970581 398
0.6381785869598389 401
0.6428163051605225 406
0.6464273929595947 408
0.652503490447998 411
0.6560835838317871 414
0.659813404083252 417
0.666090726852417 421
0.6698362827301025 424
0.6746230125427246 427
0.6781966686248779 430
0.6827034950256348 436
0.6884369850158691 437
0.6928122043609619 441
0.6963992118835449 442
0.7001526355743408 447
0.7046184539794922 448
0.7102921009063721 454
0.7147200107574463 457
0.7183430194854736 458
0.7227401733398438 462
0.7284145355224609 465
0.7329685688018799 470
0.7365326881408691 472
0.7403039932250977 476
0.7447283267974854 478
0.7503368854522705 482
0.754819393157959 485
0.7584812641143799 487
0.7628650665283203 491
0.7664458751678467 494
0.7726743221282959 498
0.776259183883667 500
0.7799999713897705 502
0.786482572555542 508
0.7902741432189941 511
0.7948720455169678 514
0.7986154556274414 515
0.8029129505157471 520
0.8086943626403809 524
0.8129725456237793 527
0.8165369033813477 529
0.8202946186065674 532
0.8247196674346924 535
0.8303496837615967 539
0.8348543643951416 542
0.8385932445526123 544
0.8429605960845947 548
0.8465168476104736 551
0.8527073860168457 555
0.856299638748169 556
0.8600428104400635 562
0.8662824630737305 564
0.8700358867645264 568
0.8745377063751221 569
0.8780970573425293 572
0.8825552463531494 575
0.8883085250854492 579
0.8926937580108643 584
0.8962643146514893 585
0.900000810623169 588
0.9046337604522705 590
0.9148201942443848 599
0.9185924530029297 600
0.9228897094726562 605
0.9264576435089111 608
0.9302079677581787 610
0.9346969127655029 613
0.9383549690246582 615
0.9427201747894287 619
0.9463090896606445 620
0.9500677585601807 625
0.9545576572418213 626
0.9581382274627686 629
0.9626104831695557 632
0.9682109355926514 636
0.9729125499725342 640
0.9764678478240967 643
0.9802145957946777 646
0.9847204685211182 649
0.9903154373168945 653
0.9986979961395264 659
