0 0 
0.0022306442260742188 0
0.005969047546386719 -1
0.010673284530639648 -1
0.014447689056396484 -1
0.01887202262878418 -1
0.022439002990722656 -1
0.029152631759643555 -2
0.033625125885009766 -2
0.03979992866516113 -3
0.0434565544128418 -3
0.04772472381591797 -4
0.0523524284362793 -4
0.05860471725463867 -5
0.06443190574645996 -6
0.06895661354064941 -7
0.07251262664794922 -8
0.07633352279663086 -8
0.08081722259521484 -9
0.08643937110900879 -11
0.0947256088256836 -12
0.09917044639587402 -13
0.1028892993927002 -14
0.10690951347351074 -15
0.11244320869445801 -16
0.11620521545410156 -16
0.12092280387878418 -18
0.12747406959533691 -18
0.1314835548400879 -20
0.13498353958129883 -20
0.13962411880493164 -21
0.1431446075439453 -22
0.14997220039367676 -24
0.15357255935668945 -24
0.15786314010620117 -25
0.16165971755981445 -26
0.16690564155578613 -28
0.17107820510864258 -28
0.1748354434967041 -30
0.18018031120300293 -30
0.18375754356384277 -32
0.18999147415161133 -33
0.19357085227966309 -34
0.19788575172424316 -35
0.20379924774169922 -36
0.20829153060913086 -37
0.21193504333496094 -38
0.2157607078552246 -40
0.22029495239257812 -40
0.22596240043640137 -42
0.2304706573486328 -43
0.23414325714111328 -44
0.23854756355285645 -45
0.2421259880065918 -46
0.2488701343536377 -47
0.2524425983428955 -48
0.25622129440307617 -49
0.26068115234375 -50
0.26442861557006836 -52
0.2703406810760498 -53
0.27401161193847656 -53
0.2784149646759033 -55
0.28426218032836914 -56
0.2886323928833008 -57
0.2922041416168213 -58
0.2959749698638916 -59
0.3004343509674072 -60
0.30609655380249023 -62
0.31075549125671387 -62
0.31453680992126465 -64
0.3188498020172119 -64
0.3246438503265381 -66
0.3290069103240967 -67
0.3326296806335449 -68
0.3363809585571289 -69
0.3408639430999756 -70
0.34694361686706543 -71
0.3510777950286865 -72
0.3548390865325928 -73
0.3591341972351074 -74
0.3626978397369385 -75
0.3689112663269043 -76
0.3725013732910156 -78
0.376234769821167 -78
0.3825855255126953 -80
0.38634467124938965 -81
0.3908259868621826 -82
0.39455199241638184 -83
0.3988761901855469 -84
0.4048006534576416 -86
0.40912938117980957 -86
0.41268157958984375 -88
0.41680479049682617 -88
0.42093920707702637 -90
0.4274895191192627 -91
0.4315061569213867 -92
0.43503236770629883 -93
0.4398937225341797 -94
0.4435553550720215 -95
0.44944143295288086 -96
0.45290064811706543 -97
0.45690155029296875 -98
0.4630885124206543 -100
0.4676170349121094 -100
0.47115659713745117 -102
0.4749476909637451 -102
0.4815175533294678 -104
0.4853968620300293 -105
0.49269938468933105 -107
0.4985218048095703 -108
0.5021171569824219 -110
0.5083115100860596 -111
0.5119307041168213 -112
0.5157296657562256 -113
0.5216550827026367 -114
0.5251538753509521 -115
0.529860258102417 -116
0.5355644226074219 -117
0.5400505065917969 -118
0.5436685085296631 -119
0.5483119487762451 -121
0.5519187450408936 -121
0.558518648147583 -123
0.5621018409729004 -124
0.565882682800293 -125
0.5705251693725586 -126
0.5742886066436768 -127
0.5802075862884521 -128
0.583798885345459 -129
0.5882720947265625 -130
0.5940454006195068 -132
0.5984630584716797 -133
0.6020739078521729 -134
0.6058497428894043 -135
0.6123611927032471 -136
0.6161339282989502 -138
0.6206040382385254 -138
0.6243715286254883 -140
0.6286544799804688 -140
0.6345357894897461 -142
0.638873815536499 -143
0.6424415111541748 -144
0.6462059020996094 -145
0.650684118270874 -146
0.6563262939453125 -147
0.6608307361602783 -148
0.6645870208740234 -149
0.6690425872802734 -150
0.6726164817810059 -151
0.6787810325622559 -153
0.6823647022247314 -154
0.6861259937286377 -155
0.6915981769561768 -156
0.6951272487640381 -157
0.7000060081481934 -158
0.7036058902740479 -158
0.7080907821655273 -160
0.7117147445678711 -160
0.7154552936553955 -162
0.719987154006958 -162
0.7235808372497559 -164
0.7278623580932617 -164
0.7318689823150635 -166
0.7356381416320801 -166
0.7408785820007324 -168
0.7447094917297363 -169
0.7490372657775879 -170
0.7525975704193115 -171
0.7563610076904297 -172
0.760828971862793 -173
0.764568567276001 -174
0.7688374519348145 -175
0.772406816482544 -176
0.7761595249176025 -177
0.7807629108428955 -178
0.7845313549041748 -179
0.789013147354126 -180
0.7938473224639893 -181
0.7983534336090088 -182
0.8019258975982666 -183
0.805753231048584 -184
0.8102738857269287 -184
0.8138682842254639 -186
0.8183512687683105 -187
0.821951150894165 -188
0.8257129192352295 -189
0.8303878307342529 -190
0.8340685367584229 -190
0.8384847640991211 -192
0.8430681228637695 -193
0.8475654125213623 -194
0.8515477180480957 -195
0.8550794124603271 -196
0.8596611022949219 -197
0.8634178638458252 -198
0.8676834106445312 -199
0.8714785575866699 -200
0.8750176429748535 -201
0.8796041011810303 -202
0.8831045627593994 -203
0.8876080513000488 -204
0.896125316619873 -206
0.9008874893188477 -207
0.9046463966369629 -208
0.9094984531402588 -209
0.913020133972168 -210
0.9169623851776123 -211
0.9214005470275879 -212
0.9249494075775146 -213
0.9295241832733154 -214
0.933037519454956 -215
0.9374692440032959 -216
0.9410786628723145 -217
0.9458715915679932 -218
0.9503731727600098 -219
0.9540364742279053 -220
0.958615779876709 -221
0.9621844291687012 -222
0.9659485816955566 -223
0.9705686569213867 -224
0.9743437767028809 -225
0.9786531925201416 -226
0.9822590351104736 -227
0.9860336780548096 -228
0.9905614852905273 -229
0.9950716495513916 -230
0.9998178482055664 -231
