0 0 
0.0023894309997558594 0
0.0074138641357421875 0
0.012078046798706055 -1
0.015875577926635742 -1
0.02119135856628418 -1
0.026966571807861328 -2
0.03167867660522461 -3
0.03524947166442871 -3
0.039968252182006836 -4
0.04356122016906738 -5
0.047824859619140625 -7
0.05416250228881836 -8
0.0578920841217041 -9
0.06235957145690918 -11
0.06796884536743164 -12
0.0726318359375 -13
0.07651805877685547 -14
0.08137249946594238 -15
0.09021520614624023 -19
0.09606504440307617 -21
0.10060453414916992 -23
0.10419726371765137 -24
0.10793495178222656 -26
0.11261153221130371 -27
0.11924052238464355 -29
0.12312817573547363 -31
0.1266477108001709 -33
0.13161230087280273 -35
0.13521242141723633 -36
0.14110422134399414 -39
0.14461207389831543 -40
0.14908242225646973 -42
0.15496826171875 -45
0.1592869758605957 -46
0.16308045387268066 -48
0.1666858196258545 -50
0.1713852882385254 -52
0.17710304260253906 -54
0.18161344528198242 -56
0.18519210815429688 -58
0.1898329257965088 -61
0.19344401359558105 -61
0.20004963874816895 -65
0.2036585807800293 -67
0.2074286937713623 -69
0.21208786964416504 -71
0.21589207649230957 -72
0.22179722785949707 -74
0.2253725528717041 -76
0.22984910011291504 -79
0.2356252670288086 -81
0.24003338813781738 -83
0.24364328384399414 -84
0.24744248390197754 -87
0.2521047592163086 -90
0.25773048400878906 -91
0.2622203826904297 -93
0.2659759521484375 -95
0.2703580856323242 -97
0.2761831283569336 -100
0.28052592277526855 -102
0.28407716751098633 -104
0.2878379821777344 -105
0.2923119068145752 -107
0.2979614734649658 -110
0.3024570941925049 -112
0.3062455654144287 -114
0.3107142448425293 -116
0.3144259452819824 -118
0.3203442096710205 -121
0.32389307022094727 -122
0.32764673233032227 -124
0.3341374397277832 -127
0.33794307708740234 -129
0.34259629249572754 -131
0.34636855125427246 -133
0.350677490234375 -135
0.35649991035461426 -137
0.3610806465148926 -139
0.36464905738830566 -141
0.36914801597595215 -143
0.37314724922180176 -145
0.3797791004180908 -148
0.383389949798584 -149
0.38712334632873535 -151
0.39165544509887695 -153
0.395247220993042 -155
0.4011375904083252 -158
0.40492939949035645 -160
0.40923476219177246 -162
0.41512203216552734 -165
0.4194307327270508 -167
0.42325687408447266 -168
0.42700648307800293 -170
0.4316732883453369 -172
0.43732786178588867 -176
0.44185733795166016 -177
0.44556355476379395 -179
0.449998140335083 -181
0.45569753646850586 -183
0.4601325988769531 -186
0.46369338035583496 -188
0.46744751930236816 -190
0.4721050262451172 -192
0.47773051261901855 -195
0.4822366237640381 -197
0.4906783103942871 -200
0.49469423294067383 -202
0.4992032051086426 -204
0.505286455154419 -207
0.5099287033081055 -210
0.5135090351104736 -211
0.517275333404541 -213
0.5218024253845215 -214
0.5274593830108643 -218
0.5319921970367432 -220
0.5358145236968994 -221
0.540154218673706 -224
0.5437047481536865 -227
0.5504772663116455 -229
0.5540347099304199 -230
0.5577921867370605 -232
0.5622889995574951 -234
0.5660407543182373 -237
0.571911096572876 -239
0.5755448341369629 -240
0.5800378322601318 -243
0.5858652591705322 -245
0.5901906490325928 -247
0.5938184261322021 -249
0.5976078510284424 -251
0.6022915840148926 -254
0.6079287528991699 -256
0.6125950813293457 -258
0.6163761615753174 -259
0.6206858158111572 -261
0.6265289783477783 -264
0.6311111450195312 -266
0.6346437931060791 -268
0.6391346454620361 -270
0.6427042484283447 -272
0.6493453979492188 -275
0.653188943862915 -277
0.6566836833953857 -278
0.6613950729370117 -280
0.6650469303131104 -282
0.6710793972015381 -285
0.6746001243591309 -287
0.6792376041412354 -289
0.6851372718811035 -291
0.6896438598632812 -293
0.6932830810546875 -295
0.6970398426055908 -297
0.701566219329834 -299
0.7072222232818604 -302
0.7117908000946045 -304
0.7153685092926025 -305
0.7198600769042969 -309
0.7234747409820557 -309
0.730269193649292 -313
0.7338466644287109 -315
0.7376306056976318 -317
0.7421665191650391 -319
0.7459204196929932 -321
0.7518312931060791 -323
0.755528450012207 -325
0.759941816329956 -328
0.7657120227813721 -329
0.7701592445373535 -332
0.7737522125244141 -334
0.7775163650512695 -336
0.781989336013794 -339
0.7876608371734619 -341
0.7924277782440186 -342
0.7962093353271484 -344
0.8005504608154297 -346
0.8063607215881348 -349
0.810666561126709 -351
0.8142311573028564 -353
0.8183672428131104 -355
0.8225512504577637 -357
0.8291451930999756 -359
0.8327035903930664 -361
0.8364737033843994 -363
0.8410344123840332 -365
0.8445672988891602 -367
0.8505630493164062 -370
0.8541347980499268 -371
0.8579201698303223 -373
0.8646748065948486 -376
0.8692224025726318 -378
0.8730473518371582 -380
0.8765835762023926 -382
0.8811533451080322 -384
0.89139723777771 -389
0.8950393199920654 -390
0.899348258972168 -392
0.9033277034759521 -394
0.9091591835021973 -397
0.9132683277130127 -399
0.9170455932617188 -401
0.9235916137695312 -403
0.9274075031280518 -406
0.9319019317626953 -408
0.9355616569519043 -409
0.940004825592041 -412
0.9457952976226807 -414
0.9501869678497314 -417
0.9537889957427979 -419
0.9575376510620117 -421
0.9620397090911865 -422
0.9677135944366455 -425
0.9724082946777344 -427
0.9761688709259033 -429
0.9804732799530029 -431
0.984044075012207 -433
0.9902181625366211 -435
0.9938292503356934 -437
0.9976363182067871 -439
