0 0 
0.002727031707763672 0
0.006203889846801758 0
0.011034011840820312 0
0.01887655258178711 -1
0.024852275848388672 -1
0.02956986427307129 -1
0.03538680076599121 -2
0.039847373962402344 -3
0.043457984924316406 -3
0.04721832275390625 -3
0.0520172119140625 -4
0.05857563018798828 -5
0.062111854553222656 -5
0.06586956977844238 -6
0.07017040252685547 -7
0.0737154483795166 -8
0.07981634140014648 -9
0.0833590030670166 -9
0.08708691596984863 -10
0.09349799156188965 -11
0.09724020957946777 -13
0.1016993522644043 -13
0.10544729232788086 -14
0.1098790168762207 -15
0.11568641662597656 -17
0.12010622024536133 -17
0.12363576889038086 -19
0.12735867500305176 -19
0.13190650939941406 -21
0.13794875144958496 -22
0.14202022552490234 -23
0.14580512046813965 -24
0.15014052391052246 -25
0.15369725227355957 -26
0.16056609153747559 -27
0.16414403915405273 -28
0.16864395141601562 -29
0.17261695861816406 -30
0.17615437507629395 -31
0.1820049285888672 -33
0.18575239181518555 -33
0.19003510475158691 -35
0.19588446617126465 -36
0.20126128196716309 -37
0.20485353469848633 -38
0.20931339263916016 -39
0.2151038646697998 -41
0.21952486038208008 -42
0.2230989933013916 -43
0.22684240341186523 -45
0.23148250579833984 -45
0.23717999458312988 -47
0.241851806640625 -48
0.24558115005493164 -49
0.24987101554870605 -50
0.25341320037841797 -51
0.25943994522094727 -53
0.26302242279052734 -53
0.2668464183807373 -55
0.2732269763946533 -56
0.2769942283630371 -57
0.28147387504577637 -59
0.28516173362731934 -59
0.2896766662597656 -61
0.2955467700958252 -62
0.29985642433166504 -63
0.3033888339996338 -64
0.30713343620300293 -65
0.3116180896759033 -67
0.3172495365142822 -68
0.3217298984527588 -69
0.32546091079711914 -70
0.32984495162963867 -71
0.3333919048309326 -72
0.3394312858581543 -74
0.34298229217529297 -74
0.3467261791229248 -76
0.3526749610900879 -77
0.35616016387939453 -78
0.36083459854125977 -79
0.3665306568145752 -81
0.37124061584472656 -82
0.37480854988098145 -83
0.37932324409484863 -84
0.38291215896606445 -85
0.38949036598205566 -87
0.3930790424346924 -87
0.39682602882385254 -89
0.40140438079833984 -90
0.4070117473602295 -92
0.4117012023925781 -93
0.4197835922241211 -95
0.4233551025390625 -96
0.4271056652069092 -97
0.4336075782775879 -99
0.43738245964050293 -100
0.4420125484466553 -101
0.44577646255493164 -102
0.45006251335144043 -103
0.45583510398864746 -105
0.46015310287475586 -105
0.4637138843536377 -107
0.4678840637207031 -107
0.47211265563964844 -109
0.4787166118621826 -110
0.4825112819671631 -111
0.48612427711486816 -113
0.4907238483428955 -113
0.4944651126861572 -115
0.5005018711090088 -116
0.5039322376251221 -117
0.5079243183135986 -118
0.5140955448150635 -120
0.5185599327087402 -121
0.5221669673919678 -122
0.5259287357330322 -123
0.532660961151123 -125
0.5361983776092529 -125
0.5408909320831299 -127
0.5445528030395508 -128
0.5488195419311523 -129
0.5546536445617676 -130
0.5591685771942139 -131
0.5627553462982178 -133
0.5664846897125244 -133
0.5709195137023926 -135
0.5766875743865967 -136
0.5812695026397705 -137
0.5848476886749268 -138
0.5894834995269775 -140
0.5930776596069336 -140
0.5991120338439941 -142
0.6027235984802246 -143
0.6064698696136475 -144
0.6129150390625 -146
0.616687536239624 -147
0.621173620223999 -148
0.6247315406799316 -149
0.6294069290161133 -151
0.6351170539855957 -151
0.6395409107208252 -153
0.6431262493133545 -153
0.6469178199768066 -155
0.6515769958496094 -157
0.6572089195251465 -158
0.6616740226745605 -159
0.665452241897583 -160
0.6697983741760254 -161
0.6734559535980225 -163
0.6800704002380371 -164
0.6836187839508057 -165
0.687361478805542 -166
0.6918020248413086 -167
0.695528507232666 -169
0.701378345489502 -169
0.7050318717956543 -170
0.7095863819122314 -172
0.71541428565979 -173
0.7196860313415527 -174
0.7232685089111328 -175
0.727048397064209 -176
0.7315268516540527 -178
0.7371933460235596 -179
0.741673469543457 -180
0.7454054355621338 -181
0.7496914863586426 -182
0.7532660961151123 -184
0.7600259780883789 -185
0.7635788917541504 -186
0.7673585414886475 -187
0.771981954574585 -188
0.775738000869751 -189
0.781578540802002 -191
0.7854471206665039 -192
0.7917299270629883 -193
0.7955098152160645 -194
0.7998263835906982 -195
0.8033876419067383 -197
0.8071293830871582 -197
0.8135597705841064 -199
0.8217017650604248 -201
0.8254685401916504 -202
0.8300621509552002 -203
0.8336179256439209 -204
0.8398447036743164 -206
0.8433923721313477 -207
0.847149133682251 -209
0.8533878326416016 -210
0.8571314811706543 -211
0.8615975379943848 -212
0.865333080291748 -212
0.8696787357330322 -215
0.8755297660827637 -215
0.8798463344573975 -217
0.8833703994750977 -218
0.8871135711669922 -219
0.8917827606201172 -220
0.8974254131317139 -221
0.9019386768341064 -222
0.9056787490844727 -223
0.90997314453125 -225
0.9136197566986084 -226
0.9202027320861816 -227
0.924689769744873 -228
0.9293017387390137 -229
0.9329209327697754 -230
0.9387149810791016 -232
0.9426696300506592 -233
0.9461627006530762 -234
0.9520595073699951 -235
0.9558379650115967 -237
0.9601526260375977 -238
0.9660079479217529 -239
0.9705538749694824 -240
0.9740746021270752 -241
0.9785149097442627 -243
0.9820835590362549 -244
0.9886970520019531 -245
0.9925093650817871 -246
0.9960179328918457 -247
