0 0 
0.002712726593017578 0
0.006483793258666992 0
0.011185646057128906 0
0.014677047729492188 0
0.01919698715209961 0
0.022715330123901367 0
0.03023076057434082 -1
0.03606057167053223 -1
0.04042243957519531 -1
0.04397869110107422 -1
0.047704219818115234 -2
0.054078102111816406 -3
0.0578615665435791 -3
0.06229114532470703 -3
0.06602597236633301 -4
0.07045722007751465 -4
0.07628178596496582 -5
0.08060717582702637 -5
0.08415746688842773 -6
0.08791089057922363 -7
0.0923926830291748 -7
0.09800577163696289 -8
0.10251021385192871 -8
0.10624432563781738 -9
0.11052370071411133 -9
0.11417961120605469 -10
0.12024903297424316 -11
0.12380623817443848 -12
0.13248705863952637 -13
0.13859152793884277 -14
0.14308953285217285 -15
0.14661550521850586 -15
0.15145182609558105 -16
0.1551072597503662 -16
0.1617119312286377 -17
0.16536235809326172 -18
0.16996431350708008 -19
0.17571306228637695 -19
0.1801154613494873 -21
0.18371248245239258 -21
0.1874675750732422 -22
0.19212627410888672 -23
0.19781112670898438 -23
0.20228791236877441 -24
0.20605206489562988 -25
0.2102973461151123 -25
0.21397161483764648 -27
0.22055888175964355 -27
0.22412610054016113 -28
0.2278757095336914 -29
0.23233842849731445 -29
0.2361154556274414 -30
0.24202299118041992 -31
0.24766302108764648 -32
0.252347469329834 -33
0.2561013698577881 -33
0.26058316230773926 -34
0.26413536071777344 -35
0.27022624015808105 -35
0.2738008499145508 -36
0.27754831314086914 -37
0.28394365310668945 -38
0.2877359390258789 -39
0.2921938896179199 -39
0.29591894149780273 -40
0.3002655506134033 -41
0.30608463287353516 -42
0.3105924129486084 -42
0.31417250633239746 -43
0.3179318904876709 -44
0.32241010665893555 -44
0.3280520439147949 -45
0.33262062072753906 -46
0.33638739585876465 -47
0.34069204330444336 -47
0.34427499771118164 -48
0.3502957820892334 -49
0.35388636589050293 -50
0.3576207160949707 -51
0.3651151657104492 -51
0.369431734085083 -52
0.37339162826538086 -53
0.3771352767944336 -53
0.3835470676422119 -55
0.38733363151550293 -55
0.3920762538909912 -56
0.3957855701446533 -57
0.4001924991607666 -58
0.4060804843902588 -59
0.41043806076049805 -59
0.41399407386779785 -60
0.4177396297454834 -61
0.4222071170806885 -61
0.42785215377807617 -63
0.4325094223022461 -63
0.4362621307373047 -64
0.44054222106933594 -65
0.4440937042236328 -65
0.45012903213500977 -66
0.45372986793518066 -67
0.4575178623199463 -68
0.4638686180114746 -69
0.46761465072631836 -69
0.4720582962036133 -70
0.47570157051086426 -70
0.480090856552124 -71
0.4859614372253418 -72
0.49042272567749023 -73
0.49399471282958984 -74
0.49773383140563965 -74
0.5022275447845459 -75
0.5078399181365967 -76
0.5123574733734131 -77
0.5161089897155762 -77
0.5205955505371094 -78
0.5241122245788574 -79
0.5333073139190674 -80
0.5367884635925293 -81
0.5419220924377441 -81
0.5475673675537109 -83
0.5522973537445068 -84
0.5560719966888428 -84
0.5605132579803467 -85
0.5640745162963867 -86
0.5706613063812256 -87
0.5742218494415283 -87
0.578035831451416 -88
0.5825223922729492 -89
0.5862669944763184 -90
0.5921738147735596 -91
0.5959067344665527 -91
0.6002540588378906 -92
0.6060538291931152 -93
0.610572099685669 -93
0.6141319274902344 -94
0.6178553104400635 -95
0.6223106384277344 -96
0.6279513835906982 -97
0.6324243545532227 -97
0.6361513137817383 -98
0.6404604911804199 -99
0.6462328433990479 -100
0.650707483291626 -100
0.6542527675628662 -101
0.6580119132995605 -102
0.6624975204467773 -102
0.6685154438018799 -103
0.6727869510650635 -104
0.676654577255249 -105
0.6812336444854736 -105
0.6847889423370361 -106
0.6906297206878662 -107
0.6942052841186523 -108
0.6979568004608154 -109
0.7042944431304932 -109
0.7080621719360352 -110
0.7125594615936279 -111
0.7163252830505371 -112
0.7206361293792725 -112
0.726433515548706 -113
0.7311639785766602 -114
0.7346889972686768 -115
0.7391667366027832 -115
0.742743730545044 -116
0.7473585605621338 -117
0.7518682479858398 -117
0.7554597854614258 -118
0.759951114654541 -119
0.7635152339935303 -119
0.7672781944274902 -120
0.7718076705932617 -121
0.7754037380218506 -122
0.7810943126678467 -123
0.7847168445587158 -123
0.7891843318939209 -124
0.7931337356567383 -125
0.7966575622558594 -125
0.8070731163024902 -127
0.8116014003753662 -128
0.8151850700378418 -128
0.8194785118103027 -129
0.8232769966125488 -130
0.8278853893280029 -131
0.832404375076294 -131
0.8361270427703857 -132
0.8404457569122314 -133
0.8440074920654297 -133
0.8477587699890137 -134
0.8524007797241211 -135
0.8561453819274902 -135
0.8604879379272461 -136
0.8640487194061279 -137
0.8677940368652344 -137
0.87229323387146 -138
0.876035213470459 -139
0.8812623023986816 -139
0.8848061561584473 -140
0.8893465995788574 -141
0.8931219577789307 -142
0.8966360092163086 -142
0.9012000560760498 -143
0.9050395488739014 -144
0.910372257232666 -145
0.9139223098754883 -145
0.9177384376525879 -146
0.9222054481506348 -147
0.9259560108184814 -147
0.9339830875396729 -149
0.9394733905792236 -149
0.943413496017456 -150
0.947185754776001 -151
0.9518065452575684 -151
0.9553606510162354 -152
0.9615392684936523 -153
0.9651904106140137 -154
0.9695017337799072 -155
0.9734714031219482 -155
0.977231502532959 -156
0.9824090003967285 -157
0.986156702041626 -158
0.990436315536499 -159
0.9939613342285156 -159
0.9977431297302246 -160
