0 0 
0.0026464462280273438 0
0.006931304931640625 0
0.010832071304321289 0
0.014533281326293945 0
0.022237300872802734 2
0.028173208236694336 2
0.03170967102050781 4
0.0397183895111084 6
0.043511152267456055 7
0.04856610298156738 8
0.052005767822265625 10
0.057949066162109375 12
0.06153678894042969 14
0.06530165672302246 16
0.0711820125579834 17
0.07499194145202637 20
0.07954955101013184 22
0.08522915840148926 24
0.09089088439941406 26
0.0946805477142334 28
0.10139060020446777 33
0.10744285583496094 36
0.1110222339630127 37
0.11475944519042969 40
0.12113285064697266 43
0.12503886222839355 46
0.12955904006958008 49
0.13323688507080078 50
0.13762378692626953 54
0.143463134765625 57
0.14792180061340332 60
0.15149259567260742 62
0.15525341033935547 65
0.15977120399475098 67
0.16544771194458008 71
0.1700115203857422 74
0.17374944686889648 76
0.1780719757080078 79
0.18160510063171387 81
0.18761825561523438 85
0.19121861457824707 88
0.19501376152038574 90
0.200150728225708 93
0.20389509201049805 97
0.20991301536560059 100
0.21371936798095703 102
0.21808218955993652 106
0.22396016120910645 109
0.2285323143005371 112
0.23198604583740234 114
0.23603200912475586 117
0.24012255668640137 121
0.24675464630126953 124
0.25057077407836914 127
0.2540857791900635 130
0.25896549224853516 132
0.264667272567749 136
0.2693624496459961 139
0.2731187343597412 142
0.2775247097015381 146
0.2810783386230469 147
0.28690028190612793 152
0.29072022438049316 154
0.294238805770874 157
0.3008904457092285 161
0.30467987060546875 164
0.30918049812316895 167
0.31278252601623535 169
0.31722283363342285 172
0.3260517120361328 179
0.3307673931121826 182
0.33425450325012207 185
0.3411283493041992 189
0.34493088722229004 193
0.3495900630950928 196
0.3532590866088867 197
0.3576655387878418 201
0.363480806350708 206
0.3677706718444824 208
0.371351957321167 211
0.37508106231689453 214
0.3795490264892578 217
0.3852043151855469 221
0.3898582458496094 224
0.39360547065734863 226
0.39793848991394043 229
0.401475191116333 232
0.4075191020965576 236
0.41113781929016113 238
0.4149501323699951 242
0.42133450508117676 246
0.4250977039337158 249
0.429546594619751 252
0.4332301616668701 253
0.4376063346862793 257
0.4434685707092285 261
0.44791460037231445 264
0.4514586925506592 267
0.4551994800567627 270
0.45984458923339844 272
0.4654724597930908 277
0.4699702262878418 280
0.4737250804901123 282
0.47802019119262695 285
0.48159360885620117 288
0.48763275146484375 292
0.4912843704223633 295
0.49504542350769043 299
0.5012965202331543 302
0.5050859451293945 305
0.5096888542175293 308
0.5134046077728271 309
0.5177338123321533 314
0.523554801940918 317
0.5278534889221191 320
0.5314369201660156 323
0.535186767578125 326
0.5396623611450195 330
0.5452792644500732 333
0.5497732162475586 336
0.5535197257995605 338
0.5577826499938965 341
0.5636484622955322 345
0.568115234375 348
0.5716772079467773 351
0.5754232406616211 354
0.5799441337585449 356
0.5859518051147461 361
0.590247631072998 364
0.5939979553222656 366
0.5985689163208008 369
0.601994514465332 372
0.6079277992248535 376
0.6114530563354492 379
0.6152069568634033 382
0.6215775012969971 386
0.6253447532653809 389
0.629997730255127 392
0.6337387561798096 394
0.6380293369293213 397
0.6438329219818115 402
0.6481709480285645 404
0.6517157554626465 407
0.6554386615753174 410
0.659904956817627 412
0.6655163764953613 417
0.670001745223999 420
0.6737475395202637 422
0.6781759262084961 425
0.681727409362793 428
0.6878974437713623 432
0.6914577484130859 435
0.6952097415924072 439
0.701439380645752 442
0.70517897605896 445
0.7097342014312744 448
0.7134444713592529 450
0.7179000377655029 458
0.7281033992767334 460
0.7316370010375977 463
0.735421895980835 466
0.7400236129760742 469
0.7437665462493896 473
0.7498981952667236 476
0.7536230087280273 479
0.7598531246185303 483
0.7636182308197021 486
0.7679235935211182 488
0.7714545726776123 491
0.775209903717041 494
0.7815320491790771 498
0.7853200435638428 501
0.7898225784301758 504
0.7936611175537109 507
0.7979681491851807 510
0.8037352561950684 514
0.8081848621368408 516
0.811730146408081 519
0.81545090675354 522
0.8199367523193359 525
0.8255348205566406 529
0.8300225734710693 532
0.8337602615356445 535
0.8380584716796875 538
0.8416125774383545 542
0.8485982418060303 544
0.852041482925415 548
0.8560194969177246 550
0.8601477146148682 553
0.8638796806335449 557
0.8698904514312744 560
0.8736166954040527 563
0.8779439926147461 567
0.8837621212005615 570
0.8881044387817383 573
0.8916375637054443 576
0.8953828811645508 578
0.8998503684997559 582
0.9054827690124512 585
0.9100451469421387 588
0.9138002395629883 591
0.9181797504425049 594
0.9217369556427002 598
0.9287209510803223 601
0.9322211742401123 604
0.9367125034332275 606
0.9402692317962646 609
0.9440393447875977 613
0.9498569965362549 616
0.9536023139953613 619
0.9579219818115234 623
0.9637551307678223 626
0.9680726528167725 629
0.971616268157959 632
0.9769027233123779 634
0.9828824996948242 638
0.9875662326812744 643
0.9911394119262695 644
0.9949214458465576 648
0.9994204044342041 652
