0 0 
0.0031151771545410156 0
0.006644487380981445 0
0.010338783264160156 0
0.016202211380004883 0
0.020397663116455078 0
0.024680137634277344 1
0.028205394744873047 2
0.03872990608215332 2
0.04332590103149414 3
0.04725241661071777 4
0.05072736740112305 4
0.0574951171875 6
0.061277151107788086 6
0.07115483283996582 9
0.0756523609161377 10
0.0792233943939209 10
0.08398866653442383 12
0.08971881866455078 13
0.09501171112060547 15
0.10335731506347656 17
0.1075894832611084 18
0.1113431453704834 20
0.11605644226074219 22
0.1217343807220459 23
0.1262502670288086 24
0.13009905815124512 25
0.13444137573242188 26
0.1380453109741211 28
0.14461016654968262 30
0.14816069602966309 31
0.15190601348876953 32
0.15657877922058105 33
0.1603565216064453 35
0.1662287712097168 36
0.16997456550598145 38
0.17630887031555176 40
0.1800839900970459 41
0.18439722061157227 42
0.18795466423034668 44
0.19171881675720215 45
0.19808626174926758 47
0.20185589790344238 48
0.20634222030639648 50
0.2100968360900879 51
0.214616060256958 52
0.22041535377502441 54
0.22504043579101562 56
0.22850799560546875 57
0.23251891136169434 58
0.2370140552520752 60
0.24341249465942383 62
0.24721026420593262 63
0.25072455406188965 64
0.25544214248657227 66
0.25910115242004395 67
0.2647275924682617 69
0.26828932762145996 70
0.2724919319152832 72
0.27802467346191406 74
0.28180742263793945 75
0.2862718105316162 77
0.29192304611206055 78
0.2964603900909424 80
0.3002166748046875 81
0.30449533462524414 83
0.31032562255859375 85
0.31464529037475586 86
0.3182194232940674 88
0.32195210456848145 89
0.3264303207397461 90
0.33251023292541504 92
0.33676671981811523 94
0.34060001373291016 95
0.34520983695983887 96
0.3487520217895508 98
0.3545851707458496 100
0.3581550121307373 101
0.3619089126586914 102
0.36864495277404785 104
0.373152494430542 106
0.37671875953674316 107
0.38048648834228516 109
0.3850724697113037 110
0.39064788818359375 112
0.39557743072509766 114
0.39917635917663574 115
0.4034602642059326 116
0.40726447105407715 118
0.41391634941101074 120
0.41754865646362305 121
0.42132139205932617 123
0.42583203315734863 124
0.42942023277282715 125
0.43909406661987305 128
0.4434080123901367 130
0.4493734836578369 132
0.45419859886169434 134
0.45776891708374023 136
0.46152830123901367 137
0.46614623069763184 138
0.47177863121032715 140
0.47634267807006836 142
0.48007726669311523 143
0.48439598083496094 144
0.4879295825958252 146
0.49413585662841797 148
0.4977996349334717 149
0.5015702247619629 151
0.5079128742218018 153
0.5116851329803467 154
0.516343355178833 156
0.5200810432434082 157
0.5243921279907227 158
0.5301456451416016 160
0.53444504737854 162
0.5379588603973389 163
0.5432260036468506 164
0.5467638969421387 166
0.5533699989318848 168
0.5571856498718262 169
0.5607089996337891 171
0.5652847290039062 172
0.5699212551116943 174
0.5759739875793457 176
0.5796115398406982 177
0.5840404033660889 180
0.5899503231048584 181
0.5942366123199463 182
0.5977957248687744 184
0.6015610694885254 185
0.6060302257537842 187
0.6116509437561035 188
0.6161644458770752 190
0.6198928356170654 190
0.6243863105773926 193
0.6279397010803223 195
0.6346361637115479 196
0.6381964683532715 198
0.6419515609741211 199
0.6464390754699707 200
0.6524665355682373 202
0.65657639503479 204
0.660322904586792 205
0.6646194458007812 206
0.6681680679321289 208
0.6742193698883057 210
0.6777999401092529 211
0.6815581321716309 213
0.687999963760376 215
0.6917762756347656 216
0.6964130401611328 218
0.7001781463623047 219
0.7044491767883301 220
0.7102317810058594 222
0.7145524024963379 224
0.7180914878845215 225
0.7218098640441895 226
0.726266622543335 228
0.731926679611206 230
0.7364113330841064 231
0.740135908126831 233
0.7444174289703369 234
0.7479455471038818 236
0.7541847229003906 238
0.7577569484710693 239
0.7615129947662354 240
0.7678835391998291 242
0.7716975212097168 244
0.776158332824707 245
0.7798991203308105 246
0.7842192649841309 248
0.7900590896606445 250
0.7943785190582275 251
0.798041820526123 252
0.8017902374267578 254
0.8062546253204346 256
0.8118932247161865 258
0.8165409564971924 259
0.8202755451202393 260
0.8245837688446045 262
0.8281195163726807 264
0.838263750076294 266
0.8424344062805176 268
0.8466746807098389 269
0.8504142761230469 270
0.8562874794006348 272
0.8600685596466064 274
0.8645412921905518 275
0.87032151222229 278
0.8750638961791992 279
0.8784942626953125 280
0.8824982643127441 282
0.8867442607879639 283
0.8933370113372803 285
0.8971316814422607 286
0.9006955623626709 288
0.9052903652191162 289
0.9110605716705322 291
0.9156055450439453 292
0.9191884994506836 294
0.9234557151794434 295
0.9273502826690674 297
0.9331412315368652 299
0.9371287822723389 300
0.9406237602233887 302
0.9472641944885254 304
0.9510319232940674 305
0.9554886817932129 306
0.9591579437255859 308
0.9634644985198975 309
0.969264030456543 311
0.973785400390625 312
0.9773712158203125 314
0.9811487197875977 315
0.9856622219085693 317
0.99135422706604 320
0.9960734844207764 321
0.9997525215148926 322
