0 0 
0.002421140670776367 0
0.007066965103149414 0
0.012714624404907227 0
0.017419815063476562 -1
0.021269798278808594 -1
0.02604055404663086 -2
0.03160381317138672 -3
0.036306142807006836 -4
0.04002881050109863 -5
0.04430794715881348 -7
0.04833984375 -8
0.05495738983154297 -11
0.05855512619018555 -12
0.06229352951049805 -15
0.06677460670471191 -15
0.07050704956054688 -17
0.07655477523803711 -20
0.08015775680541992 -22
0.08461213111877441 -25
0.09029078483581543 -28
0.09478187561035156 -31
0.09836173057556152 -33
0.1021113395690918 -35
0.10680270195007324 -40
0.11245560646057129 -43
0.11717629432678223 -45
0.12093424797058105 -48
0.12525558471679688 -51
0.13105368614196777 -55
0.13535523414611816 -57
0.1389634609222412 -60
0.14270639419555664 -63
0.1472010612487793 -66
0.15284371376037598 -70
0.15734243392944336 -73
0.16114234924316406 -76
0.16564369201660156 -79
0.16934823989868164 -82
0.17526030540466309 -86
0.17882132530212402 -89
0.18256473541259766 -92
0.18893861770629883 -97
0.1927177906036377 -100
0.19722938537597656 -103
0.20096707344055176 -106
0.20528864860534668 -109
0.21117472648620605 -113
0.2155139446258545 -120
0.22333621978759766 -123
0.2279500961303711 -126
0.23147273063659668 -131
0.2375037670135498 -134
0.2412581443786621 -137
0.2481520175933838 -142
0.25197839736938477 -145
0.2564818859100342 -148
0.26009297370910645 -151
0.26458311080932617 -155
0.27030134201049805 -159
0.2748293876647949 -164
0.2784309387207031 -165
0.2821977138519287 -171
0.28687596321105957 -173
0.2925095558166504 -179
0.29703211784362793 -181
0.30078625679016113 -185
0.3051130771636963 -188
0.3087184429168701 -191
0.3148043155670166 -196
0.31838297843933105 -197
0.32215189933776855 -201
0.3285226821899414 -206
0.33241915702819824 -211
0.3369734287261963 -214
0.3407628536224365 -215
0.3452622890472412 -220
0.3510627746582031 -225
0.35536885261535645 -228
0.35893750190734863 -231
0.3626713752746582 -235
0.36717772483825684 -239
0.3728034496307373 -243
0.3774540424346924 -246
0.3812136650085449 -249
0.3854975700378418 -253
0.3890712261199951 -257
0.3959336280822754 -261
0.3993978500366211 -264
0.40401339530944824 -267
0.4079897403717041 -271
0.4115135669708252 -275
0.4174227714538574 -279
0.4211723804473877 -282
0.42549562454223633 -287
0.43135857582092285 -290
0.43595051765441895 -293
0.4394717216491699 -296
0.44393324851989746 -300
0.4475061893463135 -305
0.45412707328796387 -308
0.45795321464538574 -311
0.4614722728729248 -314
0.46634888648986816 -317
0.4720585346221924 -322
0.47661399841308594 -325
0.48017454147338867 -329
0.4847698211669922 -334
0.4883861541748047 -335
0.4942312240600586 -340
0.4980647563934326 -343
0.5015947818756104 -347
0.5074992179870605 -351
0.511289119720459 -355
0.5155999660491943 -358
0.5225298404693604 -365
0.527207612991333 -368
0.5309405326843262 -371
0.5352637767791748 -375
0.5388507843017578 -379
0.5454792976379395 -383
0.5490562915802002 -386
0.552804708480835 -389
0.5572464466094971 -393
0.5609972476959229 -397
0.5668866634368896 -401
0.5705745220184326 -402
0.5765795707702637 -407
0.5801956653594971 -410
0.584869384765625 -415
0.590592622756958 -418
0.595024824142456 -423
0.5985920429229736 -427
0.6023654937744141 -430
0.6068580150604248 -433
0.6124918460845947 -438
0.6170339584350586 -443
0.6254651546478271 -448
0.6290223598480225 -451
0.6327910423278809 -456
0.638688325881958 -459
0.6424484252929688 -463
0.649040699005127 -467
0.6528232097625732 -471
0.6572830677032471 -474
0.6610267162322998 -477
0.6653296947479248 -480
0.6711533069610596 -485
0.6755075454711914 -489
0.6791739463806152 -492
0.6833608150482178 -495
0.6874756813049316 -498
0.6940939426422119 -503
0.6976175308227539 -506
0.701397180557251 -509
0.7061381340026855 -513
0.7099032402038574 -516
0.715491771697998 -521
0.7190465927124023 -524
0.7228028774261475 -527
0.7291595935821533 -532
0.7333364486694336 -535
0.7374458312988281 -539
0.7411913871765137 -542
0.7454807758331299 -545
0.7513031959533691 -550
0.7556278705596924 -553
0.7591824531555176 -557
0.7633366584777832 -560
0.7676413059234619 -563
0.7720768451690674 -567
0.7765457630157471 -570
0.7801468372344971 -573
0.7845981121063232 -576
0.7882983684539795 -580
0.7920589447021484 -583
0.7965567111968994 -586
0.8010745048522949 -591
0.8054838180541992 -594
0.8090493679046631 -597
0.8128032684326172 -601
0.8172879219055176 -604
0.8210227489471436 -607
0.8255162239074707 -611
0.8290741443634033 -614
0.8328258991241455 -617
0.8373003005981445 -620
0.8410544395446777 -623
0.8453598022460938 -627
0.8489370346069336 -630
0.8546617031097412 -633
0.8582451343536377 -637
0.8619976043701172 -640
0.866480827331543 -643
0.8700616359710693 -646
0.874337911605835 -650
0.8781120777130127 -653
0.881615161895752 -656
0.8865277767181396 -659
0.8901171684265137 -663
0.8947346210479736 -667
0.8983664512634277 -669
0.9033937454223633 -674
0.907503604888916 -677
0.9112553596496582 -681
0.9155545234680176 -684
0.9191055297851562 -687
0.9228520393371582 -691
0.927344799041748 -694
0.9310817718505859 -697
0.9353525638580322 -700
0.9389462471008301 -703
0.9427282810211182 -707
0.9474284648895264 -710
0.9511721134185791 -713
0.9567279815673828 -717
0.9603300094604492 -720
0.9648318290710449 -725
0.9684438705444336 -726
0.9721863269805908 -731
0.9766995906829834 -733
0.9802935123443604 -736
0.9847593307495117 -739
0.9883582592010498 -743
0.9921164512634277 -746
0.9966368675231934 -749
