0 0 
0.002398252487182617 0
0.007030487060546875 0
0.012038230895996094 0
0.016712427139282227 0
0.020434856414794922 -1
0.025127649307250977 -2
0.030958175659179688 -3
0.035289764404296875 -4
0.03891324996948242 -4
0.04266643524169922 -6
0.047384023666381836 -8
0.05689096450805664 -10
0.06140637397766113 -12
0.06624412536621094 -13
0.06989383697509766 -14
0.07476234436035156 -17
0.08068227767944336 -19
0.08517742156982422 -21
0.08872866630554199 -23
0.09398126602172852 -25
0.09776115417480469 -26
0.10417461395263672 -30
0.10817313194274902 -32
0.1119694709777832 -34
0.11649441719055176 -36
0.1201620101928711 -37
0.12617135047912598 -40
0.12984728813171387 -42
0.13414430618286133 -45
0.14005661010742188 -48
0.1447582244873047 -51
0.14832258224487305 -52
0.1520853042602539 -56
0.1565842628479004 -57
0.16222667694091797 -61
0.16699624061584473 -64
0.1707746982574463 -66
0.1750795841217041 -68
0.17865514755249023 -71
0.1852564811706543 -74
0.1888258457183838 -76
0.19255900382995605 -78
0.19701123237609863 -80
0.2007887363433838 -84
0.20667457580566406 -86
0.2103409767150879 -88
0.2167508602142334 -92
0.22040486335754395 -94
0.2249755859375 -97
0.22858452796936035 -99
0.23233866691589355 -102
0.23871898651123047 -105
0.24250388145446777 -108
0.24698519706726074 -110
0.2507340908050537 -112
0.2550227642059326 -115
0.26091814041137695 -118
0.2652442455291748 -121
0.26886439323425293 -123
0.27263855934143066 -126
0.277296781539917 -128
0.2838435173034668 -132
0.28785109519958496 -134
0.29137492179870605 -136
0.2959785461425781 -139
0.2994859218597412 -141
0.30536484718322754 -145
0.308931827545166 -147
0.3126652240753174 -150
0.31927037239074707 -154
0.3232896327972412 -156
0.3274233341217041 -158
0.3312492370605469 -161
0.3380451202392578 -164
0.3418443202972412 -167
0.3465847969055176 -169
0.3501737117767334 -172
0.35469913482666016 -175
0.36043667793273926 -178
0.3648507595062256 -181
0.3684673309326172 -182
0.3722341060638428 -186
0.37674713134765625 -188
0.3823564052581787 -192
0.3868684768676758 -195
0.39064788818359375 -196
0.3949859142303467 -200
0.3985607624053955 -202
0.4048922061920166 -206
0.4084928035736084 -208
0.41226887702941895 -210
0.41863489151000977 -214
0.4224262237548828 -216
0.4269382953643799 -219
0.4306972026824951 -222
0.4350254535675049 -224
0.4408531188964844 -228
0.4451775550842285 -230
0.44873809814453125 -232
0.4524881839752197 -236
0.4608004093170166 -241
0.4669191837310791 -244
0.47066593170166016 -246
0.4751582145690918 -250
0.4809882640838623 -252
0.485454797744751 -254
0.4892561435699463 -257
0.49326491355895996 -259
0.4973607063293457 -263
0.5038981437683105 -265
0.5074641704559326 -268
0.5112447738647461 -270
0.5158472061157227 -273
0.5192933082580566 -276
0.5263562202453613 -279
0.5299546718597412 -281
0.5346031188964844 -284
0.5382394790649414 -286
0.5440595149993896 -290
0.5479326248168945 -292
0.5514755249023438 -294
0.5581400394439697 -298
0.5619449615478516 -301
0.5664212703704834 -303
0.5700168609619141 -306
0.5745148658752441 -308
0.580233097076416 -312
0.5849347114562988 -315
0.5885007381439209 -318
0.5922484397888184 -320
0.5967426300048828 -324
0.602423906326294 -326
0.6069304943084717 -329
0.6106836795806885 -331
0.614997148513794 -334
0.6185433864593506 -337
0.625150203704834 -340
0.6287038326263428 -342
0.6324739456176758 -344
0.6369988918304443 -347
0.6407692432403564 -351
0.6468079090118408 -353
0.6504926681518555 -354
0.6548848152160645 -359
0.6607379913330078 -362
0.6652319431304932 -364
0.6688084602355957 -366
0.6725575923919678 -369
0.677119255065918 -372
0.6827430725097656 -375
0.6872391700744629 -377
0.6910288333892822 -380
0.6953532695770264 -382
0.6988961696624756 -386
0.7059273719787598 -388
0.7094454765319824 -391
0.7139327526092529 -393
0.7174925804138184 -396
0.7213013172149658 -399
0.7271387577056885 -402
0.730888843536377 -404
0.7351779937744141 -408
0.7409863471984863 -410
0.7453022003173828 -413
0.7488658428192139 -415
0.7526743412017822 -418
0.7571423053741455 -421
0.7627766132354736 -424
0.7674424648284912 -426
0.7712140083312988 -429
0.775524377822876 -431
0.7813117504119873 -435
0.7859091758728027 -437
0.7897472381591797 -440
0.7940413951873779 -442
0.7980105876922607 -444
0.8046162128448486 -448
0.8082568645477295 -450
0.8120217323303223 -453
0.8165085315704346 -456
0.8200809955596924 -458
0.8262290954589844 -462
0.8298907279968262 -464
0.8341596126556396 -466
0.840038537979126 -470
0.8444888591766357 -472
0.8480978012084961 -475
0.8518402576446533 -477
0.8622229099273682 -485
0.8668899536132812 -487
0.8706395626068115 -488
0.8751523494720459 -492
0.8787126541137695 -494
0.8850212097167969 -498
0.8886334896087646 -500
0.8924477100372314 -503
0.8988182544708252 -507
0.9025905132293701 -509
0.9070603847503662 -512
0.9108383655548096 -514
0.9151654243469238 -516
0.9210085868835449 -520
0.925527811050415 -522
0.9290709495544434 -525
0.9332008361816406 -528
0.9373087882995605 -530
0.9410691261291504 -532
0.945519208908081 -535
0.9490599632263184 -537
0.9532361030578613 -540
0.9573493003845215 -542
0.9611024856567383 -544
0.9654009342193604 -547
0.9689691066741943 -549
0.9746856689453125 -553
0.9782934188842773 -554
0.9820947647094727 -558
0.9866435527801514 -559
0.9902441501617432 -562
0.994748592376709 -565
0.9983217716217041 -566
