0 0 
0.003293752670288086 0
0.008478164672851562 0
0.012841224670410156 0
0.016380786895751953 1
0.02018141746520996 1
0.026570796966552734 2
0.030341625213623047 3
0.03478693962097168 5
0.03846335411071777 5
0.04305696487426758 7
0.04883861541748047 9
0.05334138870239258 11
0.05692124366760254 13
0.06068539619445801 15
0.06517148017883301 17
0.0707864761352539 19
0.07535362243652344 22
0.07910013198852539 24
0.08340597152709961 27
0.08699202537536621 29
0.09305930137634277 33
0.09664559364318848 35
0.10042691230773926 38
0.10553264617919922 41
0.10929107666015625 45
0.11526012420654297 47
0.11902213096618652 51
0.12337541580200195 55
0.1291942596435547 58
0.133500337600708 61
0.1370530128479004 64
0.14118695259094238 67
0.14533138275146484 71
0.1518847942352295 75
0.15544557571411133 78
0.15929794311523438 81
0.1641697883605957 84
0.16984081268310547 89
0.17444252967834473 92
0.17801833152770996 95
0.18264198303222656 99
0.1862640380859375 102
0.19208407402038574 107
0.19592595100402832 111
0.19946575164794922 114
0.20605111122131348 119
0.2098400592803955 122
0.21427369117736816 126
0.2179272174835205 129
0.22223424911499023 133
0.22838878631591797 138
0.23284506797790527 143
0.23643159866333008 145
0.240217924118042 150
0.2446916103363037 155
0.2503540515899658 159
0.2548072338104248 162
0.25846099853515625 164
0.26290297508239746 169
0.2664830684661865 175
0.2731051445007324 178
0.2766721248626709 181
0.28046751022338867 185
0.2851226329803467 189
0.2888631820678711 194
0.2947275638580322 197
0.29839348793029785 199
0.30280542373657227 207
0.30867862701416016 210
0.31319141387939453 213
0.3167383670806885 217
0.32048892974853516 221
0.3269538879394531 226
0.3307301998138428 230
0.3352091312408447 233
0.3389608860015869 237
0.34644055366516113 242
0.35338854789733887 249
0.35695958137512207 253
0.3607022762298584 257
0.36743879318237305 262
0.3719635009765625 265
0.37592387199401855 269
0.3794567584991455 273
0.38416433334350586 277
0.3898947238922119 282
0.39438486099243164 285
0.39797139167785645 289
0.4027090072631836 295
0.40630674362182617 296
0.4129326343536377 303
0.41649794578552246 307
0.42026495933532715 311
0.4247560501098633 314
0.42839765548706055 316
0.43436503410339355 321
0.4379458427429199 325
0.44222331047058105 331
0.4473757743835449 334
0.45127201080322266 338
0.4553682804107666 343
0.46199965476989746 347
0.4659714698791504 351
0.4694809913635254 354
0.4741671085357666 358
0.47986626625061035 363
0.4845280647277832 367
0.48813748359680176 371
0.492647647857666 374
0.49624037742614746 378
0.5020725727081299 383
0.505882740020752 387
0.5093753337860107 391
0.5159146785736084 396
0.5194900035858154 399
0.5244035720825195 403
0.5279736518859863 407
0.532245397567749 411
0.5381026268005371 416
0.5426135063171387 420
0.5462291240692139 423
0.5500011444091797 427
0.554481029510498 431
0.5600991249084473 438
0.5646100044250488 439
0.5681660175323486 443
0.5728850364685059 449
0.576493501663208 454
0.5832767486572266 458
0.58685302734375 461
0.5905790328979492 465
0.5950241088867188 469
0.5987658500671387 472
0.6047070026397705 478
0.6083765029907227 479
0.6129946708679199 485
0.6188123226165771 491
0.6231522560119629 494
0.6267087459564209 498
0.6304531097412109 501
0.6349778175354004 505
0.6406104564666748 511
0.6452469825744629 514
0.6490066051483154 518
0.6542556285858154 521
0.6578958034515381 525
0.6635172367095947 531
0.6670675277709961 534
0.6713070869445801 538
0.6774754524230957 543
0.6819989681243896 547
0.6855442523956299 551
0.6893103122711182 554
0.6938936710357666 558
0.6994626522064209 563
0.704420804977417 567
0.708003044128418 571
0.712479829788208 574
0.7181096076965332 580
0.7226648330688477 583
0.7262454032897949 587
0.7300140857696533 591
0.7345190048217773 594
0.7401514053344727 603
0.7483992576599121 607
0.752938985824585 613
0.7565021514892578 616
0.7602577209472656 620
0.7668666839599609 625
0.7706465721130371 629
0.7752904891967773 633
0.779052734375 636
0.7833573818206787 640
0.7892234325408936 645
0.7937884330749512 649
0.7972373962402344 653
0.8012440204620361 656
0.805368185043335 660
0.8118996620178223 665
0.8154540061950684 669
0.8192102909088135 673
0.8239424228668213 676
0.8274288177490234 680
0.8334343433380127 685
0.8370034694671631 689
0.8407468795776367 695
0.8469893932342529 698
0.8507275581359863 702
0.8552334308624268 705
0.8589730262756348 709
0.8632903099060059 715
0.8690924644470215 718
0.8733835220336914 722
0.8769204616546631 725
0.8806681632995605 729
0.8852899074554443 735
0.8912782669067383 738
0.8953769207000732 742
0.8991267681121826 745
0.9034132957458496 749
0.9091758728027344 755
0.9138443470001221 758
0.9172914028167725 762
0.9213216304779053 765
0.9254086017608643 769
0.9319820404052734 775
0.9357867240905762 778
0.939312219619751 782
0.9440360069274902 785
0.9475460052490234 789
0.9533579349517822 795
0.956895112991333 798
0.9606466293334961 804
0.9665536880493164 807
0.9703223705291748 811
0.9747850894927979 817
0.9804627895355225 820
0.9849281311035156 824
0.9886770248413086 827
0.9930059909820557 831
0.996575117111206 837
