0 0 
0.006696939468383789 0
0.01119375228881836 0
0.01473236083984375 0
0.018419981002807617 0
0.023343801498413086 2
0.03000640869140625 2
0.03427934646606445 3
0.03854227066040039 5
0.04311966896057129 7
0.04871058464050293 8
0.053400516510009766 10
0.057187795639038086 12
0.06153535842895508 13
0.06506824493408203 16
0.07163429260253906 18
0.07520389556884766 20
0.07940840721130371 23
0.08350992202758789 25
0.08729839324951172 29
0.09317636489868164 32
0.09692215919494629 34
0.1031498908996582 38
0.10690736770629883 41
0.11134099960327148 44
0.11494922637939453 46
0.11881256103515625 50
0.12517714500427246 54
0.12894320487976074 57
0.1336209774017334 60
0.13737177848815918 63
0.14170241355895996 66
0.14752793312072754 71
0.15212225914001465 74
0.15566086769104004 77
0.16017794609069824 80
0.16609477996826172 86
0.17082858085632324 90
0.17446565628051758 92
0.17824387550354004 97
0.1827707290649414 99
0.1884174346923828 106
0.1929490566253662 109
0.19659662246704102 111
0.20103073120117188 116
0.2046346664428711 118
0.21068882942199707 123
0.2143571376800537 126
0.21810364723205566 130
0.22448968887329102 136
0.22831201553344727 141
0.23303556442260742 144
0.2368159294128418 146
0.24115443229675293 152
0.2469956874847412 157
0.2513713836669922 160
0.25493383407592773 164
0.2587008476257324 168
0.2634000778198242 171
0.2700049877166748 177
0.27356839179992676 180
0.2773144245147705 184
0.2816169261932373 188
0.28514647483825684 191
0.29134297370910645 197
0.29489898681640625 200
0.29866576194763184 204
0.30504751205444336 210
0.30883288383483887 214
0.31331920623779297 217
0.31708574295043945 221
0.3213973045349121 224
0.32717251777648926 230
0.33157992362976074 234
0.33514904975891113 238
0.3388993740081787 241
0.3433866500854492 247
0.35280370712280273 252
0.3576314449310303 258
0.3625187873840332 262
0.3661038875579834 265
0.3709380626678467 271
0.3766942024230957 275
0.38124775886535645 280
0.38483762741088867 284
0.38862037658691406 288
0.39326000213623047 292
0.3989377021789551 297
0.40343737602233887 301
0.4072737693786621 304
0.4119701385498047 308
0.41541218757629395 312
0.4213385581970215 318
0.42487287521362305 321
0.428652286529541 325
0.43501734733581543 331
0.4387505054473877 334
0.4431929588317871 338
0.4469635486602783 342
0.451279878616333 346
0.4571042060852051 351
0.46141815185546875 355
0.46500301361083984 359
0.46875524520874023 362
0.4734041690826416 366
0.47946953773498535 372
0.48355841636657715 376
0.48737525939941406 380
0.4919428825378418 383
0.49538421630859375 387
0.5013031959533691 393
0.5048620700836182 396
0.5086045265197754 402
0.5148708820343018 406
0.5186395645141602 410
0.5232822895050049 413
0.5270028114318848 417
0.5314874649047852 423
0.5372927188873291 426
0.5415914058685303 430
0.5451362133026123 434
0.5488884449005127 438
0.5533556938171387 444
0.558976411819458 447
0.5634229183197021 451
0.5671768188476562 455
0.5714972019195557 458
0.5751020908355713 464
0.5816996097564697 468
0.5852301120758057 472
0.589348316192627 475
0.5936291217803955 479
0.5973882675170898 485
0.6032164096832275 488
0.6070020198822021 492
0.6132528781890869 498
0.6170036792755127 502
0.6213226318359375 506
0.6248807907104492 509
0.628629207611084 513
0.6349749565124512 519
0.6387379169464111 522
0.6431946754455566 526
0.6469709873199463 530
0.6514623165130615 534
0.6572484970092773 540
0.6615581512451172 543
0.665130615234375 547
0.6688787937164307 551
0.6734523773193359 556
0.6799912452697754 560
0.6835556030273438 564
0.6873147487640381 568
0.6916389465332031 572
0.6952269077301025 577
0.7020308971405029 581
0.7054722309112549 584
0.7094669342041016 588
0.7137072086334229 592
0.7174777984619141 598
0.7233352661132812 602
0.7270708084106445 606
0.7313635349273682 611
0.7371611595153809 615
0.7414329051971436 618
0.7450206279754639 622
0.7487516403198242 628
0.7588827610015869 636
0.763606071472168 639
0.7673418521881104 643
0.7721843719482422 647
0.7756872177124023 650
0.7820427417755127 656
0.7855658531188965 660
0.7901358604431152 664
0.796011209487915 670
0.8002829551696777 673
0.8040666580200195 677
0.8076000213623047 681
0.8121891021728516 684
0.8179473876953125 690
0.8225126266479492 694
0.8261017799377441 698
0.830371618270874 702
0.8343150615692139 705
0.8409237861633301 713
0.8444714546203613 715
0.8482272624969482 720
0.8527357578277588 722
0.856297492980957 726
0.8621814250946045 732
0.8659369945526123 736
0.8701939582824707 739
0.8760392665863037 745
0.880333662033081 748
0.8841354846954346 752
0.8876407146453857 756
0.8944025039672852 762
0.898190975189209 766
0.9027013778686523 769
0.9062492847442627 773
0.9109067916870117 779
0.9168403148651123 784
0.9211831092834473 788
0.9247949123382568 792
0.9285337924957275 796
0.933011531829834 800
0.9386317729949951 805
0.9431228637695312 809
0.9468591213226318 813
0.9513494968414307 816
0.9549033641815186 820
0.9609696865081787 826
0.9645311832427979 828
0.9682910442352295 834
0.9746966361999512 839
0.978489875793457 843
0.9829943180084229 847
0.9866793155670166 848
0.9910557270050049 854
0.9968595504760742 860
