0 0 
0.0024051666259765625 0
0.007059335708618164 0
0.01210641860961914 -1
0.016841411590576172 -1
0.020704030990600586 -1
0.025446653366088867 -1
0.031245946884155273 -1
0.03558659553527832 -2
0.03936028480529785 -3
0.0433650016784668 -3
0.0474247932434082 -4
0.05396389961242676 -4
0.057540178298950195 -5
0.06131434440612793 -6
0.06585240364074707 -6
0.06931614875793457 -7
0.07640838623046875 -8
0.07998251914978027 -9
0.08428263664245605 -10
0.0880894660949707 -11
0.09158778190612793 -12
0.09747815132141113 -13
0.10125374794006348 -14
0.10556459426879883 -15
0.11140275001525879 -16
0.11606431007385254 -17
0.11959147453308105 -18
0.12412261962890625 -19
0.1299889087677002 -20
0.1346721649169922 -21
0.1383039951324463 -22
0.14206600189208984 -23
0.1465599536895752 -24
0.15223169326782227 -27
0.16096186637878418 -29
0.1655406951904297 -29
0.1690835952758789 -31
0.17281699180603027 -32
0.17874503135681152 -33
0.1825394630432129 -34
0.1871638298034668 -36
0.1927793025970459 -37
0.197418212890625 -38
0.20116376876831055 -39
0.20545649528503418 -40
0.20902633666992188 -41
0.2159128189086914 -43
0.2193605899810791 -43
0.22333431243896484 -45
0.2274322509765625 -46
0.2311873435974121 -47
0.23705196380615234 -49
0.24081158638000488 -49
0.2470417022705078 -51
0.250809907913208 -52
0.2552316188812256 -53
0.25877881050109863 -55
0.26253342628479004 -55
0.26896119117736816 -57
0.27274250984191895 -58
0.27724385261535645 -59
0.28098249435424805 -61
0.28545212745666504 -61
0.2912557125091553 -63
0.2955667972564697 -64
0.29913997650146484 -65
0.3032517433166504 -66
0.3073608875274658 -67
0.3139219284057617 -69
0.317915678024292 -70
0.32140398025512695 -71
0.3260056972503662 -72
0.32981157302856445 -73
0.3354475498199463 -75
0.33901166915893555 -76
0.34276294708251953 -77
0.34914064407348633 -79
0.35329723358154297 -80
0.3574233055114746 -81
0.36118197441101074 -82
0.3654770851135254 -84
0.3713350296020508 -85
0.37605953216552734 -86
0.3795914649963379 -87
0.3841078281402588 -88
0.38988447189331055 -90
0.39423632621765137 -91
0.39803194999694824 -92
0.40183067321777344 -93
0.40629029273986816 -94
0.4119865894317627 -96
0.4167814254760742 -97
0.4204578399658203 -98
0.42485904693603516 -100
0.42842984199523926 -100
0.4342806339263916 -102
0.43829917907714844 -103
0.44205164909362793 -104
0.4484262466430664 -106
0.4522256851196289 -107
0.4567277431488037 -108
0.4604346752166748 -109
0.4648408889770508 -111
0.47055768966674805 -112
0.47501373291015625 -113
0.4785580635070801 -115
0.48238563537597656 -115
0.48688578605651855 -117
0.49254608154296875 -118
0.4972047805786133 -119
0.5009851455688477 -121
0.505307674407959 -121
0.5088727474212646 -123
0.5154545307159424 -125
0.5190105438232422 -125
0.5227556228637695 -127
0.5272443294525146 -128
0.5310218334197998 -129
0.536884069442749 -130
0.5405433177947998 -131
0.5451033115386963 -133
0.5509190559387207 -134
0.5587828159332275 -137
0.5625696182250977 -137
0.5671770572662354 -139
0.5709242820739746 -140
0.5770237445831299 -141
0.5807700157165527 -143
0.5866568088531494 -143
0.5902788639068604 -145
0.5947959423065186 -146
0.6004979610443115 -147
0.6049304008483887 -149
0.6085464954376221 -150
0.6123130321502686 -151
0.6169853210449219 -153
0.6226389408111572 -154
0.6271157264709473 -155
0.6308979988098145 -156
0.6352477073669434 -157
0.6387896537780762 -159
0.6453943252563477 -160
0.6489520072937012 -161
0.6527297496795654 -162
0.6572146415710449 -163
0.660975456237793 -165
0.6673805713653564 -166
0.6711606979370117 -167
0.6780903339385986 -169
0.6818850040435791 -170
0.6863198280334473 -171
0.689978837966919 -172
0.6942546367645264 -173
0.7000694274902344 -175
0.7046642303466797 -176
0.7082767486572266 -177
0.7120282649993896 -178
0.7165215015411377 -179
0.7221817970275879 -181
0.7267329692840576 -182
0.730443000793457 -183
0.7349984645843506 -185
0.7385876178741455 -186
0.7447066307067871 -187
0.7483141422271729 -188
0.75494384765625 -190
0.758530855178833 -191
0.7623112201690674 -192
0.7668492794036865 -193
0.77048659324646 -194
0.7764301300048828 -195
0.7800395488739014 -197
0.7845189571380615 -198
0.7904543876647949 -199
0.7950477600097656 -201
0.798612117767334 -202
0.8023502826690674 -203
0.8070127964019775 -205
0.8126652240753174 -206
0.8171708583831787 -207
0.8209118843078613 -208
0.8252449035644531 -209
0.8288125991821289 -211
0.8353884220123291 -212
0.8389418125152588 -213
0.8426685333251953 -214
0.8472034931182861 -215
0.8509507179260254 -217
0.8569862842559814 -218
0.860731840133667 -219
0.8650312423706055 -221
0.8708605766296387 -222
0.8752365112304688 -223
0.8788130283355713 -224
0.8825843334197998 -225
0.8870947360992432 -227
0.8927421569824219 -228
0.897219181060791 -229
0.900965690612793 -230
0.9053010940551758 -231
0.9111514091491699 -233
0.9160189628601074 -234
0.919550895690918 -235
0.9240360260009766 -236
0.9275949001312256 -237
0.9342381954193115 -239
0.9382178783416748 -240
0.9419782161712646 -241
0.9465000629425049 -242
0.9501094818115234 -243
0.9599895477294922 -246
0.964292049407959 -247
0.9682378768920898 -248
0.9751584529876709 -250
0.9787392616271973 -251
0.9825215339660645 -253
0.9871652126312256 -253
0.9909541606903076 -255
0.9968678951263428 -256
