0 0 
0.002853870391845703 0
0.007445096969604492 0
0.010951519012451172 0
0.0151824951171875 0
0.022369384765625 1
0.032088279724121094 2
0.03829765319824219 3
0.04431438446044922 3
0.04885387420654297 4
0.05520343780517578 5
0.060028076171875 6
0.06377148628234863 7
0.0717778205871582 8
0.07603788375854492 9
0.08186101913452148 10
0.08635449409484863 11
0.08998608589172363 12
0.09375715255737305 13
0.09829401969909668 14
0.10432767868041992 15
0.10884523391723633 16
0.11235785484313965 17
0.11692190170288086 18
0.12044548988342285 19
0.1272718906402588 20
0.13100910186767578 21
0.13549351692199707 22
0.13910174369812012 24
0.14429521560668945 25
0.14889264106750488 26
0.15242671966552734 27
0.15914201736450195 29
0.162949800491333 30
0.16743016242980957 31
0.17101025581359863 32
0.17555689811706543 33
0.18124747276306152 35
0.18579697608947754 36
0.189375638961792 37
0.1931302547454834 38
0.19762039184570312 39
0.20325732231140137 41
0.20791339874267578 42
0.21167874336242676 43
0.21602964401245117 44
0.2196183204650879 46
0.22622251510620117 47
0.22978997230529785 48
0.2335376739501953 50
0.23819875717163086 51
0.24194812774658203 52
0.24782800674438477 54
0.2515244483947754 54
0.25589466094970703 56
0.2617638111114502 58
0.2661902904510498 58
0.2697486877441406 60
0.2735283374786377 61
0.2780323028564453 62
0.28368115425109863 64
0.2881748676300049 65
0.2919032573699951 66
0.2962014675140381 67
0.299727201461792 69
0.30628108978271484 70
0.3098752498626709 71
0.31360530853271484 72
0.3180661201477051 73
0.32181310653686523 75
0.3278462886810303 76
0.3315589427947998 77
0.3379194736480713 79
0.34174346923828125 80
0.34607529640197754 81
0.34966421127319336 82
0.35344552993774414 84
0.3598325252532959 85
0.36362648010253906 86
0.36828112602233887 88
0.372051477432251 88
0.37641406059265137 90
0.382213830947876 92
0.3869473934173584 92
0.39046764373779297 94
0.3949313163757324 95
0.3984687328338623 96
0.4050908088684082 98
0.4088611602783203 99
0.4124419689178467 100
0.4170114994049072 101
0.42055296897888184 102
0.4299948215484619 105
0.4337637424468994 106
0.43839287757873535 108
0.4449920654296875 109
0.44907593727111816 110
0.45257091522216797 111
0.45749807357788086 112
0.46312546730041504 115
0.4676969051361084 115
0.4712562561035156 116
0.47577881813049316 118
0.47935009002685547 119
0.48517823219299316 120
0.4890162944793701 122
0.4925203323364258 123
0.4993901252746582 124
0.5031759738922119 126
0.5078482627868652 127
0.5115337371826172 128
0.515897274017334 130
0.5217244625091553 131
0.5260398387908936 132
0.5296247005462646 134
0.5333757400512695 135
0.5378432273864746 136
0.5434877872467041 138
0.5479788780212402 139
0.5516924858093262 139
0.5560352802276611 141
0.5596075057983398 142
0.566368818283081 144
0.5699150562286377 145
0.5736536979675293 146
0.5781209468841553 147
0.5818617343902588 149
0.5877764225006104 150
0.5914309024810791 150
0.5958285331726074 153
0.601647138595581 154
0.6059801578521729 155
0.6095452308654785 156
0.6132872104644775 158
0.6177811622619629 159
0.6233835220336914 160
0.6280367374420166 162
0.6317756175994873 162
0.6360433101654053 164
0.639594316482544 165
0.6461284160614014 166
0.6497054100036621 168
0.6534736156463623 169
0.6579532623291016 170
0.6635746955871582 172
0.6680500507354736 173
0.6717910766601562 174
0.676105260848999 175
0.6796882152557373 176
0.686016321182251 178
0.6896078586578369 179
0.6933460235595703 180
0.6996970176696777 182
0.7034809589385986 183
0.7080473899841309 184
0.7118000984191895 185
0.7160787582397461 186
0.7218954563140869 188
0.7262265682220459 189
0.729762077331543 190
0.7334926128387451 192
0.7379837036132812 193
0.7436025142669678 194
0.748215913772583 196
0.7519650459289551 197
0.7570850849151611 198
0.760817289352417 199
0.7664096355438232 201
0.7699630260467529 202
0.7752220630645752 203
0.7810957431793213 205
0.7855768203735352 206
0.7891635894775391 207
0.7929434776306152 208
0.7975666522979736 209
0.8031938076019287 212
0.8078486919403076 213
0.8115336894989014 213
0.8159034252166748 215
0.8195226192474365 217
0.8297090530395508 219
0.8335227966308594 220
0.8381402492523193 221
0.8418676853179932 222
0.8468048572540283 224
0.8523714542388916 225
0.8572256565093994 226
0.8608682155609131 228
0.8651418685913086 229
0.8691093921661377 230
0.875706672668457 232
0.8792839050292969 233
0.8830468654632568 234
0.8877136707305908 236
0.8913838863372803 236
0.897294282913208 238
0.9009292125701904 239
0.9052338600158691 240
0.9111068248748779 242
0.9156239032745361 243
0.9192192554473877 244
0.922950267791748 245
0.9277453422546387 248
0.9333946704864502 249
0.9378254413604736 250
0.9414975643157959 250
0.9458901882171631 252
0.9517178535461426 254
0.9560451507568359 255
0.9596405029296875 256
0.9634313583374023 257
0.9679243564605713 258
0.973581075668335 260
0.9780519008636475 261
0.981827974319458 262
0.9862427711486816 264
0.9898016452789307 264
0.9958713054656982 266
0.9994866847991943 267
