0 0 
0.0024023056030273438 0
0.007492780685424805 0
0.011904001235961914 0
0.015497922897338867 0
0.020017385482788086 -1
0.025936603546142578 -2
0.030307292938232422 -3
0.03386354446411133 -4
0.03766226768493652 -5
0.04213404655456543 -6
0.0477752685546875 -8
0.052503108978271484 -10
0.05625510215759277 -12
0.060582876205444336 -14
0.06414079666137695 -15
0.07017946243286133 -18
0.07382988929748535 -20
0.07758140563964844 -22
0.08395195007324219 -26
0.08774161338806152 -28
0.09220671653747559 -31
0.09598135948181152 -33
0.1003117561340332 -36
0.10610556602478027 -40
0.11056733131408691 -42
0.11422586441040039 -45
0.1183784008026123 -48
0.1226346492767334 -52
0.12920212745666504 -55
0.13301944732666016 -58
0.13651657104492188 -61
0.1436455249786377 -66
0.15346264839172363 -72
0.15727448463439941 -77
0.1622323989868164 -82
0.16912460327148438 -85
0.17383670806884766 -90
0.17976617813110352 -94
0.18390297889709473 -98
0.18999814987182617 -102
0.1938796043395996 -106
0.19764399528503418 -109
0.2040262222290039 -114
0.2078232765197754 -117
0.21230340003967285 -120
0.22043085098266602 -127
0.2241194248199463 -130
0.23040294647216797 -135
0.23398685455322266 -138
0.23775172233581543 -144
0.24366068840026855 -147
0.2474350929260254 -150
0.25217509269714355 -155
0.25934839248657227 -159
0.2631394863128662 -162
0.2666501998901367 -166
0.27135419845581055 -169
0.27707743644714355 -174
0.2816600799560547 -178
0.28523945808410645 -181
0.2899014949798584 -186
0.2934837341308594 -188
0.2993283271789551 -193
0.3031322956085205 -196
0.3066520690917969 -200
0.31331372261047363 -205
0.3171048164367676 -208
0.32164597511291504 -212
0.3252270221710205 -215
0.32973504066467285 -218
0.3353726863861084 -224
0.3398897647857666 -229
0.3435487747192383 -230
0.34734153747558594 -236
0.3520162105560303 -241
0.35768938064575195 -244
0.36218976974487305 -248
0.36598920822143555 -251
0.37032151222229004 -254
0.3738682270050049 -260
0.3805992603302002 -263
0.3841695785522461 -267
0.38791847229003906 -270
0.392413854598999 -274
0.39617061614990234 -279
0.4022040367126465 -282
0.405961275100708 -286
0.41057395935058594 -289
0.4158618450164795 -294
0.421947717666626 -300
0.425584077835083 -301
0.430009126663208 -308
0.43584513664245605 -312
0.4401681423187256 -315
0.44377565383911133 -319
0.44754743576049805 -322
0.45208168029785156 -327
0.45769643783569336 -331
0.4623372554779053 -334
0.4660944938659668 -338
0.47055482864379883 -341
0.476348876953125 -346
0.4806661605834961 -350
0.4842264652252197 -353
0.48837733268737793 -357
0.49251365661621094 -360
0.4992189407348633 -366
0.503007173538208 -369
0.5065288543701172 -372
0.5115060806274414 -376
0.5151073932647705 -379
0.5209882259368896 -385
0.5244479179382324 -388
0.5284490585327148 -392
0.5350444316864014 -397
0.539374589920044 -400
0.5431647300720215 -404
0.5466718673706055 -407
0.5513625144958496 -411
0.5571000576019287 -416
0.5615901947021484 -420
0.565183162689209 -423
0.5696752071380615 -426
0.5732653141021729 -430
0.5798835754394531 -437
0.5834622383117676 -438
0.587315559387207 -444
0.5919671058654785 -447
0.595672607421875 -449
0.601658821105957 -454
0.6052322387695312 -458
0.6097357273101807 -461
0.6155257225036621 -466
0.6226818561553955 -475
0.6274640560150146 -478
0.6320846080780029 -482
0.6377365589141846 -487
0.6425018310546875 -491
0.6462860107421875 -494
0.651170015335083 -498
0.6549007892608643 -501
0.6596026420593262 -504
0.6653094291687012 -510
0.6698060035705566 -513
0.6734604835510254 -517
0.6772341728210449 -522
0.6817951202392578 -524
0.6874847412109375 -531
0.6920561790466309 -534
0.6958234310150146 -538
0.7001464366912842 -541
0.7070462703704834 -546
0.7117750644683838 -550
0.7153692245483398 -553
0.7198741436004639 -558
0.7234411239624023 -560
0.729266881942749 -566
0.73307204246521 -569
0.7366225719451904 -572
0.7432689666748047 -578
0.7470924854278564 -581
0.7516014575958252 -585
0.7551875114440918 -588
0.7596786022186279 -592
0.763634443283081 -597
0.7674534320831299 -600
0.7721178531646729 -604
0.7758862972259521 -607
0.7801692485809326 -611
0.7837579250335693 -614
0.7875096797943115 -618
0.7919700145721436 -621
0.7966182231903076 -625
0.8015000820159912 -628
0.8051056861877441 -632
0.8093841075897217 -635
0.813178539276123 -638
0.8166747093200684 -642
0.8213691711425781 -646
0.8250548839569092 -649
0.829369306564331 -652
0.8333187103271484 -656
0.8370780944824219 -660
0.841562032699585 -663
0.8461294174194336 -668
0.8504366874694824 -672
0.8540425300598145 -675
0.8578228950500488 -679
0.8622925281524658 -682
0.8660328388214111 -686
0.8703615665435791 -689
0.8739194869995117 -692
0.877676248550415 -696
0.8821661472320557 -700
0.885913610458374 -703
0.8903400897979736 -706
0.89389967918396 -710
0.899376630783081 -714
0.9033432006835938 -717
0.9071133136749268 -720
0.9116034507751465 -724
0.9153172969818115 -727
0.9197962284088135 -731
0.9234044551849365 -734
0.9271745681762695 -738
0.9316701889038086 -741
0.9352407455444336 -745
0.939767599105835 -748
0.9433543682098389 -752
0.9479014873504639 -757
0.9525420665740967 -760
0.9563171863555908 -764
0.9606287479400635 -767
0.9641962051391602 -771
0.968390941619873 -774
0.972463846206665 -778
0.9762294292449951 -781
0.980510950088501 -785
0.9840457439422607 -788
0.987828254699707 -792
0.9922711849212646 -795
0.9960646629333496 -799
