0 0 
0.0033025741577148438 0
0.008530139923095703 0
0.012954235076904297 0
0.01650094985961914 -1
0.020331859588623047 -1
0.026737689971923828 -2
0.030521154403686523 -3
0.035219430923461914 -4
0.03904366493225098 -4
0.04334115982055664 -6
0.04912853240966797 -7
0.053429365158081055 -8
0.057016849517822266 -9
0.06075406074523926 -10
0.06523513793945312 -12
0.0712900161743164 -14
0.0754542350769043 -16
0.07920503616333008 -17
0.08350729942321777 -18
0.08707809448242188 -20
0.09331107139587402 -22
0.09687447547912598 -24
0.10058927536010742 -27
0.10683441162109375 -28
0.11058378219604492 -30
0.11514496803283691 -32
0.11889314651489258 -34
0.12336468696594238 -36
0.12917804718017578 -38
0.13351917266845703 -40
0.13707375526428223 -42
0.14082789421081543 -44
0.14533352851867676 -47
0.15186858177185059 -49
0.15585851669311523 -51
0.159437894821167 -53
0.16405487060546875 -55
0.16756057739257812 -58
0.17436528205871582 -60
0.17795753479003906 -62
0.18222308158874512 -64
0.18602252006530762 -66
0.18952083587646484 -70
0.19537901878356934 -72
0.19914817810058594 -74
0.20347976684570312 -77
0.20940089225769043 -79
0.21427011489868164 -81
0.21792268753051758 -83
0.2222156524658203 -85
0.22803306579589844 -88
0.2325878143310547 -90
0.23615789413452148 -92
0.23989295959472656 -95
0.24499893188476562 -98
0.25066518783569336 -101
0.2553834915161133 -103
0.25917911529541016 -105
0.26381635665893555 -108
0.2672727108001709 -110
0.2733285427093506 -113
0.27687764167785645 -115
0.2806203365325928 -117
0.2869527339935303 -120
0.29073333740234375 -122
0.2951974868774414 -125
0.298933744430542 -127
0.303203821182251 -130
0.30901598930358887 -132
0.31329941749572754 -134
0.3168623447418213 -136
0.3221752643585205 -139
0.3280963897705078 -142
0.3352365493774414 -146
0.3402867317199707 -150
0.34494829177856445 -152
0.3486814498901367 -153
0.35340166091918945 -156
0.3592038154602051 -159
0.363938570022583 -162
0.36743736267089844 -164
0.3719000816345215 -166
0.3754897117614746 -168
0.38210463523864746 -171
0.3860652446746826 -174
0.38979339599609375 -176
0.39449214935302734 -178
0.39807844161987305 -180
0.40407276153564453 -183
0.40781068801879883 -186
0.41206932067871094 -188
0.41793346405029297 -191
0.42221617698669434 -193
0.42601776123046875 -195
0.42951321601867676 -198
0.43422794342041016 -200
0.4399433135986328 -203
0.44443607330322266 -205
0.44801998138427734 -207
0.4526374340057373 -210
0.45838117599487305 -213
0.462841272354126 -216
0.4664006233215332 -217
0.47016382217407227 -220
0.4747135639190674 -222
0.48035526275634766 -226
0.48494863510131836 -228
0.4887080192565918 -230
0.4930307865142822 -232
0.4965999126434326 -234
0.5026295185089111 -237
0.5062403678894043 -239
0.5099897384643555 -241
0.5163345336914062 -244
0.520158052444458 -248
0.5248112678527832 -250
0.5284721851348877 -251
0.5339596271514893 -254
0.5395116806030273 -258
0.5444467067718506 -260
0.5480496883392334 -262
0.5525479316711426 -264
0.5561301708221436 -266
0.5627362728118896 -270
0.5663204193115234 -272
0.5700972080230713 -275
0.5748276710510254 -277
0.5785477161407471 -278
0.5845146179199219 -282
0.588090181350708 -284
0.5945107936859131 -287
0.5981082916259766 -289
0.6026132106781006 -291
0.6062304973602295 -294
0.6099631786346436 -296
0.6163527965545654 -299
0.6201550960540771 -302
0.6246907711029053 -303
0.6283700466156006 -306
0.6329326629638672 -309
0.6387808322906494 -312
0.6432783603668213 -314
0.6468534469604492 -316
0.6505997180938721 -319
0.6550681591033936 -321
0.6607277393341064 -324
0.6652431488037109 -326
0.6689863204956055 -328
0.6733949184417725 -331
0.676926851272583 -333
0.6829674243927002 -336
0.6865310668945312 -338
0.690291166305542 -340
0.6962268352508545 -343
0.699979305267334 -345
0.7044401168823242 -347
0.7100930213928223 -351
0.7146313190460205 -352
0.718214750289917 -355
0.7226898670196533 -358
0.7262749671936035 -359
0.7354795932769775 -364
0.7402727603912354 -368
0.7449226379394531 -370
0.7486989498138428 -372
0.7545950412750244 -374
0.758181095123291 -376
0.7628095149993896 -381
0.7686672210693359 -382
0.7731781005859375 -385
0.7767448425292969 -388
0.7805182933807373 -390
0.7849783897399902 -393
0.7907402515411377 -395
0.7952003479003906 -397
0.7989423274993896 -400
0.8032448291778564 -402
0.8068063259124756 -405
0.8135652542114258 -407
0.817251443862915 -409
0.821239709854126 -412
0.8253045082092285 -414
0.8290238380432129 -417
0.8349225521087646 -419
0.8386616706848145 -420
0.8429725170135498 -424
0.8487937450408936 -427
0.853135347366333 -429
0.8566756248474121 -431
0.860450029373169 -433
0.8668289184570312 -437
0.8706085681915283 -439
0.8752293586730957 -441
0.8789925575256348 -443
0.8832762241363525 -445
0.8891046047210693 -448
0.8934488296508789 -451
0.8969979286193848 -453
0.9007472991943359 -455
0.9053955078125 -458
0.9119646549224854 -461
0.9158649444580078 -463
0.9193789958953857 -465
0.9239621162414551 -467
0.9274754524230957 -469
0.9334790706634521 -473
0.9370286464691162 -475
0.9407780170440674 -477
0.9472568035125732 -480
0.9512951374053955 -482
0.9553847312927246 -485
0.9591519832611084 -487
0.9634695053100586 -489
0.9692628383636475 -492
0.9738504886627197 -494
0.9773027896881104 -497
0.981865644454956 -499
0.9854283332824707 -502
0.9919769763946533 -504
0.99595046043396 -506
0.9994571208953857 -509
