0 0 
0.002230405807495117 0
0.0059278011322021484 0
0.01051640510559082 0
0.01413273811340332 1
0.020536422729492188 2
0.024277448654174805 2
0.02883172035217285 4
0.03460073471069336 5
0.038979291915893555 6
0.04253220558166504 8
0.04627871513366699 9
0.05099320411682129 12
0.057546377182006836 14
0.061101675033569336 16
0.06488656997680664 18
0.06943488121032715 20
0.07300257682800293 23
0.07997536659240723 26
0.08357405662536621 28
0.08783578872680664 30
0.09181523323059082 33
0.09759950637817383 37
0.10114312171936035 39
0.10491776466369629 42
0.11151766777038574 46
0.11591768264770508 51
0.12047553062438965 54
0.12422323226928711 55
0.1285419464111328 60
0.13436317443847656 64
0.1387159824371338 67
0.14226627349853516 70
0.14603090286254883 74
0.1507112979888916 76
0.15631699562072754 81
0.16088294982910156 84
0.16465115547180176 88
0.16897201538085938 91
0.17253541946411133 94
0.17874455451965332 99
0.18232226371765137 103
0.18607258796691895 106
0.1924142837524414 111
0.19618940353393555 114
0.20066428184509277 118
0.204420804977417 122
0.20894217491149902 125
0.21778440475463867 132
0.2237999439239502 137
0.22850394248962402 142
0.23208141326904297 144
0.23585081100463867 149
0.24048566818237305 153
0.2461698055267334 158
0.2506887912750244 162
0.2544424533843994 165
0.25875163078308105 168
0.26230859756469727 172
0.2686147689819336 178
0.27220702171325684 181
0.27594637870788574 185
0.2823638916015625 190
0.2861349582672119 194
0.2906303405761719 197
0.2943587303161621 201
0.2986278533935547 204
0.3044772148132324 210
0.3089766502380371 214
0.3125264644622803 217
0.3162705898284912 220
0.32073974609375 224
0.32635927200317383 230
0.3311131000518799 233
0.33489418029785156 237
0.3394954204559326 240
0.3429839611053467 244
0.348813533782959 250
0.3523435592651367 253
0.3560826778411865 257
0.3624544143676758 262
0.36623430252075195 266
0.37073779106140137 270
0.3744781017303467 273
0.37877774238586426 277
0.38457512855529785 282
0.38904809951782227 286
0.3925905227661133 290
0.39634156227111816 293
0.4009120464324951 299
0.4074578285217285 302
0.4110105037689209 306
0.41509294509887695 310
0.4197688102722168 314
0.42549777030944824 319
0.430377721786499 324
0.43399643898010254 326
0.4385721683502197 332
0.44213294982910156 336
0.4458591938018799 339
0.4507153034210205 344
0.4563460350036621 348
0.4608340263366699 352
0.46455883979797363 356
0.46884679794311523 359
0.47468113899230957 365
0.47899580001831055 368
0.48269081115722656 372
0.48681211471557617 376
0.49092674255371094 380
0.4974861145019531 385
0.5010414123535156 388
0.5047855377197266 392
0.5095388889312744 396
0.5130288600921631 400
0.5188450813293457 405
0.5224223136901855 409
0.5261666774749756 412
0.5324900150299072 418
0.5362586975097656 422
0.5407266616821289 426
0.5444741249084473 429
0.5487923622131348 433
0.5545597076416016 438
0.5588433742523193 442
0.5623726844787598 446
0.5661180019378662 449
0.5708820819854736 453
0.5768826007843018 458
0.5809590816497803 462
0.5846967697143555 466
0.5889794826507568 470
0.5925178527832031 473
0.5985763072967529 479
0.6021218299865723 482
0.6058528423309326 488
0.6121125221252441 495
0.6204092502593994 499
0.6240994930267334 501
0.6287264823913574 506
0.6322920322418213 512
0.6390032768249512 516
0.6425685882568359 519
0.6463193893432617 523
0.6507718563079834 526
0.6545524597167969 532
0.6603744029998779 536
0.6640102863311768 538
0.6703169345855713 545
0.6740846633911133 547
0.6785018444061279 552
0.6821036338806152 556
0.6858642101287842 560
0.6917636394500732 564
0.6955296993255615 567
0.700181245803833 571
0.7058019638061523 578
0.7103309631347656 582
0.7139880657196045 584
0.7183763980865479 589
0.7219386100769043 591
0.7284824848175049 598
0.7320756912231445 600
0.7358479499816895 606
0.740365743637085 610
0.7440030574798584 611
0.7501189708709717 617
0.7536733150482178 620
0.7581565380096436 624
0.763800859451294 630
0.7682895660400391 635
0.7718603610992432 637
0.7755937576293945 641
0.781904935836792 646
0.78580641746521 652
0.7902841567993164 656
0.7939856052398682 657
0.7983913421630859 663
0.8040571212768555 666
0.808617115020752 672
0.8121709823608398 676
0.8159332275390625 680
0.8203837871551514 683
0.8259611129760742 689
0.8306450843811035 692
0.8344151973724365 696
0.8387255668640137 700
0.8422815799713135 704
0.8483054637908936 709
0.8518872261047363 711
0.8556795120239258 716
0.8620436191558838 720
0.8658242225646973 726
0.8704564571380615 729
0.8741414546966553 731
0.8785324096679688 736
0.8843557834625244 742
0.888636589050293 746
0.8922080993652344 750
0.895937442779541 753
0.9004366397857666 759
0.9060893058776855 762
0.910672664642334 766
0.9144654273986816 770
0.9187679290771484 774
0.9223051071166992 779
0.9290201663970947 783
0.9325757026672363 786
0.9363296031951904 790
0.9407894611358643 794
0.944549560546875 799
0.9503827095031738 803
0.9540400505065918 805
0.9599785804748535 810
0.9635887145996094 814
0.9680590629577637 818
0.9736616611480713 823
0.9781959056854248 827
0.9817891120910645 830
0.9855308532714844 834
0.9902117252349854 838
0.9958617687225342 845
