0 0 
0.002687692642211914 0
0.0074083805084228516 0
0.012405872344970703 0
0.01676321029663086 0
0.02040839195251465 0
0.02644944190979004 0
0.029855728149414062 0
0.033791542053222656 0
0.04001498222351074 0
0.04439711570739746 0
0.047928571701049805 0
0.05161237716674805 0
0.055910587310791016 0
0.061630964279174805 0
0.06592011451721191 0
0.06941747665405273 0
0.07317328453063965 0
0.07759356498718262 0
0.08316850662231445 0
0.0878150463104248 0
0.09150362014770508 0
0.09574007987976074 0
0.09923219680786133 0
0.10522127151489258 0
0.10876989364624023 0
0.11256885528564453 0
0.11893916130065918 0
0.12266993522644043 0
0.12726569175720215 0
0.13077569007873535 0
0.1351933479309082 0
0.14073419570922852 0
0.14543724060058594 0
0.1489725112915039 0
0.1526811122894287 0
0.15720772743225098 0
0.16280841827392578 0
0.16723203659057617 0
0.1707766056060791 0
0.1752147674560547 0
0.17873311042785645 0
0.1852860450744629 0
0.18877887725830078 0
0.19249343872070312 0
0.20078587532043457 0
0.20545434951782227 0
0.21130776405334473 0
0.215714693069458 0
0.21921515464782715 0
0.22289156913757324 0
0.22748732566833496 0
0.2330765724182129 0
0.23746109008789062 0
0.241074800491333 0
0.24538373947143555 0
0.24887943267822266 0
0.2556173801422119 0
0.2591366767883301 0
0.2628636360168457 0
0.26746249198913574 0
0.27106165885925293 0
0.27693700790405273 0
0.2804584503173828 0
0.28470730781555176 0
0.29051637649536133 0
0.2947390079498291 0
0.2984597682952881 0
0.3019115924835205 0
0.30642056465148926 0
0.3119223117828369 0
0.3164637088775635 0
0.3198518753051758 0
0.32384800910949707 0
0.3280460834503174 0
0.3345918655395508 0
0.33807849884033203 0
0.34179186820983887 0
0.3460872173309326 0
0.34958505630493164 0
0.35556721687316895 0
0.3590981960296631 0
0.36276888847351074 0
0.3689842224121094 0
0.3727264404296875 0
0.3771800994873047 0
0.3806936740875244 0
0.3852405548095703 0
0.39095354080200195 0
0.3954277038574219 0
0.398928165435791 0
0.402637243270874 0
0.407057523727417 0
0.4126265048980713 0
0.41704678535461426 0
0.4205341339111328 0
0.4247405529022217 0
0.4284510612487793 0
0.4347701072692871 0
0.43849730491638184 0
0.4419581890106201 0
0.44659876823425293 0
0.450070858001709 0
0.4558231830596924 0
0.45931077003479004 0
0.4630155563354492 0
0.46929049491882324 0
0.47307467460632324 0
0.47751927375793457 0
0.48119330406188965 0
0.4854612350463867 0
0.49122047424316406 0
0.4954988956451416 0
0.4989917278289795 0
0.5026934146881104 0
0.5072903633117676 0
0.5128579139709473 0
0.5174448490142822 0
0.521080493927002 0
0.5253891944885254 0
0.5288701057434082 0
0.5353689193725586 0
0.5388398170471191 0
0.5425043106079102 0
0.5469446182250977 0
0.5504276752471924 0
0.555950403213501 0
0.5594794750213623 0
0.5631704330444336 0
0.5690064430236816 0
0.572702169418335 0
0.5771493911743164 0
0.582709789276123 0
0.5871078968048096 0
0.5906031131744385 0
0.5976243019104004 0
0.6020505428314209 0
0.6079859733581543 0
0.6116678714752197 0
0.6160702705383301 0
0.6218359470367432 0
0.6266005039215088 0
0.6300323009490967 0
0.6344079971313477 0
0.6378939151763916 0
0.6438314914703369 0
0.6480128765106201 0
0.6516933441162109 0
0.6559228897094727 0
0.6594979763031006 0
0.6659960746765137 0
0.669471025466919 0
0.6731579303741455 0
0.6775808334350586 0
0.6831469535827637 0
0.6877236366271973 0
0.6914162635803223 0
0.6956813335418701 0
0.6998813152313232 0
0.7045106887817383 0
0.7080941200256348 0
0.7145922183990479 0
0.7180709838867188 0
0.7217919826507568 0
0.7260377407073975 0
0.7317726612091064 0
0.7360832691192627 0
0.7395827770233154 0
0.7432460784912109 0
0.7478485107421875 0
0.753821611404419 0
0.7578377723693848 0
0.761533260345459 0
0.7657604217529297 0
0.7693560123443604 0
0.775576114654541 0
0.7791364192962646 0
0.7856180667877197 0
0.7891156673431396 0
0.7927699089050293 0
0.7972080707550049 0
0.80069899559021 0
0.8067710399627686 0
0.8103213310241699 0
0.8145382404327393 0
0.8203380107879639 0
0.8245265483856201 0
0.8280143737792969 0
0.8316960334777832 0
0.8359479904174805 0
0.8409762382507324 0
0.8454611301422119 0
0.8494582176208496 0
0.8563616275787354 0
0.8596124649047852 0
0.8633019924163818 0
0.8679966926574707 0
0.8716855049133301 0
0.8774795532226562 0
0.881065845489502 0
0.8853707313537598 0
0.8910379409790039 0
0.8954935073852539 0
0.8990156650543213 0
0.9026937484741211 0
0.9072685241699219 0
0.9128198623657227 0
0.9172275066375732 0
0.9207229614257812 0
0.9253313541412354 0
0.9309954643249512 0
0.9353513717651367 0
0.938849925994873 0
0.9424998760223389 0
0.9469203948974609 0
0.9524614810943604 0
0.956925630569458 0
0.9604566097259521 0
0.964674711227417 0
0.9684059619903564 0
0.9718618392944336 0
0.9778077602386475 0
0.9815330505371094 0
0.9859445095062256 0
0.9917087554931641 0
0.9999649524688721 0
