0 0 
0.00260162353515625 0
0.007188558578491211 0
0.010641098022460938 0
0.015122413635253906 0
0.018605470657348633 0
0.022564411163330078 0
0.0268099308013916 0
0.0318453311920166 1
0.03658938407897949 2
0.042585134506225586 2
0.046651601791381836 3
0.050408363342285156 4
0.05808520317077637 5
0.06527280807495117 6
0.0708162784576416 7
0.07536530494689941 8
0.07910943031311035 8
0.08351492881774902 9
0.08820104598999023 11
0.09514021873474121 12
0.10144948959350586 13
0.10757017135620117 14
0.11435174942016602 16
0.12020349502563477 18
0.12536382675170898 18
0.1292107105255127 19
0.13521981239318848 21
0.13873004913330078 22
0.14465093612670898 23
0.1485745906829834 24
0.15257978439331055 25
0.15921831130981445 26
0.16351985931396484 28
0.16730499267578125 28
0.17081546783447266 30
0.1755962371826172 30
0.18129205703735352 32
0.18593931198120117 33
0.18955469131469727 34
0.19406437873840332 36
0.19762945175170898 36
0.20421552658081055 38
0.20779752731323242 39
0.21157050132751465 40
0.21610164642333984 41
0.21975040435791016 42
0.22574901580810547 43
0.22934341430664062 44
0.23433375358581543 46
0.23795819282531738 47
0.24417638778686523 48
0.24781513214111328 50
0.25158071517944336 51
0.25794172286987305 52
0.2617199420928955 53
0.2662069797515869 54
0.26993560791015625 55
0.27428293228149414 56
0.28016185760498047 58
0.284670352935791 59
0.2882192134857178 61
0.2966301441192627 62
0.30036067962646484 64
0.3055605888366699 64
0.3112645149230957 66
0.31590986251831055 67
0.3194882869720459 68
0.3239600658416748 69
0.3275468349456787 70
0.33414721488952637 72
0.3377203941345215 73
0.3414888381958008 74
0.3460383415222168 76
0.3496725559234619 76
0.35567784309387207 78
0.35929107666015625 79
0.3644256591796875 80
0.3679938316345215 81
0.37404894828796387 83
0.3776264190673828 84
0.3813772201538086 84
0.387728214263916 86
0.3915407657623291 88
0.3960144519805908 89
0.39957213401794434 89
0.40406179428100586 91
0.40978527069091797 92
0.4143662452697754 94
0.41802144050598145 94
0.4218027591705322 96
0.4264230728149414 97
0.43204474449157715 98
0.4365711212158203 99
0.44031262397766113 100
0.4445936679840088 102
0.44818758964538574 102
0.4542078971862793 104
0.45780086517333984 104
0.4615755081176758 106
0.4679069519042969 108
0.4716787338256836 109
0.4761488437652588 110
0.47981715202331543 110
0.48435211181640625 112
0.49017882347106934 114
0.49451351165771484 115
0.4981813430786133 116
0.5019092559814453 117
0.5063846111297607 118
0.5120086669921875 120
0.5164835453033447 120
0.5202081203460693 122
0.5245044231414795 122
0.5280299186706543 124
0.5345926284790039 125
0.5381674766540527 126
0.5418903827667236 128
0.5465524196624756 128
0.5502743721008301 130
0.5561003684997559 131
0.5597391128540039 132
0.564166784286499 134
0.5699863433837891 134
0.5743141174316406 136
0.5778746604919434 137
0.5816197395324707 138
0.5862157344818115 140
0.5918474197387695 141
0.5963549613952637 142
0.6000945568084717 143
0.6045091152191162 144
0.6102819442749023 145
0.614572286605835 146
0.6181457042694092 148
0.6219022274017334 148
0.6263542175292969 150
0.6319615840911865 151
0.6364636421203613 152
0.6401832103729248 153
0.6444931030273438 154
0.648040771484375 156
0.6541085243225098 157
0.6576478481292725 158
0.6614155769348145 159
0.6679270267486572 161
0.6717078685760498 162
0.6763575077056885 163
0.6801369190216064 164
0.6845250129699707 165
0.6946537494659424 168
0.6982197761535645 169
0.7019782066345215 170
0.7066235542297363 171
0.7103722095489502 172
0.716395378112793 174
0.7201204299926758 174
0.7246837615966797 176
0.7304739952087402 177
0.7347784042358398 178
0.7383480072021484 179
0.742072343826294 180
0.7465465068817139 182
0.7525613307952881 183
0.7566473484039307 184
0.7603981494903564 185
0.7647037506103516 186
0.7682578563690186 188
0.7748160362243652 189
0.778374433517456 190
0.782113790512085 191
0.7867989540100098 192
0.7905433177947998 194
0.7964019775390625 195
0.8002529144287109 196
0.805565357208252 197
0.8092191219329834 198
0.814821720123291 200
0.8183615207672119 200
0.8221089839935303 202
0.829775333404541 203
0.8341772556304932 205
0.8377418518066406 205
0.8415069580078125 207
0.8461761474609375 208
0.8532390594482422 210
0.8567821979522705 211
0.8605525493621826 212
0.8648543357849121 213
0.8684000968933105 214
0.8744378089904785 215
0.8780202865600586 216
0.8817739486694336 218
0.888103723526001 219
0.8918321132659912 220
0.8963038921356201 221
0.9000601768493652 222
0.9044866561889648 223
0.9102895259857178 225
0.9145779609680176 226
0.9181604385375977 227
0.9218804836273193 228
0.9264495372772217 229
0.9320762157440186 231
0.936765193939209 232
0.94051194190979 233
0.9447934627532959 234
0.948340892791748 235
0.9543724060058594 236
0.9579589366912842 238
0.9617249965667725 239
0.9668307304382324 240
0.9705870151519775 241
0.9764463901519775 242
0.980194091796875 244
0.98453688621521 245
0.9903180599212646 246
0.9946415424346924 247
0.9981768131256104 248
