0 0 
0.003160238265991211 0
0.006680488586425781 0
0.010372161865234375 0
0.01502680778503418 0
0.018827199935913086 0
0.026490211486816406 0
0.030214548110961914 1
0.039260149002075195 2
0.043617963790893555 2
0.048664093017578125 2
0.05305838584899902 3
0.05856800079345703 4
0.06493639945983887 5
0.06878924369812012 5
0.0732724666595459 6
0.0790855884552002 7
0.08504176139831543 8
0.08883261680603027 8
0.09311699867248535 9
0.09665465354919434 10
0.10394620895385742 11
0.10740900039672852 12
0.11140036582946777 12
0.11552119255065918 13
0.11927199363708496 14
0.12522006034851074 14
0.1289844512939453 15
0.13347911834716797 16
0.13930702209472656 17
0.14362549781799316 18
0.14718842506408691 19
0.15134596824645996 20
0.15545058250427246 20
0.1620180606842041 21
0.1659846305847168 22
0.1695692539215088 23
0.17415332794189453 24
0.17767858505249023 25
0.18449044227600098 26
0.18812203407287598 26
0.19277477264404297 28
0.1963958740234375 28
0.20218491554260254 29
0.20601296424865723 30
0.20953154563903809 31
0.21621251106262207 32
0.22010326385498047 33
0.22458291053771973 34
0.2281641960144043 34
0.23264217376708984 35
0.23829293251037598 36
0.2428429126739502 38
0.24639487266540527 38
0.25017309188842773 39
0.2548372745513916 41
0.26045989990234375 42
0.2649390697479248 42
0.26857948303222656 43
0.2730538845062256 44
0.27664661407470703 45
0.2832028865814209 46
0.2867774963378906 47
0.29055047035217285 48
0.29520606994628906 49
0.3035624027252197 50
0.309384822845459 51
0.31435561180114746 52
0.318035364151001 53
0.3222994804382324 54
0.32826757431030273 55
0.3328053951263428 56
0.33638501167297363 57
0.3402400016784668 58
0.3447422981262207 58
0.3503420352935791 60
0.35482120513916016 61
0.35849523544311523 61
0.3629279136657715 62
0.3664679527282715 63
0.37225866317749023 64
0.37624049186706543 65
0.37999773025512695 66
0.38626575469970703 67
0.39006614685058594 68
0.39545750617980957 69
0.3992636203765869 70
0.40355682373046875 71
0.40936827659606934 72
0.4139676094055176 72
0.4174034595489502 74
0.4214017391204834 74
0.4256296157836914 76
0.43219685554504395 76
0.4361710548400879 77
0.43965649604797363 78
0.44434428215026855 79
0.45003437995910645 80
0.45454955101013184 81
0.45812320709228516 82
0.46239256858825684 82
0.466172456741333 83
0.4696650505065918 84
0.47551393508911133 86
0.4792919158935547 86
0.4835934638977051 88
0.489391565322876 88
0.49431896209716797 89
0.49799132347106934 90
0.5022857189178467 91
0.5080597400665283 92
0.5123782157897949 93
0.5161736011505127 94
0.5196547508239746 94
0.524329423904419 95
0.5299849510192871 96
0.5345108509063721 97
0.5380775928497314 98
0.5423665046691895 99
0.5461611747741699 100
0.5528604984283447 102
0.556450605392456 102
0.5601894855499268 103
0.5647079944610596 104
0.5682766437530518 104
0.5741901397705078 106
0.5779197216033936 106
0.5822689533233643 107
0.5881578922271729 108
0.5926704406738281 109
0.5962622165679932 110
0.6000049114227295 111
0.6045055389404297 112
0.610140323638916 113
0.6148285865783691 114
0.6185102462768555 115
0.6229321956634521 116
0.628624677658081 117
0.6330244541168213 118
0.6366050243377686 118
0.6403703689575195 120
0.6448493003845215 120
0.6504688262939453 122
0.6550018787384033 122
0.6587648391723633 123
0.6630783081054688 124
0.6666378974914551 125
0.6728339195251465 126
0.6764202117919922 126
0.6803205013275146 128
0.6868479251861572 129
0.6906120777130127 130
0.6950633525848389 131
0.7034006118774414 132
0.7069873809814453 133
0.7131812572479248 134
0.7167730331420898 135
0.7205092906951904 136
0.7263622283935547 137
0.730130672454834 138
0.7348079681396484 138
0.7404811382293701 140
0.7449550628662109 141
0.7486310005187988 141
0.7530026435852051 142
0.7588295936584473 144
0.7631416320800781 145
0.7667193412780762 146
0.7704629898071289 146
0.7749307155609131 147
0.7805440425872803 148
0.7850441932678223 149
0.7888007164001465 150
0.7932775020599365 151
0.796952486038208 152
0.8030304908752441 153
0.806605339050293 153
0.8103647232055664 154
0.8168666362762451 156
0.8206315040588379 157
0.8251357078552246 158
0.8288600444793701 158
0.8331451416015625 159
0.8389408588409424 160
0.8432877063751221 161
0.8468341827392578 162
0.8506019115447998 163
0.8552627563476562 164
0.8609161376953125 165
0.8654108047485352 166
0.8691434860229492 166
0.8734695911407471 167
0.8770067691802979 168
0.8830981254577637 169
0.886646032333374 170
0.8903870582580566 172
0.8966834545135498 172
0.9004411697387695 173
0.9049091339111328 174
0.9085557460784912 174
0.9131560325622559 176
0.9189944267272949 177
0.9234263896942139 178
0.926976203918457 178
0.9307124614715576 179
0.9351706504821777 180
0.9408493041992188 181
0.9454987049102783 182
0.949237585067749 183
0.9535098075866699 184
0.9570603370666504 185
0.9636504650115967 186
0.9671902656555176 186
0.9713425636291504 187
0.9756157398223877 188
0.9793877601623535 190
0.9852654933929443 190
0.9890012741088867 191
0.9933149814605713 192
0.999164342880249 193
