0 0 
0.003259897232055664 0
0.008432149887084961 0
0.012759208679199219 0
0.016292333602905273 0
0.020070791244506836 0
0.026508331298828125 -1
0.030339717864990234 -1
0.03484201431274414 -2
0.038683414459228516 -2
0.04323387145996094 -2
0.04902005195617676 -4
0.05333590507507324 -4
0.0569005012512207 -5
0.060634613037109375 -6
0.06514382362365723 -6
0.07120561599731445 -8
0.07536864280700684 -8
0.07915759086608887 -9
0.08370423316955566 -10
0.08715510368347168 -11
0.09308409690856934 -12
0.0966651439666748 -13
0.10042095184326172 -14
0.1057898998260498 -15
0.10931611061096191 -17
0.1153101921081543 -18
0.11907482147216797 -20
0.12734103202819824 -22
0.13432526588439941 -23
0.13791799545288086 -24
0.14254403114318848 -25
0.14618277549743652 -26
0.15198802947998047 -28
0.15594720840454102 -29
0.15969562530517578 -30
0.1654338836669922 -32
0.16921424865722656 -33
0.17378759384155273 -34
0.17934536933898926 -36
0.18398284912109375 -37
0.18771052360534668 -38
0.19197344779968262 -39
0.195786714553833 -40
0.20217156410217285 -42
0.20596051216125488 -43
0.20972919464111328 -44
0.21429157257080078 -46
0.21788501739501953 -47
0.22391629219055176 -48
0.2274484634399414 -50
0.23390626907348633 -52
0.23769783973693848 -52
0.24198079109191895 -54
0.24578046798706055 -55
0.249312162399292 -56
0.2561209201812744 -58
0.25992417335510254 -59
0.2644641399383545 -60
0.268099308013916 -62
0.27255940437316895 -63
0.27817583084106445 -64
0.28289175033569336 -66
0.2864689826965332 -68
0.2902224063873291 -69
0.29469966888427734 -70
0.30040931701660156 -72
0.3049144744873047 -73
0.30866432189941406 -74
0.3129394054412842 -75
0.31649327278137207 -76
0.3225245475769043 -78
0.32616448402404785 -79
0.33057355880737305 -81
0.3369483947753906 -82
0.34069204330444336 -84
0.34535837173461914 -85
0.3491184711456299 -86
0.3534224033355713 -87
0.35925769805908203 -89
0.36383533477783203 -90
0.3673546314239502 -92
0.3718094825744629 -93
0.3753657341003418 -94
0.3819618225097656 -96
0.3859734535217285 -97
0.3897285461425781 -98
0.39417171478271484 -100
0.39989757537841797 -101
0.4046909809112549 -103
0.4083833694458008 -104
0.41280174255371094 -106
0.41640472412109375 -107
0.4224574565887451 -108
0.42606639862060547 -109
0.42983436584472656 -110
0.4361896514892578 -112
0.43999528884887695 -114
0.44457387924194336 -114
0.44826388359069824 -116
0.45268988609313965 -118
0.45841097831726074 -119
0.4629666805267334 -120
0.46656298637390137 -122
0.4703333377838135 -123
0.47486400604248047 -124
0.4804880619049072 -126
0.48503756523132324 -127
0.4888007640838623 -128
0.4931178092956543 -130
0.4966559410095215 -131
0.5026860237121582 -132
0.5062620639801025 -133
0.5100173950195312 -135
0.5151546001434326 -136
0.5189130306243896 -139
0.5271427631378174 -140
0.5342659950256348 -142
0.5378813743591309 -143
0.5425283908843994 -144
0.5483055114746094 -146
0.5528912544250488 -148
0.5565042495727539 -149
0.5602726936340332 -150
0.5647480487823486 -151
0.5703933238983154 -153
0.5749123096466064 -154
0.5787405967712402 -156
0.583242654800415 -157
0.5868117809295654 -158
0.5928902626037598 -160
0.5964653491973877 -161
0.6002175807952881 -162
0.6065988540649414 -164
0.6104075908660889 -165
0.6149313449859619 -166
0.6186995506286621 -168
0.6230161190032959 -170
0.6288323402404785 -171
0.6331448554992676 -172
0.6366932392120361 -173
0.6404361724853516 -174
0.6451599597930908 -176
0.6512033939361572 -177
0.6553106307983398 -178
0.6590585708618164 -180
0.6633775234222412 -181
0.6669301986694336 -183
0.6737725734710693 -184
0.6774086952209473 -185
0.6819288730621338 -186
0.6854550838470459 -188
0.6892216205596924 -190
0.6950690746307373 -191
0.6988043785095215 -192
0.7047319412231445 -194
0.7084417343139648 -194
0.7128522396087646 -196
0.7186970710754395 -198
0.7230575084686279 -199
0.7266285419464111 -200
0.7304179668426514 -202
0.734950065612793 -203
0.7406067848205566 -204
0.7450976371765137 -206
0.7488389015197754 -207
0.7531483173370361 -208
0.7567200660705566 -210
0.7629573345184326 -211
0.7665600776672363 -212
0.7703428268432617 -214
0.7762763500213623 -215
0.7800641059875488 -217
0.7846381664276123 -218
0.7904033660888672 -220
0.7948949337005615 -221
0.7986607551574707 -222
0.8029508590698242 -223
0.8065476417541504 -225
0.8131651878356934 -226
0.8167428970336914 -228
0.8205041885375977 -229
0.8251690864562988 -230
0.8289265632629395 -232
0.8348195552825928 -233
0.8385858535766602 -234
0.8448810577392578 -236
0.8486766815185547 -237
0.8529655933380127 -238
0.8565564155578613 -240
0.860318660736084 -241
0.8666751384735107 -243
0.8704514503479004 -244
0.8749649524688721 -245
0.8787329196929932 -246
0.8832335472106934 -248
0.8890163898468018 -249
0.8933441638946533 -250
0.8969109058380127 -252
0.900641918182373 -253
0.9053022861480713 -254
0.911931037902832 -256
0.9158358573913574 -257
0.9193873405456543 -258
0.9277539253234863 -261
0.9329028129577637 -263
0.9365019798278809 -264
0.942828893661499 -266
0.9464139938354492 -267
0.9501953125 -268
0.9567008018493652 -270
0.9605062007904053 -271
0.964954137802124 -272
0.9687111377716064 -274
0.9730367660522461 -275
0.9788470268249512 -276
0.9831712245941162 -278
0.9867539405822754 -279
0.9905517101287842 -280
0.9950401782989502 -281
