0 0 
0.002382993698120117 0
0.008217573165893555 -1
0.012224674224853516 -1
0.016005516052246094 -1
0.020586252212524414 -1
0.02624368667602539 -1
0.030751705169677734 -1
0.034332990646362305 -2
0.03914976119995117 -2
0.04276323318481445 -3
0.04881596565246582 -3
0.052382469177246094 -4
0.05615806579589844 -4
0.06257295608520508 -5
0.06636381149291992 -6
0.07085895538330078 -7
0.0745701789855957 -7
0.0789499282836914 -9
0.08477616310119629 -9
0.08908510208129883 -10
0.09263229370117188 -11
0.0964059829711914 -12
0.10106205940246582 -13
0.10668683052062988 -14
0.11116480827331543 -15
0.1149752140045166 -16
0.11929917335510254 -17
0.1228647232055664 -18
0.12949538230895996 -19
0.13307738304138184 -20
0.13682246208190918 -21
0.14146780967712402 -22
0.1452178955078125 -23
0.15109944343566895 -24
0.15485787391662598 -25
0.15943241119384766 -27
0.16525626182556152 -27
0.16957569122314453 -28
0.17313361167907715 -29
0.1768934726715088 -30
0.1813673973083496 -32
0.18793964385986328 -33
0.1914985179901123 -34
0.1952648162841797 -35
0.19957828521728516 -36
0.2031385898590088 -37
0.21005535125732422 -38
0.21358108520507812 -39
0.21813011169433594 -40
0.22209763526916504 -41
0.22559213638305664 -43
0.23146677017211914 -43
0.235213041305542 -45
0.2395021915435791 -46
0.24537181854248047 -47
0.24993658065795898 -48
0.2533993721008301 -49
0.2573873996734619 -50
0.2638406753540039 -52
0.26811766624450684 -53
0.27208971977233887 -54
0.2756068706512451 -55
0.280498743057251 -56
0.2861149311065674 -57
0.2941453456878662 -59
0.298830509185791 -61
0.3024284839630127 -61
0.30617547035217285 -63
0.31104397773742676 -64
0.31670117378234863 -65
0.3213326930999756 -66
0.32508397102355957 -67
0.3294997215270996 -68
0.3330652713775635 -70
0.340090274810791 -71
0.34360170364379883 -72
0.34810686111450195 -73
0.35189318656921387 -74
0.35541391372680664 -75
0.3612809181213379 -77
0.3650321960449219 -77
0.36932921409606934 -79
0.3751974105834961 -80
0.3794829845428467 -81
0.38302040100097656 -82
0.38676929473876953 -83
0.3933274745941162 -85
0.39734888076782227 -86
0.4019742012023926 -87
0.40549254417419434 -88
0.41008949279785156 -89
0.4156181812286377 -90
0.4203348159790039 -91
0.4239928722381592 -92
0.42825841903686523 -93
0.43204760551452637 -94
0.4386157989501953 -96
0.44220995903015137 -97
0.44599032402038574 -98
0.4504828453063965 -99
0.45404577255249023 -100
0.4600675106048584 -101
0.46359825134277344 -103
0.46810245513916016 -103
0.4739992618560791 -105
0.47831082344055176 -106
0.4822065830230713 -107
0.4859743118286133 -108
0.4904792308807373 -109
0.49611878395080566 -111
0.5006225109100342 -112
0.504218339920044 -113
0.5086991786956787 -114
0.5143091678619385 -115
0.5190079212188721 -117
0.5225915908813477 -118
0.5263376235961914 -119
0.5309793949127197 -120
0.5366523265838623 -121
0.5411286354064941 -122
0.5448989868164062 -123
0.54929518699646 -124
0.5528228282928467 -125
0.5588650703430176 -127
0.5624632835388184 -127
0.5662167072296143 -129
0.572664737701416 -131
0.576446533203125 -131
0.5810339450836182 -133
0.5847842693328857 -133
0.5890944004058838 -135
0.5949540138244629 -136
0.599334716796875 -137
0.6029083728790283 -138
0.6066672801971436 -139
0.6111299991607666 -140
0.616765022277832 -142
0.6212654113769531 -143
0.6250104904174805 -144
0.6293461322784424 -145
0.632920503616333 -146
0.639094352722168 -147
0.6426818370819092 -148
0.6464407444000244 -150
0.6527109146118164 -151
0.6564903259277344 -152
0.6611611843109131 -153
0.6649258136749268 -154
0.6722559928894043 -155
0.6760458946228027 -157
0.6805613040924072 -157
0.684152364730835 -159
0.6886122226715088 -159
0.6954953670501709 -162
0.7012171745300293 -164
0.7068572044372559 -165
0.7114956378936768 -166
0.715247631072998 -167
0.7199409008026123 -168
0.7234628200531006 -169
0.7301182746887207 -170
0.7338747978210449 -171
0.7381381988525391 -172
0.7419192790985107 -173
0.7483198642730713 -175
0.7521181106567383 -176
0.7556169033050537 -177
0.7605280876159668 -178
0.7641699314117432 -179
0.7700536251068115 -181
0.7735636234283447 -181
0.7780711650848389 -183
0.7839620113372803 -184
0.7887036800384521 -185
0.7923717498779297 -186
0.7961487770080566 -187
0.800635814666748 -188
0.8062822818756104 -190
0.8107724189758301 -191
0.8145158290863037 -192
0.8190908432006836 -193
0.8227024078369141 -195
0.8292765617370605 -196
0.8328320980072021 -197
0.836590051651001 -198
0.8410367965698242 -199
0.844806432723999 -200
0.8506965637207031 -201
0.8542866706848145 -202
0.8587737083435059 -204
0.8645823001861572 -204
0.86897873878479 -206
0.8725619316101074 -207
0.8763241767883301 -208
0.8810148239135742 -209
0.8866627216339111 -211
0.8911392688751221 -211
0.8949015140533447 -213
0.8992254734039307 -213
0.902799129486084 -215
0.909381628036499 -216
0.9130394458770752 -217
0.9168064594268799 -218
0.9214553833007812 -219
0.9252266883850098 -221
0.9311058521270752 -222
0.9348766803741455 -223
0.9401073455810547 -224
0.943828821182251 -225
0.9494450092315674 -226
0.9529883861541748 -227
0.9567687511444092 -229
0.9631304740905762 -230
0.967315673828125 -231
0.9713950157165527 -232
0.9751782417297363 -233
0.9794683456420898 -234
0.9852650165557861 -235
0.9896066188812256 -237
0.9933056831359863 -238
0.9973206520080566 -239
