0 0 
0.002310037612915039 0
0.008213043212890625 0
0.01175236701965332 0
0.015223264694213867 0
0.01991558074951172 0
0.02559065818786621 -1
0.030472278594970703 -2
0.03414320945739746 -2
0.03876137733459473 -3
0.0423436164855957 -4
0.04645538330078125 -4
0.05390429496765137 -6
0.058393239974975586 -6
0.06200361251831055 -7
0.06576013565063477 -8
0.07026124000549316 -9
0.07597589492797852 -12
0.08047723770141602 -12
0.08413577079772949 -13
0.08870768547058105 -15
0.09227466583251953 -17
0.09889101982116699 -18
0.1024789810180664 -19
0.11086106300354004 -22
0.11460041999816895 -23
0.12059402465820312 -25
0.12438368797302246 -26
0.128920316696167 -28
0.1347341537475586 -30
0.1390388011932373 -31
0.14260435104370117 -32
0.14634990692138672 -34
0.1510000228881836 -36
0.1575932502746582 -38
0.16115808486938477 -39
0.1650066375732422 -40
0.16957497596740723 -42
0.1730365753173828 -45
0.18041706085205078 -46
0.18408918380737305 -47
0.18851423263549805 -49
0.1920773983001709 -50
0.19790220260620117 -52
0.2017045021057129 -54
0.20521140098571777 -55
0.21199417114257812 -58
0.21588540077209473 -60
0.220414400100708 -61
0.22408246994018555 -62
0.22849559783935547 -64
0.23422479629516602 -66
0.23862791061401367 -68
0.24222159385681152 -70
0.2460157871246338 -71
0.25066447257995605 -72
0.25631213188171387 -75
0.2608063220977783 -76
0.26456284523010254 -78
0.2690880298614502 -79
0.2726316452026367 -81
0.278728723526001 -83
0.2822568416595459 -85
0.28600025177001953 -86
0.2923760414123535 -88
0.29616355895996094 -90
0.3006770610809326 -92
0.3044314384460449 -93
0.30874013900756836 -95
0.3145723342895508 -97
0.3189091682434082 -98
0.32245612144470215 -100
0.32621121406555176 -102
0.3309199810028076 -103
0.33701276779174805 -106
0.3411290645599365 -107
0.3448927402496338 -109
0.34925150871276855 -110
0.3529644012451172 -112
0.3589015007019043 -114
0.3624870777130127 -116
0.36625242233276367 -117
0.37265777587890625 -119
0.37644100189208984 -121
0.3811173439025879 -122
0.38487911224365234 -124
0.38959717750549316 -126
0.39516305923461914 -128
0.3997838497161865 -130
0.40358829498291016 -131
0.4078943729400635 -132
0.4136962890625 -135
0.41825127601623535 -136
0.42184877395629883 -138
0.4256019592285156 -140
0.4301259517669678 -141
0.4357485771179199 -143
0.44033217430114746 -145
0.44393086433410645 -146
0.448591947555542 -149
0.4521939754486084 -150
0.45825791358947754 -152
0.4618721008300781 -153
0.46562695503234863 -155
0.47197961807250977 -157
0.4757869243621826 -159
0.48035550117492676 -160
0.4840829372406006 -162
0.48849987983703613 -164
0.49421262741088867 -166
0.4986236095428467 -168
0.5022196769714355 -170
0.5107386112213135 -173
0.5145204067230225 -175
0.5205450057983398 -176
0.5242295265197754 -177
0.5287730693817139 -180
0.534609317779541 -182
0.5390644073486328 -184
0.5426058769226074 -185
0.5463361740112305 -187
0.550804615020752 -189
0.5564181804656982 -190
0.5609667301177979 -192
0.564723014831543 -194
0.569166898727417 -195
0.5727262496948242 -198
0.5796470642089844 -199
0.5831680297851562 -200
0.5876240730285645 -202
0.5912215709686279 -204
0.5949990749359131 -206
0.6008696556091309 -208
0.6046080589294434 -209
0.6108713150024414 -211
0.6146395206451416 -213
0.6189708709716797 -214
0.6225214004516602 -216
0.6262784004211426 -218
0.6321964263916016 -219
0.635974645614624 -222
0.6406104564666748 -224
0.6462767124176025 -225
0.6507925987243652 -227
0.6545696258544922 -228
0.6589047908782959 -230
0.6624534130096436 -232
0.6690471172332764 -234
0.6725924015045166 -235
0.6764590740203857 -237
0.680978536605835 -238
0.6847326755523682 -241
0.6907620429992676 -242
0.694525957107544 -244
0.6988141536712646 -246
0.7046670913696289 -248
0.7090399265289307 -249
0.7126100063323975 -251
0.7163584232330322 -252
0.7227413654327393 -255
0.7265152931213379 -256
0.7310101985931396 -258
0.7347972393035889 -259
0.7391259670257568 -261
0.7449438571929932 -263
0.7496953010559082 -265
0.7532291412353516 -266
0.7577259540557861 -268
0.7612664699554443 -270
0.7678987979888916 -272
0.7718868255615234 -273
0.7756602764129639 -275
0.780174970626831 -276
0.7837252616882324 -278
0.7897515296936035 -280
0.7935445308685303 -282
0.7978456020355225 -283
0.8037633895874023 -286
0.8083972930908203 -288
0.8120052814483643 -289
0.8157675266265869 -290
0.8202736377716064 -292
0.825941801071167 -295
0.8304295539855957 -296
0.8341197967529297 -297
0.8385193347930908 -300
0.8420968055725098 -300
0.8486711978912354 -304
0.8522756099700928 -305
0.8560018539428711 -306
0.86065673828125 -308
0.8643975257873535 -309
0.8704550266265869 -312
0.8741185665130615 -313
0.8785414695739746 -316
0.8844022750854492 -318
0.8887465000152588 -319
0.8923285007476807 -320
0.8960940837860107 -322
0.900726318359375 -324
0.9108517169952393 -328
0.9146096706390381 -329
0.9191811084747314 -330
0.9227526187896729 -332
0.929049015045166 -334
0.932600736618042 -336
0.9363417625427246 -338
0.9430475234985352 -340
0.9470384120941162 -342
0.9511418342590332 -343
0.9548993110656738 -344
0.9592230319976807 -346
0.9650483131408691 -348
0.9696776866912842 -350
0.9732053279876709 -352
0.9777169227600098 -353
0.9812705516815186 -354
0.9879028797149658 -357
0.9918854236602783 -358
0.995715856552124 -360
