0 0 
0.0025653839111328125 0
0.008324146270751953 0
0.011919260025024414 0
0.016258716583251953 1
0.01985001564025879 1
0.02565765380859375 2
0.02943897247314453 3
0.03293728828430176 4
0.03949570655822754 6
0.042986392974853516 7
0.04798626899719238 8
0.0515289306640625 10
0.056038618087768555 11
0.0617222785949707 14
0.0661935806274414 16
0.06977725028991699 17
0.07362031936645508 19
0.07806539535522461 21
0.08370590209960938 25
0.08821558952331543 26
0.09180617332458496 28
0.09628915786743164 31
0.09985804557800293 32
0.1065831184387207 37
0.11017870903015137 39
0.11405396461486816 42
0.11855387687683105 44
0.12229418754577637 46
0.12835097312927246 50
0.13203930854797363 51
0.13835930824279785 56
0.14206886291503906 58
0.14651131629943848 62
0.15006637573242188 64
0.15385103225708008 66
0.16028857231140137 70
0.16406679153442383 73
0.16871380805969238 76
0.1725025177001953 78
0.1767730712890625 81
0.18256235122680664 85
0.1869046688079834 88
0.19042754173278809 91
0.19417333602905273 93
0.19865679740905762 98
0.20430994033813477 100
0.20884013175964355 103
0.2126321792602539 106
0.21692728996276855 108
0.2205028533935547 113
0.22751283645629883 116
0.2310774326324463 118
0.23558640480041504 121
0.23938918113708496 124
0.24293971061706543 128
0.24881863594055176 131
0.25260376930236816 134
0.2570946216583252 138
0.2630300521850586 141
0.2677340507507324 144
0.2713913917541504 147
0.2756979465484619 150
0.2815098762512207 154
0.2861902713775635 158
0.2898125648498535 160
0.2935519218444824 162
0.2980515956878662 166
0.3037099838256836 171
0.3082563877105713 174
0.3119368553161621 176
0.31635308265686035 180
0.3199183940887451 181
0.3260040283203125 186
0.3296523094177246 188
0.3333907127380371 192
0.33978986740112305 200
0.3484992980957031 203
0.35222816467285156 204
0.3567380905151367 209
0.3602907657623291 213
0.367006778717041 216
0.3705461025238037 219
0.3760528564453125 222
0.3796713352203369 225
0.3834192752838135 228
0.38831186294555664 234
0.39397740364074707 236
0.3984825611114502 239
0.4023149013519287 242
0.40674805641174316 245
0.41254210472106934 250
0.41684985160827637 252
0.42040395736694336 256
0.42415523529052734 258
0.4286234378814697 261
0.4342997074127197 266
0.43879127502441406 268
0.4425513744354248 271
0.4468109607696533 274
0.45037221908569336 277
0.4564237594604492 282
0.46004438400268555 284
0.46380186080932617 288
0.470334529876709 292
0.47406935691833496 295
0.47857213020324707 298
0.48241734504699707 300
0.4867420196533203 304
0.492539644241333 308
0.49683451652526855 311
0.5003974437713623 314
0.5041265487670898 316
0.508587121963501 320
0.5142230987548828 324
0.5188744068145752 327
0.5226273536682129 330
0.5270774364471436 332
0.5306296348571777 336
0.5368819236755371 340
0.5404064655303955 343
0.5441360473632812 346
0.5504522323608398 350
0.5542323589324951 353
0.558692455291748 356
0.5624380111694336 359
0.5667634010314941 362
0.572601318359375 366
0.576941967010498 369
0.5804870128631592 372
0.5842123031616211 375
0.5888488292694092 379
0.5948460102081299 382
0.5989217758178711 385
0.6026806831359863 388
0.606980562210083 391
0.6105260848999023 395
0.6170966625213623 398
0.6207869052886963 401
0.6247580051422119 404
0.6288537979125977 407
0.6326076984405518 412
0.6384568214416504 414
0.6421995162963867 416
0.648087739944458 420
0.6516742706298828 423
0.6561484336853027 426
0.6617567539215088 430
0.6662759780883789 435
0.6699345111846924 436
0.6736831665039062 441
0.6782596111297607 445
0.6838932037353516 448
0.6883530616760254 451
0.6920228004455566 452
0.6964113712310791 457
0.6999850273132324 458
0.7067165374755859 464
0.7102532386779785 467
0.713994026184082 470
0.7184789180755615 473
0.7222564220428467 476
0.7281146049499512 479
0.7316443920135498 482
0.7360978126525879 484
0.7462129592895508 494
0.7498471736907959 495
0.7536261081695557 499
0.7582731246948242 502
0.7639021873474121 506
0.7686231136322021 510
0.7723848819732666 512
0.7769062519073486 515
0.7804429531097412 518
0.7842888832092285 521
0.7913141250610352 526
0.7955937385559082 528
0.7993729114532471 532
0.8028867244720459 534
0.8074591159820557 537
0.8129978179931641 542
0.817608118057251 544
0.82131028175354 548
0.8255612850189209 550
0.8295080661773682 553
0.8360917568206787 558
0.8396694660186768 561
0.8434104919433594 564
0.8478143215179443 566
0.851463794708252 570
0.8570916652679443 574
0.8606319427490234 577
0.8647768497467041 580
0.8708686828613281 584
0.8753869533538818 587
0.8789443969726562 590
0.8827075958251953 593
0.8894102573394775 597
0.8930268287658691 600
0.8976080417633057 603
0.9013223648071289 606
0.9055852890014648 609
0.9116849899291992 613
0.9162590503692627 618
0.91983962059021 619
0.9236321449279785 624
0.928126335144043 625
0.9337446689605713 631
0.938237190246582 634
0.9419229030609131 635
0.9464700222015381 640
0.9500341415405273 642
0.9560737609863281 646
0.9596707820892334 648
0.9634127616882324 651
0.9697704315185547 656
0.9735562801361084 659
0.9780547618865967 662
0.9816479682922363 664
0.9861526489257812 668
0.9917774200439453 672
0.996347188949585 676
0.9998972415924072 678
