0 0 
0.003178834915161133 0
0.0067822933197021484 0
0.01052713394165039 0
0.01510477066040039 0
0.018895626068115234 0
0.025195598602294922 0
0.029090404510498047 -1
0.03498077392578125 -1
0.038810014724731445 -1
0.0450596809387207 -2
0.04880976676940918 -3
0.053080081939697266 -3
0.056668758392333984 -3
0.06045699119567871 -4
0.06685090065002441 -5
0.07061576843261719 -5
0.07512497901916504 -6
0.07886767387390137 -7
0.08333420753479004 -7
0.08912396430969238 -9
0.09346699714660645 -9
0.09702587127685547 -10
0.10075950622558594 -11
0.10524511337280273 -12
0.11127662658691406 -13
0.11584854125976562 -13
0.11938095092773438 -14
0.12398314476013184 -15
0.12749624252319336 -16
0.13428640365600586 -17
0.1379399299621582 -18
0.1422421932220459 -19
0.14624977111816406 -20
0.1520531177520752 -21
0.1558678150177002 -22
0.1594083309173584 -23
0.16601991653442383 -24
0.16956615447998047 -25
0.17426133155822754 -25
0.17791962623596191 -27
0.18223142623901367 -27
0.18804383277893066 -29
0.19255542755126953 -29
0.19614791870117188 -30
0.19991707801818848 -31
0.20459318161010742 -32
0.21037077903747559 -34
0.21486926078796387 -35
0.2232053279876709 -37
0.22676706314086914 -37
0.2305305004119873 -39
0.23644042015075684 -39
0.24022173881530762 -41
0.2449648380279541 -42
0.25059080123901367 -43
0.2550673484802246 -44
0.25882577896118164 -45
0.263317346572876 -45
0.26694369316101074 -47
0.2735416889190674 -48
0.2771010398864746 -49
0.28084421157836914 -49
0.285320520401001 -51
0.28903841972351074 -52
0.29491662979125977 -53
0.2986750602722168 -53
0.30297183990478516 -55
0.3088099956512451 -56
0.3130941390991211 -57
0.3166768550872803 -58
0.3204333782196045 -59
0.32512426376342773 -60
0.330826997756958 -61
0.3353097438812256 -62
0.33904552459716797 -63
0.3433394432067871 -63
0.3491349220275879 -65
0.353487491607666 -66
0.35703516006469727 -67
0.36076807975769043 -68
0.36524271965026855 -69
0.37127017974853516 -70
0.3755476474761963 -71
0.37930870056152344 -72
0.3840756416320801 -73
0.38779425621032715 -73
0.3934187889099121 -75
0.39696383476257324 -76
0.40080881118774414 -77
0.4073059558868408 -78
0.4113426208496094 -79
0.41542506217956543 -80
0.4191882610321045 -81
0.4234788417816162 -81
0.4292454719543457 -83
0.4335782527923584 -84
0.43726158142089844 -85
0.4412996768951416 -86
0.4455597400665283 -87
0.45215559005737305 -88
0.4559452533721924 -89
0.45946431159973145 -90
0.4640519618988037 -91
0.4675791263580322 -91
0.4734327793121338 -93
0.4769892692565918 -94
0.4808003902435303 -95
0.4870467185974121 -96
0.49079465866088867 -97
0.4952988624572754 -98
0.49905896186828613 -99
0.503563642501831 -100
0.5093765258789062 -101
0.5139632225036621 -102
0.5174856185913086 -103
0.5219357013702393 -104
0.5254757404327393 -105
0.5320632457733154 -106
0.5358681678771973 -107
0.5393877029418945 -108
0.5439612865447998 -109
0.5495254993438721 -110
0.5542035102844238 -111
0.5578927993774414 -112
0.5621998310089111 -113
0.566169261932373 -114
0.5728280544281006 -115
0.576399564743042 -116
0.5801458358764648 -117
0.5847010612487793 -118
0.5882961750030518 -119
0.5942916870117188 -120
0.5979704856872559 -121
0.6022565364837646 -122
0.6081535816192627 -123
0.6126360893249512 -124
0.6162669658660889 -126
0.625037431716919 -127
0.6287918090820312 -128
0.634943962097168 -130
0.6386890411376953 -130
0.6446449756622314 -131
0.6482634544372559 -132
0.6528110504150391 -134
0.6585090160369873 -135
0.6629214286804199 -136
0.6665356159210205 -137
0.670332670211792 -138
0.6749064922332764 -139
0.6805646419525146 -140
0.6852507591247559 -141
0.6890146732330322 -142
0.6933050155639648 -143
0.6968767642974854 -144
0.7029609680175781 -145
0.7065403461456299 -146
0.7102952003479004 -147
0.716660737991333 -148
0.7204627990722656 -149
0.724973201751709 -150
0.7287304401397705 -151
0.7330803871154785 -152
0.7389316558837891 -153
0.7434070110321045 -154
0.7469618320465088 -155
0.7507131099700928 -156
0.7551908493041992 -157
0.7608246803283691 -158
0.765505313873291 -159
0.7692608833312988 -160
0.7735843658447266 -161
0.7772762775421143 -162
0.7840032577514648 -163
0.7878947257995605 -164
0.7922060489654541 -165
0.796025276184082 -166
0.7995312213897705 -167
0.8055558204650879 -168
0.8093328475952148 -169
0.81589674949646 -171
0.8195016384124756 -171
0.8240983486175537 -172
0.8278439044952393 -173
0.8321387767791748 -174
0.8379793167114258 -175
0.8425071239471436 -176
0.8461673259735107 -177
0.8499107360839844 -178
0.8544363975524902 -179
0.8601012229919434 -181
0.8648300170898438 -182
0.8685119152069092 -182
0.8729395866394043 -183
0.8765275478363037 -185
0.8825898170471191 -185
0.8861913681030273 -186
0.8899712562561035 -187
0.8958592414855957 -189
0.8994016647338867 -189
0.904076099395752 -190
0.9098398685455322 -192
0.9144546985626221 -193
0.9180479049682617 -193
0.9226973056793213 -195
0.9263286590576172 -195
0.9329419136047363 -197
0.9365355968475342 -198
0.940300464630127 -199
0.9447968006134033 -200
0.9484512805938721 -200
0.9544074535369873 -202
0.9580128192901611 -203
0.9644935131072998 -204
0.9681167602539062 -205
0.9732217788696289 -206
0.9767870903015137 -207
0.9805469512939453 -208
0.9870736598968506 -209
0.9912583827972412 -210
0.9953813552856445 -211
0.9991509914398193 -212
