0 0 
0.0022199153900146484 0
0.005984067916870117 0
0.01064443588256836 0
0.014340400695800781 0
0.01863718032836914 0
0.023131370544433594 0
0.030051708221435547 0
0.03358268737792969 0
0.038121700286865234 0
0.04170727729797363 0
0.04539918899536133 -1
0.05174612998962402 -1
0.05553793907165527 -1
0.06003093719482422 -1
0.06358075141906738 -2
0.06786179542541504 -2
0.07464766502380371 -2
0.0790109634399414 -3
0.08253002166748047 -3
0.08628177642822266 -3
0.09090423583984375 -4
0.0969080924987793 -4
0.10097956657409668 -4
0.10471534729003906 -4
0.10899877548217773 -5
0.11262941360473633 -5
0.12210655212402344 -6
0.12587642669677734 -6
0.1305980682373047 -7
0.13617753982543945 -7
0.14078927040100098 -8
0.14451050758361816 -8
0.14896464347839355 -8
0.15253472328186035 -9
0.159102201461792 -9
0.16269874572753906 -10
0.1668074131011963 -10
0.17089200019836426 -10
0.17464661598205566 -11
0.1805112361907959 -11
0.18425416946411133 -12
0.19013166427612305 -12
0.1937391757965088 -12
0.1982266902923584 -13
0.20383453369140625 -14
0.20836782455444336 -14
0.21199536323547363 -14
0.21573758125305176 -15
0.22041559219360352 -15
0.22604966163635254 -16
0.23053240776062012 -16
0.23426175117492676 -16
0.23862481117248535 -17
0.24219751358032227 -17
0.24837422370910645 -18
0.25194263458251953 -18
0.2556922435760498 -19
0.26194238662719727 -19
0.26577067375183105 -20
0.27028775215148926 -20
0.2738659381866455 -20
0.2783622741699219 -21
0.28410768508911133 -21
0.28847694396972656 -22
0.2920646667480469 -22
0.2958354949951172 -22
0.30029916763305664 -23
0.3059530258178711 -24
0.3105494976043701 -24
0.3142740726470947 -24
0.3186004161834717 -24
0.32211995124816895 -25
0.3287973403930664 -26
0.3323342800140381 -26
0.33603858947753906 -26
0.3405146598815918 -27
0.34424781799316406 -27
0.3502802848815918 -28
0.3538691997528076 -28
0.35836195945739746 -28
0.3641049861907959 -29
0.3686509132385254 -29
0.3722190856933594 -30
0.3759493827819824 -30
0.38230133056640625 -31
0.38610267639160156 -31
0.3905670642852783 -32
0.3942837715148926 -32
0.39867329597473145 -32
0.4044981002807617 -33
0.4087965488433838 -33
0.4123268127441406 -34
0.41608667373657227 -34
0.4205472469329834 -34
0.4261946678161621 -35
0.4308195114135742 -35
0.4345588684082031 -36
0.4388418197631836 -36
0.44240736961364746 -36
0.44845104217529297 -37
0.4520149230957031 -37
0.4557948112487793 -38
0.46213817596435547 -38
0.46589183807373047 -39
0.4703834056854248 -39
0.4740140438079834 -39
0.478670597076416 -40
0.484499454498291 -40
0.4889640808105469 -41
0.4924662113189697 -41
0.49617505073547363 -42
0.5061581134796143 -43
0.5125148296356201 -43
0.5162913799285889 -44
0.5245077610015869 -44
0.5289609432220459 -45
0.5343010425567627 -46
0.5462048053741455 -46
0.5509860515594482 -47
0.5575408935546875 -48
0.5611076354980469 -48
0.5648548603057861 -48
0.5697886943817139 -49
0.574298620223999 -49
0.5805270671844482 -50
0.5842514038085938 -50
0.5886647701263428 -51
0.5944778919219971 -51
0.5987794399261475 -52
0.6023056507110596 -52
0.606072187423706 -52
0.6107428073883057 -53
0.6163613796234131 -53
0.6208434104919434 -54
0.6245672702789307 -54
0.6288375854492188 -54
0.6323990821838379 -55
0.6389350891113281 -56
0.642465353012085 -56
0.6461691856384277 -56
0.6506447792053223 -56
0.6543858051300049 -57
0.6602897644042969 -57
0.6638538837432861 -58
0.6698293685913086 -58
0.6735069751739502 -59
0.6777675151824951 -59
0.6835668087005615 -60
0.6881818771362305 -60
0.6918072700500488 -60
0.6955254077911377 -61
0.7000207901000977 -61
0.7056124210357666 -62
0.7101719379425049 -62
0.7137115001678467 -62
0.7182128429412842 -63
0.7218101024627686 -63
0.7285573482513428 -64
0.7321109771728516 -64
0.7358527183532715 -65
0.7404830455780029 -65
0.7442371845245361 -66
0.7501091957092285 -66
0.7536723613739014 -66
0.7581396102905273 -67
0.7637791633605957 -68
0.7682538032531738 -68
0.7718462944030762 -68
0.77614426612854 -69
0.7806565761566162 -70
0.7862904071807861 -70
0.790891170501709 -70
0.7946162223815918 -70
0.7990226745605469 -71
0.8025500774383545 -72
0.8091425895690918 -72
0.8126723766326904 -72
0.8164167404174805 -73
0.820873498916626 -73
0.8246212005615234 -74
0.8304891586303711 -74
0.8342568874359131 -74
0.8385653495788574 -75
0.8443708419799805 -75
0.8488016128540039 -76
0.8523259162902832 -76
0.856043815612793 -76
0.8605256080627441 -77
0.8661484718322754 -78
0.8707823753356934 -78
0.8745036125183105 -78
0.8787961006164551 -78
0.882310152053833 -79
0.8888645172119141 -80
0.8924257755279541 -80
0.8961796760559082 -80
0.9006388187408447 -81
0.9062612056732178 -81
0.9109101295471191 -82
0.9146275520324707 -82
0.9189178943634033 -82
0.9269218444824219 -83
0.9335145950317383 -84
0.9377825260162354 -84
0.9417343139648438 -84
0.945457935333252 -85
0.950096845626831 -85
0.9536616802215576 -86
0.9581053256988525 -86
0.9617023468017578 -86
0.965411901473999 -87
0.9700675010681152 -87
0.9736330509185791 -88
0.9781029224395752 -88
0.982351541519165 -88
0.9861347675323486 -89
0.9906401634216309 -89
0.9943790435791016 -90
0.9988090991973877 -90
