0 0 
0.002578258514404297 0
0.008548974990844727 0
0.012248039245605469 0
0.016553401947021484 -1
0.020213842391967773 -1
0.026288747787475586 -1
0.029895305633544922 -1
0.0336606502532959 -1
0.040059804916381836 -2
0.04385638236999512 -3
0.04830121994018555 -3
0.05204486846923828 -3
0.05652976036071777 -4
0.062335968017578125 -5
0.06710529327392578 -5
0.07062387466430664 -6
0.07518982887268066 -7
0.0809636116027832 -7
0.08531904220581055 -9
0.09303593635559082 -9
0.09768414497375488 -10
0.1012732982635498 -11
0.10617733001708984 -12
0.11205196380615234 -13
0.11653733253479004 -14
0.12015914916992188 -15
0.1239166259765625 -15
0.1285686492919922 -16
0.13515949249267578 -17
0.13893747329711914 -18
0.14251255989074707 -19
0.1471257209777832 -19
0.15066313743591309 -20
0.15652823448181152 -22
0.16008257865905762 -23
0.16390633583068848 -24
0.1701674461364746 -25
0.1739649772644043 -25
0.17844223976135254 -26
0.1821918487548828 -27
0.18668675422668457 -28
0.19254469871520996 -29
0.19713187217712402 -30
0.20066022872924805 -31
0.20515966415405273 -32
0.2086951732635498 -33
0.2153630256652832 -34
0.21915221214294434 -35
0.22265386581420898 -35
0.2273237705230713 -37
0.23305678367614746 -38
0.2375955581665039 -39
0.24117350578308105 -39
0.24578285217285156 -40
0.24941372871398926 -41
0.2552335262298584 -43
0.25908756256103516 -43
0.2625997066497803 -44
0.26928067207336426 -45
0.2730903625488281 -46
0.2775740623474121 -47
0.28113746643066406 -48
0.2856178283691406 -49
0.29128122329711914 -50
0.2958083152770996 -51
0.2993886470794678 -52
0.3031322956085205 -53
0.3078029155731201 -53
0.31348156929016113 -55
0.31815528869628906 -56
0.3218998908996582 -57
0.32619380950927734 -58
0.32987499237060547 -59
0.3364448547363281 -60
0.34000277519226074 -61
0.3437347412109375 -62
0.34824180603027344 -63
0.35199713706970215 -64
0.3578522205352783 -65
0.36153173446655273 -65
0.36617302894592285 -67
0.3720560073852539 -68
0.376389741897583 -69
0.3799161911010742 -70
0.38364434242248535 -71
0.388120174407959 -72
0.39374542236328125 -73
0.3982388973236084 -74
0.4020547866821289 -75
0.40639400482177734 -75
0.4099400043487549 -77
0.41654038429260254 -77
0.4200873374938965 -79
0.4238409996032715 -79
0.4284508228302002 -80
0.43221354484558105 -81
0.4381539821624756 -82
0.44377970695495605 -84
0.4484536647796631 -85
0.4522099494934082 -85
0.4565310478210449 -86
0.4600846767425537 -87
0.46616101264953613 -88
0.469740629196167 -89
0.47347497940063477 -90
0.47983407974243164 -91
0.4836869239807129 -92
0.4922304153442383 -94
0.4966897964477539 -95
0.5002403259277344 -96
0.5073273181915283 -97
0.5109491348266602 -98
0.5152261257171631 -99
0.5192306041717529 -100
0.5244245529174805 -101
0.5286028385162354 -102
0.5323879718780518 -103
0.5389301776885986 -104
0.542525053024292 -105
0.547391414642334 -106
0.5510528087615967 -107
0.55533766746521 -107
0.5611357688903809 -109
0.5656626224517822 -110
0.5692675113677979 -111
0.5730252265930176 -111
0.5778160095214844 -112
0.5834815502166748 -114
0.5880115032196045 -115
0.5916810035705566 -115
0.596095085144043 -117
0.5996575355529785 -117
0.605888843536377 -119
0.6094844341278076 -119
0.6132762432098389 -121
0.6196551322937012 -122
0.62343430519104 -123
0.627896785736084 -123
0.6315555572509766 -124
0.6359937191009521 -125
0.641812801361084 -126
0.6461470127105713 -127
0.6496918201446533 -129
0.6534714698791504 -129
0.6579577922821045 -131
0.6636326313018799 -131
0.6682658195495605 -132
0.6720302104949951 -133
0.6764490604400635 -134
0.6800251007080078 -135
0.6865854263305664 -136
0.6901674270629883 -137
0.6939373016357422 -138
0.6984374523162842 -139
0.7021942138671875 -140
0.708261251449585 -141
0.7120039463043213 -142
0.7163715362548828 -143
0.7222509384155273 -144
0.7269566059112549 -145
0.7304329872131348 -146
0.7344539165496826 -147
0.7385492324829102 -148
0.7451531887054443 -149
0.7487027645111084 -149
0.752511739730835 -151
0.7570385932922363 -151
0.7625973224639893 -153
0.7672169208526611 -153
0.7709548473358154 -155
0.7752442359924316 -155
0.779088020324707 -156
0.7858092784881592 -158
0.7895510196685791 -158
0.7933139801025391 -160
0.7978527545928955 -161
0.8015360832214355 -161
0.8075673580169678 -162
0.8111624717712402 -163
0.8156476020812988 -164
0.821357011795044 -165
0.8258116245269775 -166
0.8294076919555664 -167
0.8332006931304932 -168
0.8378853797912598 -169
0.8435254096984863 -171
0.8481724262237549 -171
0.8519248962402344 -172
0.8562130928039551 -173
0.8598251342773438 -174
0.8664646148681641 -175
0.8700313568115234 -176
0.8737859725952148 -177
0.878272294998169 -178
0.8820123672485352 -179
0.8878841400146484 -181
0.8962423801422119 -182
0.9020886421203613 -183
0.90669846534729 -184
0.9103856086730957 -185
0.9144022464752197 -186
0.9190108776092529 -187
0.925633430480957 -188
0.9292535781860352 -189
0.9329979419708252 -189
0.9374339580535889 -191
0.9410722255706787 -191
0.9469404220581055 -193
0.9504492282867432 -193
0.9544627666473389 -194
0.9606842994689941 -196
0.9652087688446045 -197
0.9692144393920898 -197
0.972977876663208 -198
0.9774336814880371 -199
0.9831738471984863 -201
0.9876899719238281 -201
0.9912769794464111 -202
0.9957668781280518 -203
0.9993791580200195 -204
