0 0 
0.002383708953857422 0
0.007476091384887695 0
0.012165546417236328 0
0.01586151123046875 0
0.020215511322021484 -1
0.026088476181030273 -2
0.03040766716003418 -2
0.033942222595214844 -3
0.03781414031982422 -4
0.042319297790527344 -4
0.04794144630432129 -6
0.05243182182312012 -7
0.056166648864746094 -8
0.060506582260131836 -9
0.0640726089477539 -10
0.07032513618469238 -12
0.07395768165588379 -14
0.07772088050842285 -15
0.0878455638885498 -19
0.09262228012084961 -20
0.09639143943786621 -22
0.10111689567565918 -23
0.10463666915893555 -25
0.11065459251403809 -27
0.1142265796661377 -29
0.11845517158508301 -31
0.12468314170837402 -33
0.12920928001403809 -35
0.13319659233093262 -37
0.136702299118042 -38
0.14138412475585938 -40
0.14714479446411133 -43
0.1517021656036377 -45
0.1552729606628418 -46
0.15977883338928223 -48
0.1634504795074463 -50
0.17004704475402832 -54
0.17364096641540527 -55
0.17746424674987793 -58
0.1819629669189453 -60
0.18561744689941406 -60
0.1917715072631836 -63
0.19536542892456055 -65
0.1998915672302246 -69
0.205672025680542 -70
0.21009230613708496 -73
0.21369099617004395 -75
0.2174358367919922 -77
0.2220921516418457 -80
0.2277381420135498 -82
0.2322237491607666 -84
0.23601841926574707 -86
0.24035024642944336 -87
0.24390172958374023 -90
0.2506132125854492 -92
0.25416064262390137 -94
0.2578928470611572 -96
0.26240015029907227 -98
0.26624369621276855 -101
0.27216291427612305 -103
0.27591776847839355 -105
0.28019022941589355 -108
0.2860443592071533 -110
0.2903611660003662 -112
0.2939183712005615 -114
0.2976875305175781 -116
0.30220508575439453 -119
0.30788326263427734 -121
0.31254053115844727 -123
0.3163120746612549 -125
0.3206517696380615 -127
0.326493501663208 -130
0.33113598823547363 -132
0.33468079566955566 -134
0.33919215202331543 -136
0.34299635887145996 -138
0.34942102432250977 -141
0.3534579277038574 -143
0.3572516441345215 -146
0.36177611351013184 -147
0.36536073684692383 -148
0.3716146945953369 -152
0.3752298355102539 -154
0.3797447681427002 -156
0.38551950454711914 -158
0.3899555206298828 -162
0.393535852432251 -162
0.3972909450531006 -166
0.40189218521118164 -168
0.4075322151184082 -170
0.412034273147583 -172
0.4157860279083252 -174
0.42009925842285156 -176
0.42366838455200195 -180
0.43037843704223633 -182
0.433931827545166 -184
0.4376678466796875 -186
0.44220590591430664 -188
0.4459691047668457 -190
0.4518749713897705 -192
0.455549955368042 -194
0.46187853813171387 -198
0.4655494689941406 -198
0.47000670433044434 -202
0.4735908508300781 -202
0.4773564338684082 -205
0.4866061210632324 -210
0.4923529624938965 -212
0.4961402416229248 -214
0.5005860328674316 -216
0.5063817501068115 -219
0.5111055374145508 -221
0.5146572589874268 -224
0.5191636085510254 -225
0.5229454040527344 -227
0.5294020175933838 -230
0.5332129001617432 -232
0.5369353294372559 -234
0.5413980484008789 -236
0.5450835227966309 -238
0.5511212348937988 -242
0.5546984672546387 -243
0.5592045783996582 -246
0.5653307437896729 -248
0.5699238777160645 -251
0.5735139846801758 -252
0.5773575305938721 -256
0.5837523937225342 -258
0.5875344276428223 -260
0.5919969081878662 -262
0.5956847667694092 -263
0.6002860069274902 -267
0.606142520904541 -269
0.6106390953063965 -271
0.6142051219940186 -273
0.6183457374572754 -275
0.6224613189697266 -278
0.6290228366851807 -280
0.6326189041137695 -282
0.6363914012908936 -284
0.6417868137359619 -286
0.6474423408508301 -290
0.6519694328308105 -292
0.6556558609008789 -293
0.6600518226623535 -296
0.6636531352996826 -298
0.6698827743530273 -301
0.6735086441040039 -302
0.677377462387085 -305
0.68375563621521 -308
0.6875174045562744 -310
0.6920032501220703 -312
0.6956868171691895 -313
0.7001466751098633 -316
0.7059552669525146 -319
0.7103214263916016 -321
0.7138981819152832 -323
0.717667818069458 -325
0.7221453189849854 -327
0.7278194427490234 -330
0.7324914932250977 -332
0.7362711429595947 -334
0.7409861087799072 -336
0.744459867477417 -338
0.7503633499145508 -341
0.7539188861846924 -343
0.7576813697814941 -345
0.7640862464904785 -348
0.7678794860839844 -350
0.7723979949951172 -352
0.7761533260345459 -354
0.7804477214813232 -356
0.7862722873687744 -359
0.7911522388458252 -361
0.7946875095367432 -363
0.7992255687713623 -365
0.8030264377593994 -367
0.8096349239349365 -370
0.8132624626159668 -372
0.8170459270477295 -374
0.8215465545654297 -376
0.8251361846923828 -378
0.8310196399688721 -381
0.8345365524291992 -383
0.8409712314605713 -386
0.844609260559082 -388
0.8490762710571289 -390
0.8530457019805908 -392
0.8565731048583984 -394
0.8632395267486572 -397
0.8670437335968018 -399
0.8717911243438721 -401
0.875389575958252 -403
0.8798763751983643 -406
0.8875999450683594 -410
0.8933441638946533 -412
0.8971154689788818 -415
0.9020402431488037 -418
0.9076986312866211 -420
0.9124472141265869 -422
0.9162225723266602 -424
0.9206438064575195 -426
0.9264788627624512 -429
0.9310925006866455 -431
0.9346067905426025 -433
0.9390814304351807 -435
0.9426364898681641 -437
0.9492688179016113 -440
0.9530653953552246 -442
0.9566559791564941 -444
0.9613826274871826 -446
0.9650607109069824 -448
0.9711103439331055 -451
0.9746408462524414 -453
0.9791519641876221 -455
0.9850368499755859 -458
0.9893391132354736 -460
0.9931671619415283 -462
0.9966881275177002 -464
