0 0 
0.00467371940612793 0
0.010116815567016602 0
0.013614892959594727 0
0.01732778549194336 0
0.02184891700744629 1
0.03749895095825195 4
0.04262208938598633 6
0.0461118221282959 8
0.052217721939086914 9
0.056128501892089844 11
0.0631866455078125 16
0.07494187355041504 18
0.07963824272155762 21
0.08321714401245117 23
0.08696842193603516 25
0.09159350395202637 27
0.09729766845703125 30
0.10177731513977051 32
0.10555696487426758 34
0.10986137390136719 37
0.11342573165893555 40
0.12012028694152832 42
0.12367415428161621 45
0.1274278163909912 48
0.13187718391418457 50
0.13573861122131348 54
0.14160752296447754 56
0.14535880088806152 57
0.14967131614685059 62
0.15549135208129883 65
0.1597917079925537 68
0.16338062286376953 70
0.16715216636657715 73
0.17163467407226562 77
0.17725133895874023 79
0.1819627285003662 82
0.1857013702392578 85
0.1900334358215332 87
0.19359540939331055 91
0.20063424110412598 94
0.20414495468139648 97
0.2085890769958496 100
0.21213936805725098 102
0.2159125804901123 106
0.2217864990234375 109
0.22554850578308105 112
0.22995829582214355 116
0.2358260154724121 119
0.2405378818511963 122
0.24397015571594238 124
0.24798798561096191 127
0.2521183490753174 132
0.2586839199066162 134
0.2622263431549072 137
0.26601481437683105 140
0.27060842514038086 143
0.27617549896240234 147
0.2809023857116699 150
0.28461503982543945 152
0.28891730308532715 155
0.29270052909851074 158
0.2994413375854492 164
0.30303049087524414 165
0.3067891597747803 170
0.31148433685302734 172
0.3151516914367676 174
0.32108330726623535 178
0.3246898651123047 181
0.32895803451538086 184
0.33512210845947266 188
0.33956336975097656 192
0.3431830406188965 195
0.3470137119293213 198
0.3514821529388428 202
0.35713863372802734 205
0.3618040084838867 208
0.36557435989379883 211
0.3698916435241699 214
0.3734281063079834 218
0.3799557685852051 221
0.38352298736572266 224
0.3872809410095215 227
0.391721248626709 230
0.39550137519836426 234
0.40135622024536133 235
0.4050562381744385 238
0.40946507453918457 244
0.4152262210845947 245
0.4198744297027588 250
0.4234182834625244 252
0.42719483375549316 256
0.4335510730743408 260
0.4373140335083008 262
0.44175100326538086 266
0.4455146789550781 268
0.4498167037963867 271
0.45562219619750977 276
0.4601314067840576 278
0.463672399520874 281
0.4727017879486084 287
0.4762001037597656 290
0.4816746711730957 294
0.4853971004486084 297
0.49141979217529297 302
0.49507904052734375 303
0.49965500831604004 308
0.5055840015411377 312
0.5099260807037354 314
0.5134615898132324 317
0.5171992778778076 320
0.5216407775878906 324
0.52724289894104 327
0.5317234992980957 330
0.5354745388031006 333
0.5399456024169922 336
0.543510913848877 340
0.5500750541687012 343
0.5535926818847656 346
0.5573649406433105 349
0.561830997467041 352
0.5655522346496582 356
0.5714306831359863 359
0.5750644207000732 360
0.5794403553009033 366
0.5851945877075195 368
0.5897345542907715 372
0.5933840274810791 375
0.5972321033477783 378
0.6018376350402832 382
0.6074337959289551 385
0.6118729114532471 388
0.6155965328216553 391
0.6198854446411133 394
0.6256639957427979 398
0.6299829483032227 401
0.633549690246582 404
0.6372642517089844 406
0.6417322158813477 410
0.6473605632781982 414
0.6518466472625732 417
0.6555962562561035 420
0.6600515842437744 422
0.6635727882385254 425
0.6695923805236816 430
0.6731722354888916 431
0.6769025325775146 436
0.6832666397094727 440
0.687056303024292 443
0.6916019916534424 446
0.6953461170196533 447
0.6996476650238037 451
0.7054495811462402 456
0.709730863571167 458
0.7133297920227051 462
0.7170500755310059 464
0.7216837406158447 467
0.7273199558258057 472
0.7317855358123779 474
0.7355310916900635 477
0.7398300170898438 480
0.7434144020080566 484
0.749931812286377 487
0.7534477710723877 490
0.7571914196014404 493
0.7616376876831055 496
0.7653687000274658 498
0.7712428569793701 502
0.7748208045959473 504
0.7794642448425293 510
0.7852106094360352 512
0.7895727157592773 516
0.7931690216064453 518
0.7969427108764648 522
0.8015530109405518 526
0.8071942329406738 529
0.8116610050201416 532
0.8153715133666992 534
0.8196930885314941 538
0.8232419490814209 542
0.8298346996307373 545
0.8333950042724609 548
0.8371503353118896 551
0.8418500423431396 554
0.8455953598022461 558
0.8516006469726562 561
0.8553550243377686 562
0.8597071170806885 568
0.8655209541320801 571
0.8732271194458008 577
0.8769690990447998 580
0.8815972805023193 582
0.8872528076171875 587
0.8919286727905273 590
0.8956742286682129 593
0.9002294540405273 596
0.9037625789642334 598
0.9098694324493408 603
0.9134364128112793 607
0.9199864864349365 610
0.9235363006591797 613
0.9272606372833252 616
0.9318301677703857 618
0.9355523586273193 623
0.9414336681365967 626
0.9450855255126953 627
0.9494807720184326 633
0.9552125930786133 634
0.959766149520874 639
0.9633362293243408 642
0.9670755863189697 644
0.9715838432312012 649
0.977217435836792 652
0.981837272644043 655
0.9855833053588867 658
0.9898879528045654 660
0.9934141635894775 665
0.9999778270721436 668
