0 0 
0.0031380653381347656 0
0.008222818374633789 0
0.012630462646484375 0
0.01616692543029785 0
0.0227510929107666 1
0.026269197463989258 1
0.02971959114074707 2
0.03439450263977051 2
0.038071393966674805 3
0.04952430725097656 6
0.056107521057128906 7
0.05964183807373047 9
0.06614160537719727 10
0.0702364444732666 12
0.07484126091003418 12
0.08048343658447266 15
0.08504486083984375 16
0.08881902694702148 17
0.09312868118286133 19
0.09894895553588867 21
0.10328364372253418 22
0.1068718433380127 24
0.11061334609985352 26
0.11529016494750977 27
0.12091994285583496 30
0.1256868839263916 31
0.12947511672973633 33
0.13407325744628906 34
0.13759064674377441 36
0.14341092109680176 38
0.14695239067077637 40
0.15068817138671875 42
0.1570584774017334 44
0.16085052490234375 46
0.16532039642333984 48
0.16915273666381836 50
0.17359542846679688 51
0.17938685417175293 54
0.18372774124145508 56
0.18746566772460938 57
0.19147253036499023 59
0.19557404518127441 61
0.20215773582458496 64
0.20572614669799805 65
0.20950913429260254 67
0.21407461166381836 69
0.21770262718200684 72
0.2245347499847412 73
0.22809910774230957 75
0.23240137100219727 77
0.2363748550415039 79
0.24011588096618652 80
0.24674081802368164 84
0.2505166530609131 86
0.2551295757293701 88
0.25887537002563477 90
0.2631995677947998 92
0.2690160274505615 94
0.27339601516723633 96
0.2770102024078369 98
0.28073549270629883 100
0.2852592468261719 102
0.2909281253814697 104
0.2956233024597168 106
0.2993953227996826 108
0.3039984703063965 110
0.3074502944946289 112
0.3133704662322998 114
0.3169112205505371 116
0.32067084312438965 118
0.3270418643951416 121
0.3308398723602295 123
0.33541345596313477 126
0.3440372943878174 128
0.3474910259246826 130
0.3536667823791504 133
0.35721683502197266 135
0.36136460304260254 138
0.36690831184387207 139
0.37071752548217773 141
0.375225305557251 144
0.38088202476501465 146
0.38554835319519043 148
0.3893468379974365 150
0.3936634063720703 151
0.3995020389556885 154
0.4040966033935547 156
0.4076108932495117 158
0.41214537620544434 160
0.4161186218261719 162
0.4227144718170166 164
0.4262964725494385 166
0.43003082275390625 168
0.43445754051208496 170
0.4381062984466553 172
0.4437215328216553 174
0.4474523067474365 176
0.4514291286468506 178
0.45761728286743164 181
0.4621000289916992 183
0.46567392349243164 185
0.4694364070892334 186
0.47417593002319336 188
0.47998714447021484 191
0.48444437980651855 193
0.4881007671356201 195
0.49263978004455566 197
0.4962577819824219 198
0.5028307437896729 201
0.5064387321472168 203
0.5102016925811768 205
0.514885425567627 208
0.518552303314209 209
0.524456262588501 212
0.5280754566192627 213
0.5323710441589355 216
0.5374622344970703 218
0.5414559841156006 220
0.5455458164215088 223
0.55210280418396 224
0.5556714534759521 226
0.5594470500946045 228
0.5640287399291992 230
0.5695819854736328 233
0.5741806030273438 235
0.5776867866516113 236
0.5822668075561523 238
0.5860564708709717 240
0.5924384593963623 243
0.5964021682739258 245
0.6001479625701904 247
0.6046152114868164 249
0.608196496963501 250
0.6140785217285156 253
0.6175925731658936 255
0.6220877170562744 257
0.6277246475219727 260
0.6322319507598877 262
0.6360375881195068 264
0.6395525932312012 265
0.6444175243377686 267
0.6501586437225342 270
0.6548194885253906 272
0.6583917140960693 274
0.6629009246826172 276
0.6664643287658691 277
0.6730351448059082 281
0.6766135692596436 282
0.6804888248443604 285
0.6849687099456787 286
0.6886200904846191 288
0.6945698261260986 290
0.6981649398803711 292
0.7045657634735107 295
0.7081940174102783 297
0.712794303894043 299
0.7164206504821777 300
0.7201719284057617 302
0.7265036106109619 305
0.7302751541137695 308
0.7348031997680664 309
0.7416412830352783 314
0.7468798160552979 316
0.7535910606384277 318
0.7571263313293457 320
0.7608640193939209 322
0.765498161315918 324
0.7692389488220215 326
0.7753746509552002 328
0.779146671295166 330
0.7834141254425049 333
0.7892191410064697 335
0.7935762405395508 337
0.797224760055542 338
0.800947904586792 340
0.8054201602935791 343
0.8114097118377686 345
0.815514087677002 347
0.8192620277404785 349
0.8235809803009033 351
0.8271353244781494 354
0.8341073989868164 355
0.8375968933105469 357
0.8420438766479492 359
0.8455960750579834 361
0.8493423461914062 364
0.8552062511444092 366
0.8589630126953125 367
0.8632731437683105 370
0.8690719604492188 372
0.8733799457550049 374
0.876889705657959 376
0.8806636333465576 378
0.8869905471801758 380
0.8907511234283447 382
0.8954308032989502 384
0.899165153503418 387
0.9051704406738281 389
0.9089550971984863 390
0.9132299423217773 393
0.9190428256988525 395
0.9234752655029297 397
0.9270355701446533 399
0.9307794570922852 401
0.9352211952209473 404
0.9408721923828125 405
0.9453423023223877 407
0.9490811824798584 409
0.9535424709320068 411
0.957099437713623 414
0.964440107345581 416
0.9680964946746826 418
0.9723927974700928 419
0.9761862754821777 421
0.9796791076660156 424
0.9855575561523438 426
0.9893105030059814 428
0.9936089515686035 430
0.9994335174560547 432
