0 0 
0.003767251968383789 0
0.008687496185302734 1
0.013121843338012695 1
0.016633033752441406 2
0.020482778549194336 2
0.026869773864746094 3
0.030638694763183594 4
0.03509211540222168 5
0.038845062255859375 6
0.04315638542175293 8
0.04889273643493652 10
0.05322694778442383 12
0.056810617446899414 13
0.06058001518249512 15
0.06525850296020508 16
0.07544612884521484 21
0.07932424545288086 23
0.08417105674743652 25
0.08985781669616699 28
0.09450888633728027 30
0.09808230400085449 33
0.1027383804321289 36
0.10630464553833008 38
0.11283993721008301 42
0.11641836166381836 43
0.120269775390625 47
0.1248931884765625 50
0.12862062454223633 51
0.13452887535095215 54
0.13814830780029297 57
0.14277124404907227 62
0.14860796928405762 64
0.15294122695922852 68
0.15649771690368652 70
0.16024231910705566 73
0.16477227210998535 77
0.17046046257019043 80
0.1749281883239746 82
0.17865848541259766 85
0.1831345558166504 88
0.18668508529663086 92
0.1932363510131836 95
0.19681262969970703 98
0.20054316520690918 101
0.2050025463104248 104
0.2087700366973877 108
0.214705228805542 111
0.21837425231933594 112
0.22282123565673828 118
0.22870874404907227 121
0.23299813270568848 124
0.2365882396697998 126
0.24033308029174805 129
0.24684548377990723 134
0.2506437301635742 137
0.25511837005615234 140
0.2588644027709961 142
0.26316213607788086 146
0.2689852714538574 150
0.27349400520324707 153
0.27718687057495117 156
0.28118348121643066 159
0.2853274345397949 162
0.2926011085510254 166
0.29619526863098145 169
0.2999532222747803 172
0.3046290874481201 175
0.3082089424133301 178
0.3142204284667969 182
0.3178741931915283 185
0.3221731185913086 188
0.3280973434448242 192
0.3326542377471924 197
0.33625054359436035 198
0.3400118350982666 202
0.34455180168151855 204
0.3501741886138916 210
0.3547060489654541 214
0.35833740234375 215
0.36290812492370605 220
0.3664984703063965 224
0.37311410903930664 227
0.3766748905181885 230
0.3804144859313965 233
0.38489460945129395 236
0.38861656188964844 237
0.3944878578186035 242
0.3980519771575928 245
0.40282630920410156 251
0.40871572494506836 254
0.4130370616912842 257
0.41663241386413574 260
0.42040061950683594 263
0.42505717277526855 267
0.43071818351745605 270
0.435230016708374 273
0.43897175788879395 276
0.44324660301208496 279
0.44679880142211914 284
0.4533724784851074 286
0.4569258689880371 290
0.46066713333129883 293
0.4651215076446533 296
0.468869686126709 302
0.47843146324157715 305
0.4833049774169922 309
0.48915600776672363 314
0.49389123916625977 316
0.4974019527435303 320
0.5018556118011475 322
0.5078120231628418 327
0.5121612548828125 330
0.5159647464752197 333
0.5194547176361084 336
0.5240247249603271 339
0.5297355651855469 344
0.5344717502593994 346
0.5380294322967529 350
0.5426840782165527 354
0.5462455749511719 356
0.5520114898681641 360
0.5558130741119385 363
0.5593254566192627 366
0.5658888816833496 370
0.5694527626037598 374
0.5741410255432129 376
0.5778422355651855 380
0.5821328163146973 382
0.5879349708557129 387
0.5924339294433594 390
0.5960407257080078 393
0.599785566329956 396
0.6044323444366455 399
0.6100513935089111 405
0.614572286605835 406
0.6181468963623047 410
0.6226184368133545 412
0.6262071132659912 416
0.6320362091064453 420
0.6358251571655273 423
0.63932204246521 426
0.6457839012145996 430
0.6493048667907715 434
0.6538598537445068 436
0.6573503017425537 440
0.6618056297302246 442
0.6678926944732666 447
0.6721627712249756 450
0.6760385036468506 453
0.6797523498535156 456
0.6842060089111328 459
0.6899056434631348 464
0.6943767070770264 466
0.6979236602783203 470
0.7022063732147217 472
0.707991361618042 477
0.7124786376953125 480
0.7161059379577637 483
0.7198495864868164 486
0.7245488166809082 489
0.7301537990570068 495
0.7346594333648682 496
0.7383639812469482 500
0.7427427768707275 504
0.7463133335113525 506
0.7521238327026367 510
0.7559373378753662 513
0.7594232559204102 516
0.766038179397583 520
0.76979660987854 524
0.7742373943328857 526
0.7778682708740234 530
0.7821450233459473 532
0.7882304191589355 537
0.7929389476776123 542
0.7964770793914795 545
0.8002090454101562 548
0.8047077655792236 550
0.8103122711181641 555
0.8147804737091064 558
0.8184573650360107 560
0.8228402137756348 564
0.8264334201812744 566
0.8324737548828125 570
0.8360965251922607 573
0.8398270606994629 576
0.8449513912200928 581
0.8486917018890381 584
0.8545572757720947 587
0.858102560043335 590
0.8626015186309814 593
0.868358850479126 597
0.8753616809844971 603
0.8800704479217529 608
0.8847134113311768 611
0.8903286457061768 615
0.894944429397583 618
0.8986911773681641 621
0.9032177925109863 624
0.9068033695220947 627
0.9128274917602539 632
0.9165201187133789 635
0.9203042984008789 638
0.9267737865447998 642
0.9305391311645508 645
0.9349880218505859 648
0.9387578964233398 651
0.9430603981018066 654
0.948883056640625 659
0.9531874656677246 662
0.9567220211029053 665
0.9604625701904297 668
0.9650859832763672 671
0.9707057476043701 675
0.9752163887023926 678
0.9789762496948242 681
0.983295202255249 684
0.9868340492248535 687
0.9928889274597168 692
0.996469259262085 695
