0 0 
0.0032210350036621094 0
0.006913900375366211 0
0.010602951049804688 0
0.015106678009033203 0
0.02045440673828125 -1
0.025315523147583008 -1
0.02909088134765625 -2
0.03495430946350098 -2
0.038729190826416016 -3
0.0430302619934082 -4
0.04884219169616699 -5
0.05313706398010254 -6
0.05668282508850098 -6
0.06041240692138672 -8
0.0650777816772461 -9
0.07107043266296387 -10
0.07522296905517578 -11
0.07898902893066406 -12
0.08328127861022949 -13
0.08682107925415039 -15
0.09364008903503418 -16
0.09707188606262207 -17
0.10103678703308105 -18
0.10512948036193848 -20
0.10885262489318848 -22
0.1148064136505127 -23
0.11857318878173828 -24
0.12446379661560059 -25
0.12807536125183105 -26
0.1325540542602539 -28
0.13828182220458984 -30
0.1426987648010254 -32
0.14628338813781738 -32
0.1500546932220459 -35
0.15454363822937012 -36
0.16026043891906738 -38
0.16479182243347168 -40
0.16850042343139648 -40
0.17284655570983887 -42
0.17641210556030273 -44
0.1826343536376953 -46
0.186187744140625 -47
0.1899433135986328 -49
0.19505548477172852 -50
0.19881749153137207 -52
0.20465373992919922 -54
0.2084944248199463 -55
0.21281194686889648 -58
0.21863889694213867 -59
0.2229166030883789 -60
0.22647428512573242 -62
0.23020482063293457 -64
0.23468780517578125 -66
0.2403552532196045 -67
0.24496936798095703 -69
0.24869084358215332 -70
0.2530055046081543 -72
0.2565476894378662 -74
0.2631847858428955 -76
0.2667362689971924 -77
0.2704899311065674 -78
0.2749764919281006 -80
0.2787034511566162 -82
0.2845602035522461 -84
0.28819990158081055 -84
0.2926051616668701 -87
0.2983841896057129 -88
0.3029448986053467 -90
0.30652570724487305 -92
0.31027674674987793 -93
0.3147754669189453 -96
0.320385217666626 -97
0.32510852813720703 -98
0.3288593292236328 -100
0.3331573009490967 -102
0.3389444351196289 -104
0.3432483673095703 -105
0.3467991352081299 -107
0.35055017471313477 -108
0.3550605773925781 -110
0.36105966567993164 -112
0.36533546447753906 -114
0.3740549087524414 -117
0.3777341842651367 -118
0.3820168972015381 -120
0.3880329132080078 -122
0.3926677703857422 -124
0.39626264572143555 -125
0.4001305103302002 -127
0.4046177864074707 -130
0.41027188301086426 -131
0.4147660732269287 -132
0.4185159206390381 -133
0.4229919910430908 -136
0.4265460968017578 -138
0.4331066608428955 -139
0.4367218017578125 -141
0.44048452377319336 -142
0.4449934959411621 -144
0.448716402053833 -146
0.45472192764282227 -148
0.4584953784942627 -148
0.4647862911224365 -151
0.46857333183288574 -153
0.47286152839660645 -154
0.47644996643066406 -156
0.4803175926208496 -158
0.4868311882019043 -160
0.4905891418457031 -161
0.4950897693634033 -163
0.49883556365966797 -164
0.5031132698059082 -166
0.5089287757873535 -168
0.5132436752319336 -170
0.5167949199676514 -171
0.5205442905426025 -172
0.5250365734100342 -174
0.5310671329498291 -176
0.5351645946502686 -178
0.538916826248169 -179
0.5433814525604248 -181
0.547062873840332 -182
0.5530023574829102 -184
0.5565698146820068 -186
0.5603296756744385 -188
0.5667266845703125 -190
0.5705533027648926 -191
0.5750188827514648 -193
0.5787632465362549 -194
0.5832715034484863 -196
0.5891447067260742 -198
0.5937180519104004 -200
0.5972354412078857 -201
0.6016907691955566 -202
0.6076791286468506 -205
0.612069845199585 -206
0.6158487796783447 -208
0.6193435192108154 -210
0.6240177154541016 -211
0.6301403045654297 -214
0.6346554756164551 -216
0.6383447647094727 -216
0.6427774429321289 -218
0.6463449001312256 -220
0.6523852348327637 -222
0.6559834480285645 -223
0.6597640514373779 -224
0.6663689613342285 -228
0.6702618598937988 -229
0.6747512817382812 -230
0.6785047054290771 -231
0.6828114986419678 -234
0.6886096000671387 -236
0.692929744720459 -237
0.6964967250823975 -239
0.7002782821655273 -240
0.7047829627990723 -242
0.7104396820068359 -244
0.7150931358337402 -246
0.7188441753387451 -247
0.7233202457427979 -248
0.7268846035003662 -250
0.7329771518707275 -252
0.7365429401397705 -254
0.740304708480835 -255
0.7466604709625244 -258
0.7504229545593262 -259
0.7548890113830566 -261
0.7587020397186279 -262
0.7630290985107422 -264
0.7725307941436768 -268
0.7763750553131104 -269
0.7801346778869629 -270
0.7852563858032227 -273
0.7918515205383301 -274
0.795802116394043 -276
0.7993102073669434 -277
0.8038811683654785 -279
0.807389497756958 -281
0.8142096996307373 -282
0.8177917003631592 -284
0.8220982551574707 -286
0.8258767127990723 -287
0.8293647766113281 -289
0.8352196216583252 -291
0.8389730453491211 -292
0.8448688983917236 -294
0.8486404418945312 -296
0.8529517650604248 -298
0.8587760925292969 -300
0.8630897998809814 -302
0.8666565418243408 -303
0.8704562187194824 -304
0.8749229907989502 -307
0.8805530071258545 -308
0.8850841522216797 -310
0.8888468742370605 -311
0.8931405544281006 -313
0.8966922760009766 -315
0.9036622047424316 -316
0.9071071147918701 -318
0.9117443561553955 -320
0.9152929782867432 -321
0.9190423488616943 -323
0.9248924255371094 -325
0.9286978244781494 -326
0.9330093860626221 -328
0.9388232231140137 -330
0.943115234375 -332
0.9466691017150879 -333
0.9504141807556152 -335
0.9548888206481934 -337
0.9605352878570557 -338
0.9651739597320557 -340
0.9689211845397949 -342
0.973639726638794 -343
0.9791977405548096 -345
0.9837992191314697 -347
0.9873578548431396 -348
0.9918661117553711 -350
0.9956274032592773 -351
