0 0 
0.0034575462341308594 0
0.00833749771118164 0
0.012588977813720703 0
0.016067981719970703 1
0.01986980438232422 1
0.026676416397094727 1
0.03110671043395996 1
0.0350337028503418 1
0.03855156898498535 1
0.04326319694519043 2
0.047426462173461914 2
0.05383443832397461 3
0.05739760398864746 3
0.06339406967163086 3
0.06700778007507324 4
0.07125663757324219 5
0.07715988159179688 5
0.08143854141235352 6
0.08520650863647461 6
0.08869528770446777 7
0.09534382820129395 7
0.09912681579589844 8
0.10359930992126465 9
0.10715579986572266 9
0.11142635345458984 9
0.11746931076049805 10
0.12203121185302734 11
0.1256239414215088 11
0.12939739227294922 12
0.13390469551086426 13
0.1395881175994873 14
0.14408254623413086 14
0.14785099029541016 15
0.15235590934753418 15
0.15590429306030273 16
0.16203069686889648 17
0.1656186580657959 17
0.16939234733581543 18
0.1759650707244873 19
0.17975616455078125 20
0.1842646598815918 20
0.18800735473632812 21
0.19234514236450195 21
0.19816231727600098 23
0.20249152183532715 23
0.20604348182678223 23
0.2099134922027588 24
0.2143716812133789 25
0.22001361846923828 26
0.22451162338256836 26
0.22824382781982422 27
0.23271942138671875 27
0.2362968921661377 28
0.2423543930053711 29
0.24590182304382324 30
0.2496640682220459 30
0.2560160160064697 31
0.25977087020874023 32
0.26428818702697754 33
0.26807665824890137 33
0.2724282741546631 34
0.2782721519470215 35
0.28273940086364746 36
0.2904679775238037 37
0.29506850242614746 37
0.29859256744384766 38
0.3046419620513916 39
0.3083832263946533 39
0.31511926651000977 41
0.3186945915222168 41
0.32340240478515625 42
0.32704973220825195 42
0.3314244747161865 43
0.33724522590637207 44
0.3417820930480957 45
0.3453645706176758 45
0.3491353988647461 46
0.35384178161621094 46
0.35953307151794434 47
0.36403775215148926 48
0.3677361011505127 49
0.37212085723876953 49
0.37569451332092285 50
0.38178157806396484 51
0.38537096977233887 51
0.3891603946685791 52
0.3954479694366455 53
0.3992161750793457 53
0.4037899971008301 54
0.40735864639282227 55
0.41205859184265137 56
0.41795945167541504 57
0.42223095893859863 57
0.4257957935333252 58
0.42955565452575684 59
0.43400144577026367 59
0.43969154357910156 60
0.44418883323669434 61
0.44794297218322754 61
0.4522368907928467 62
0.4557955265045166 63
0.46234917640686035 63
0.4659144878387451 64
0.46970081329345703 65
0.4743316173553467 65
0.47806620597839355 66
0.4840052127838135 67
0.48764991760253906 67
0.4922802448272705 68
0.498093843460083 69
0.5024070739746094 70
0.5059294700622559 71
0.5096909999847412 71
0.5141468048095703 72
0.5197718143463135 73
0.5242471694946289 73
0.5280475616455078 74
0.5325398445129395 75
0.53609299659729 75
0.542273998260498 76
0.5458498001098633 77
0.5495803356170654 77
0.5559122562408447 78
0.5596921443939209 79
0.5641412734985352 79
0.5678725242614746 80
0.5722589492797852 81
0.5780689716339111 82
0.5823929309844971 82
0.5859518051147461 83
0.5896978378295898 83
0.5943140983581543 85
0.5999147891998291 85
0.6043577194213867 86
0.6080999374389648 86
0.6124229431152344 87
0.615947961807251 88
0.622473955154419 89
0.6260316371917725 89
0.6297845840454102 90
0.6342446804046631 91
0.6379969120025635 91
0.643878698348999 92
0.6474511623382568 92
0.6534328460693359 93
0.657118558883667 94
0.661370038986206 95
0.667144775390625 95
0.6719446182250977 97
0.6755106449127197 97
0.6792826652526855 98
0.6837694644927979 98
0.6924853324890137 99
0.6960468292236328 101
0.7030000686645508 101
0.7064497470855713 102
0.71042799949646 102
0.7150609493255615 103
0.7185568809509277 104
0.7243967056274414 105
0.7281603813171387 105
0.732452392578125 106
0.7382340431213379 107
0.7425355911254883 107
0.7460842132568359 108
0.7498159408569336 109
0.7561533451080322 109
0.7599020004272461 110
0.7643759250640869 111
0.7681281566619873 111
0.7725827693939209 112
0.7783529758453369 113
0.7826700210571289 114
0.7864952087402344 114
0.790494441986084 115
0.7945904731750488 115
0.8011634349822998 116
0.8051526546478271 117
0.8086743354797363 118
0.8132843971252441 118
0.8170077800750732 119
0.822617769241333 120
0.8261773586273193 121
0.8299245834350586 121
0.835829496383667 122
0.8395707607269287 123
0.8440697193145752 123
0.8497133255004883 124
0.8542695045471191 125
0.8580451011657715 125
0.8623800277709961 126
0.8659448623657227 127
0.8725063800811768 128
0.8760776519775391 128
0.8798351287841797 129
0.8842926025390625 129
0.8880648612976074 131
0.8940799236297607 131
0.897857666015625 131
0.9041564464569092 133
0.9079146385192871 133
0.9123396873474121 134
0.915910005569458 135
0.921177864074707 135
0.9272725582122803 136
0.9319899082183838 137
0.9355785846710205 137
0.9393362998962402 139
0.9438707828521729 139
0.9495160579681396 140
0.9541809558868408 141
0.9579637050628662 141
0.9622676372528076 142
0.9658501148223877 143
0.9724218845367432 143
0.9759798049926758 144
0.9797463417053223 145
0.9842395782470703 145
0.9880280494689941 146
0.9939136505126953 147
0.9975724220275879 147
