0 0 
0.002658843994140625 0
0.008470296859741211 0
0.012176275253295898 0
0.01663494110107422 -1
0.02036881446838379 -1
0.02493596076965332 -2
0.030768632888793945 -4
0.03509259223937988 -4
0.03871607780456543 -6
0.042478084564208984 -7
0.04695844650268555 -9
0.052584171295166016 -10
0.057291269302368164 -12
0.06533408164978027 -15
0.07025027275085449 -16
0.0762476921081543 -19
0.0799553394317627 -21
0.084747314453125 -24
0.0906076431274414 -27
0.09491539001464844 -29
0.09850859642028809 -31
0.10229730606079102 -33
0.10679125785827637 -35
0.11244392395019531 -38
0.11713767051696777 -40
0.12100076675415039 -43
0.12530779838562012 -45
0.12887144088745117 -48
0.1349315643310547 -51
0.1385328769683838 -53
0.14232921600341797 -56
0.14875459671020508 -59
0.15254545211791992 -62
0.15702509880065918 -64
0.16077184677124023 -66
0.1651458740234375 -69
0.17098140716552734 -72
0.17577314376831055 -75
0.17927837371826172 -78
0.18374347686767578 -80
0.1873018741607666 -84
0.19392609596252441 -86
0.1977245807647705 -89
0.2012338638305664 -91
0.2058422565460205 -94
0.20934414863586426 -98
0.21641254425048828 -100
0.22000789642333984 -103
0.2246723175048828 -106
0.22827601432800293 -108
0.2345273494720459 -113
0.23816156387329102 -114
0.24193358421325684 -117
0.2483692169189453 -122
0.25215864181518555 -125
0.256680965423584 -127
0.2603921890258789 -129
0.2648019790649414 -133
0.2689535617828369 -136
0.2759380340576172 -139
0.27965688705444336 -142
0.28394079208374023 -144
0.2877683639526367 -147
0.29130101203918457 -151
0.2973461151123047 -154
0.30112123489379883 -156
0.30740785598754883 -160
0.3111894130706787 -163
0.3157529830932617 -166
0.31932902336120605 -168
0.32380056381225586 -171
0.3296694755554199 -175
0.3340461254119873 -178
0.3378620147705078 -180
0.3421201705932617 -184
0.34690117835998535 -188
0.35257720947265625 -191
0.35724306106567383 -194
0.36099982261657715 -196
0.36531686782836914 -199
0.36888742446899414 -202
0.37579917907714844 -205
0.37931084632873535 -208
0.38378334045410156 -210
0.38732433319091797 -213
0.3910946846008301 -217
0.396986722946167 -220
0.40071821212768555 -222
0.4051377773284912 -226
0.4109787940979004 -229
0.4156761169433594 -232
0.41913342475891113 -234
0.4231233596801758 -237
0.4272346496582031 -241
0.4338207244873047 -244
0.4373924732208252 -246
0.4411592483520508 -249
0.4457106590270996 -252
0.4512770175933838 -256
0.45588159561157227 -258
0.45961880683898926 -261
0.46829915046691895 -266
0.4720759391784668 -270
0.47729039192199707 -273
0.48107409477233887 -277
0.4866600036621094 -280
0.4938161373138428 -284
0.497800350189209 -286
0.5013189315795898 -289
0.5059006214141846 -292
0.5096273422241211 -294
0.5152499675750732 -298
0.5188503265380859 -301
0.5225992202758789 -304
0.529106616973877 -308
0.5331294536590576 -310
0.5373904705047607 -313
0.5411722660064697 -316
0.5457556247711182 -318
0.5513789653778076 -322
0.5560858249664307 -325
0.5597662925720215 -328
0.5640537738800049 -330
0.5678439140319824 -333
0.5744185447692871 -337
0.5780479907989502 -340
0.5818815231323242 -342
0.5863900184631348 -345
0.592047929763794 -350
0.5967285633087158 -353
0.600510835647583 -354
0.6050491333007812 -358
0.6086156368255615 -361
0.6123685836791992 -364
0.6170933246612549 -368
0.6231212615966797 -370
0.6272180080413818 -373
0.6309661865234375 -376
0.6353104114532471 -378
0.6411423683166504 -382
0.6457030773162842 -385
0.6491644382476807 -388
0.6531710624694824 -390
0.6576869487762451 -393
0.6643195152282715 -397
0.667935848236084 -400
0.6716437339782715 -402
0.6761190891265869 -405
0.6799039840698242 -408
0.685798168182373 -412
0.689307451248169 -414
0.6937768459320068 -417
0.6996822357177734 -421
0.7039687633514404 -424
0.7077867984771729 -426
0.7113349437713623 -429
0.7162497043609619 -432
0.7219469547271729 -437
0.7264738082885742 -438
0.7300698757171631 -441
0.7347068786621094 -445
0.7383077144622803 -446
0.7449085712432861 -452
0.7485101222991943 -454
0.7523164749145508 -457
0.7568325996398926 -460
0.760582685470581 -462
0.7664763927459717 -465
0.7700421810150146 -468
0.7759215831756592 -472
0.7797513008117676 -474
0.784050703048706 -477
0.7899022102355957 -481
0.7945683002471924 -485
0.798163652420044 -486
0.8019223213195801 -489
0.8064062595367432 -492
0.8121161460876465 -497
0.816652774810791 -500
0.8202874660491943 -501
0.8246984481811523 -505
0.8282895088195801 -506
0.8345029354095459 -512
0.8381686210632324 -513
0.8419525623321533 -518
0.8482191562652588 -520
0.8519906997680664 -524
0.8565237522125244 -525
0.8600971698760986 -528
0.8671255111694336 -534
0.874753475189209 -538
0.8783366680145264 -540
0.8821249008178711 -544
0.886768102645874 -546
0.8924307823181152 -550
0.8972070217132568 -553
0.900968074798584 -556
0.9052574634552002 -558
0.9087929725646973 -561
0.9146099090576172 -565
0.9182033538818359 -566
0.9220876693725586 -570
0.9265904426574707 -573
0.9302423000335693 -574
0.9346432685852051 -578
0.9382221698760986 -580
0.9419653415679932 -584
0.946476936340332 -585
0.950049877166748 -588
0.9547092914581299 -592
0.9583148956298828 -593
0.9620907306671143 -597
0.9673519134521484 -600
0.9711418151855469 -602
0.97568678855896 -605
0.9791405200958252 -608
0.9831802845001221 -610
0.9872763156890869 -613
0.9910516738891602 -616
0.9957952499389648 -618
0.9993269443511963 -621
