0 0 
0.0026056766510009766 0
0.006842136383056641 0
0.010312318801879883 0
0.014005184173583984 0
0.018621444702148438 0
0.021893024444580078 0
0.027837038040161133 0
0.034049034118652344 0
0.0386052131652832 0
0.04186725616455078 -1
0.04599642753601074 -1
0.05385541915893555 -1
0.0600581169128418 -1
0.0637826919555664 -1
0.06831145286560059 -1
0.07416558265686035 -1
0.07905960083007812 -1
0.08270740509033203 -1
0.08698725700378418 -1
0.09279346466064453 -2
0.0973048210144043 -2
0.10091495513916016 -2
0.10462379455566406 -2
0.10904812812805176 -2
0.11474180221557617 -2
0.11953926086425781 -3
0.1231997013092041 -3
0.12758803367614746 -3
0.13116192817687988 -3
0.136962890625 -3
0.14076972007751465 -3
0.14429521560668945 -3
0.15092086791992188 -3
0.15470051765441895 -4
0.15923571586608887 -4
0.16289925575256348 -4
0.167374849319458 -4
0.1729733943939209 -5
0.17763352394104004 -5
0.1812121868133545 -5
0.18494939804077148 -5
0.18948698043823242 -5
0.1951158046722412 -5
0.19974899291992188 -5
0.20348262786865234 -6
0.20780706405639648 -6
0.21142840385437012 -6
0.2174971103668213 -6
0.2210555076599121 -6
0.22478890419006348 -7
0.23114681243896484 -7
0.23490166664123535 -7
0.2395784854888916 -7
0.24320220947265625 -7
0.24760842323303223 -7
0.25331759452819824 -7
0.2577371597290039 -8
0.26127004623413086 -8
0.26509904861450195 -8
0.26958274841308594 -8
0.2752399444580078 -9
0.27971816062927246 -9
0.28345274925231934 -9
0.28774142265319824 -9
0.2913024425506592 -9
0.2979888916015625 -9
0.301516056060791 -9
0.30527639389038086 -10
0.31322240829467773 -10
0.3188595771789551 -10
0.32459497451782227 -11
0.3292827606201172 -11
0.3329446315765381 -11
0.33742451667785645 -11
0.343019962310791 -11
0.347536563873291 -11
0.35111165046691895 -11
0.3548707962036133 -12
0.3595588207244873 -12
0.3651463985443115 -12
0.36962437629699707 -12
0.3733086585998535 -12
0.37767696380615234 -13
0.38128232955932617 -13
0.3873405456542969 -13
0.3909416198730469 -13
0.3946704864501953 -13
0.4010782241821289 -13
0.404954195022583 -14
0.4094564914703369 -14
0.4130244255065918 -14
0.4176614284515381 -14
0.4234626293182373 -14
0.42778968811035156 -15
0.43132948875427246 -15
0.43506622314453125 -15
0.4395487308502197 -15
0.44516825675964355 -15
0.4496924877166748 -15
0.45812559127807617 -16
0.461688756942749 -16
0.4669804573059082 -16
0.47205042839050293 -16
0.47603631019592285 -17
0.48267674446105957 -17
0.48703837394714355 -17
0.49100232124328613 -17
0.4947476387023926 -17
0.4992241859436035 -17
0.5048613548278809 -18
0.5093913078308105 -18
0.5129444599151611 -18
0.5174129009246826 -18
0.5209865570068359 -18
0.5275511741638184 -19
0.5311131477355957 -19
0.5348870754241943 -19
0.5395512580871582 -19
0.5432066917419434 -19
0.5490946769714355 -19
0.5527098178863525 -19
0.5569655895233154 -20
0.5628581047058105 -20
0.567345142364502 -20
0.5709292888641357 -20
0.5746564865112305 -20
0.5791864395141602 -21
0.5848023891448975 -21
0.5895438194274902 -21
0.593198299407959 -21
0.5977215766906738 -21
0.6013391017913818 -21
0.6078636646270752 -22
0.6114315986633301 -22
0.615161657333374 -22
0.6196186542510986 -22
0.6232950687408447 -22
0.6292154788970947 -23
0.6327817440032959 -23
0.6370413303375244 -23
0.642927885055542 -23
0.647437334060669 -23
0.6510031223297119 -23
0.6547355651855469 -23
0.659398078918457 -24
0.6649954319000244 -24
0.6694715023040771 -24
0.6730546951293945 -24
0.6776859760284424 -25
0.6835052967071533 -25
0.6878190040588379 -25
0.6913728713989258 -25
0.6951179504394531 -25
0.699578046798706 -25
0.7051630020141602 -26
0.7096800804138184 -26
0.7133471965789795 -26
0.7179169654846191 -26
0.7214715480804443 -26
0.7275435924530029 -27
0.7311005592346191 -27
0.7348990440368652 -27
0.7402987480163574 -27
0.7440783977508545 -27
0.7491726875305176 -27
0.754826545715332 -27
0.7594928741455078 -28
0.7632031440734863 -28
0.7677934169769287 -28
0.7713336944580078 -28
0.7780683040618896 -29
0.7816226482391357 -29
0.7853672504425049 -29
0.7899322509765625 -29
0.7937002182006836 -29
0.7995567321777344 -29
0.803194522857666 -29
0.8075931072235107 -30
0.8134281635284424 -30
0.8177664279937744 -30
0.8212990760803223 -30
0.8250644207000732 -31
0.8295547962188721 -31
0.8352067470550537 -31
0.8398675918579102 -31
0.8436241149902344 -31
0.8480885028839111 -31
0.8577175140380859 -32
0.8613123893737793 -32
0.865056037902832 -32
0.8699288368225098 -32
0.8755488395690918 -32
0.8801906108856201 -33
0.8839385509490967 -33
0.8882017135620117 -33
0.8917341232299805 -33
0.8987438678741455 -33
0.9022290706634521 -33
0.9066755771636963 -33
0.9102134704589844 -34
0.913956880569458 -34
0.91990065574646 -34
0.9236123561859131 -34
0.9279406070709229 -35
0.9337947368621826 -35
0.9380855560302734 -35
0.9416306018829346 -35
0.9453873634338379 -35
0.9498310089111328 -35
0.9554874897003174 -35
0.960087776184082 -36
0.9638397693634033 -36
0.9681620597839355 -36
0.9716877937316895 -36
0.9786326885223389 -37
0.9820542335510254 -37
0.9860389232635498 -37
0.9901313781738281 -37
0.9939181804656982 -37
0.9997873306274414 -37
