0 0 
0.0032744407653808594 0
0.007074594497680664 0
0.011409521102905273 0
0.01566290855407715 0
0.01944112777709961 -1
0.02671360969543457 -2
0.03127789497375488 -3
0.03488731384277344 -4
0.03869795799255371 -5
0.0431981086730957 -6
0.048841238021850586 -9
0.053620100021362305 -10
0.057370901107788086 -11
0.06170296669006348 -14
0.06526708602905273 -16
0.0714576244354248 -18
0.07513976097106934 -20
0.08411788940429688 -25
0.09201884269714355 -30
0.09557604789733887 -32
0.0993201732635498 -34
0.10399150848388672 -37
0.10779738426208496 -39
0.11273550987243652 -42
0.11854076385498047 -46
0.12316060066223145 -48
0.12676000595092773 -51
0.1312410831451416 -54
0.1368703842163086 -58
0.14158987998962402 -62
0.14519238471984863 -65
0.14896130561828613 -68
0.15347576141357422 -71
0.15911507606506348 -76
0.16365599632263184 -78
0.16751384735107422 -82
0.1718611717224121 -84
0.17540693283081055 -88
0.18144536018371582 -92
0.1850275993347168 -94
0.18878412246704102 -98
0.19519853591918945 -103
0.19898605346679688 -106
0.2036912441253662 -109
0.20743846893310547 -112
0.2117762565612793 -116
0.2176649570465088 -120
0.22197961807250977 -123
0.22556042671203613 -126
0.22930359840393066 -130
0.23376941680908203 -133
0.23941397666931152 -138
0.24391770362854004 -141
0.24767732620239258 -144
0.2519855499267578 -148
0.255556583404541 -151
0.26172971725463867 -156
0.2653388977050781 -159
0.2691628932952881 -162
0.27551770210266113 -167
0.27930378913879395 -170
0.28380703926086426 -174
0.2875494956970215 -177
0.29191088676452637 -180
0.29773974418640137 -185
0.30207347869873047 -188
0.3056209087371826 -192
0.3093743324279785 -195
0.31388425827026367 -200
0.3199191093444824 -203
0.32419514656066895 -206
0.3279581069946289 -210
0.3328731060028076 -213
0.3386497497558594 -218
0.3432137966156006 -221
0.3467874526977539 -224
0.351306676864624 -228
0.3549046516418457 -231
0.3607206344604492 -236
0.364532470703125 -239
0.3680751323699951 -242
0.37472009658813477 -248
0.3785102367401123 -251
0.3832120895385742 -254
0.3868262767791748 -258
0.3913278579711914 -261
0.39695167541503906 -266
0.401491641998291 -271
0.405123233795166 -272
0.40889573097229004 -278
0.4133896827697754 -281
0.41907238960266113 -286
0.42357945442199707 -289
0.42736077308654785 -290
0.4316976070404053 -296
0.4352877140045166 -299
0.44148826599121094 -304
0.4450819492340088 -306
0.4488363265991211 -310
0.45523595809936523 -316
0.4590442180633545 -319
0.46369218826293945 -322
0.46746253967285156 -326
0.47182536125183105 -329
0.4776620864868164 -337
0.4865877628326416 -340
0.4912912845611572 -344
0.4949197769165039 -347
0.4987044334411621 -352
0.5037236213684082 -357
0.5093908309936523 -360
0.5140440464019775 -364
0.5178101062774658 -367
0.5221261978149414 -370
0.5256986618041992 -375
0.5325698852539062 -379
0.5360970497131348 -382
0.5405917167663574 -385
0.5441508293151855 -389
0.5508010387420654 -394
0.5546574592590332 -397
0.5581927299499512 -400
0.563129186630249 -404
0.5667099952697754 -407
0.5725970268249512 -412
0.5761237144470215 -415
0.5806894302368164 -419
0.5867674350738525 -424
0.5914556980133057 -429
0.5950784683227539 -430
0.6009328365325928 -436
0.6047818660736084 -439
0.6085245609283447 -442
0.6149132251739502 -447
0.6187314987182617 -450
0.6234471797943115 -455
0.6271190643310547 -457
0.6315460205078125 -462
0.6374118328094482 -467
0.6417331695556641 -470
0.6453371047973633 -474
0.6491165161132812 -477
0.6536681652069092 -480
0.6593382358551025 -485
0.6638596057891846 -488
0.6676127910614014 -492
0.6719217300415039 -495
0.6754674911499023 -498
0.6818068027496338 -504
0.6853852272033691 -507
0.6891584396362305 -510
0.6955287456512451 -515
0.6993229389190674 -518
0.7038266658782959 -522
0.7075817584991455 -525
0.7119331359863281 -528
0.7177653312683105 -534
0.7224769592285156 -537
0.7259500026702881 -540
0.7299447059631348 -544
0.7340636253356934 -547
0.7407238483428955 -552
0.7447175979614258 -555
0.7482151985168457 -559
0.7529215812683105 -562
0.7566039562225342 -565
0.7624771595001221 -570
0.7659330368041992 -574
0.76995849609375 -578
0.7759547233581543 -582
0.7799577713012695 -585
0.7840642929077148 -589
0.7878386974334717 -592
0.7931492328643799 -595
0.7968153953552246 -598
0.8014931678771973 -604
0.8051049709320068 -605
0.8088874816894531 -610
0.8133800029754639 -614
0.8170592784881592 -615
0.8214864730834961 -620
0.8259329795837402 -624
0.8299920558929443 -627
0.8340799808502197 -630
0.8378379344940186 -634
0.8421509265899658 -637
0.8457174301147461 -640
0.8494746685028076 -644
0.8541383743286133 -647
0.8579528331756592 -650
0.86269211769104 -654
0.8661808967590332 -657
0.8707010746002197 -660
0.8753197193145752 -665
0.879115104675293 -672
0.887087345123291 -674
0.8916301727294922 -679
0.8952105045318604 -682
0.8989863395690918 -685
0.9036252498626709 -689
0.9073648452758789 -690
0.9119291305541992 -695
0.9155240058898926 -699
0.9192764759063721 -702
0.9239318370819092 -705
0.928645133972168 -709
0.9331274032592773 -712
0.9367530345916748 -715
0.9412527084350586 -719
0.944847583770752 -722
0.9486188888549805 -726
0.953117847442627 -729
0.9567131996154785 -732
0.9611802101135254 -736
0.9647865295410156 -739
0.9685633182525635 -742
0.9731094837188721 -745
0.9777059555053711 -750
0.9824681282043457 -754
0.9859225749969482 -757
0.9899294376373291 -760
0.9940612316131592 -764
0.9978611469268799 -767
