0 0 
0.0023238658905029297 0
0.007379293441772461 0
0.01174783706665039 0
0.015427350997924805 -1
0.019838571548461914 -1
0.025589704513549805 -2
0.029966354370117188 -3
0.03346657752990723 -3
0.03725123405456543 -4
0.041710853576660156 -4
0.047338008880615234 -6
0.052077293395996094 -7
0.05582737922668457 -8
0.06014752388000488 -9
0.06361198425292969 -10
0.06939101219177246 -12
0.0729975700378418 -12
0.07649779319763184 -14
0.08209443092346191 -16
0.08586692810058594 -17
0.09514570236206055 -20
0.10147213935852051 -22
0.10518836975097656 -23
0.1098790168762207 -25
0.11338424682617188 -26
0.12031960487365723 -29
0.12384629249572754 -30
0.12756752967834473 -32
0.1320335865020752 -34
0.13577747344970703 -35
0.1413731575012207 -36
0.1449422836303711 -38
0.15030789375305176 -40
0.1538069248199463 -42
0.1575469970703125 -44
0.1644580364227295 -46
0.16902399063110352 -48
0.1729114055633545 -49
0.17638850212097168 -51
0.18107342720031738 -53
0.18651890754699707 -55
0.19132137298583984 -57
0.19486594200134277 -58
0.19939064979553223 -60
0.20290803909301758 -62
0.20954155921936035 -64
0.21317410469055176 -66
0.216949462890625 -68
0.22145915031433105 -69
0.22503447532653809 -71
0.23056364059448242 -74
0.2342832088470459 -75
0.2398529052734375 -78
0.2433605194091797 -79
0.24894475936889648 -81
0.25284671783447266 -83
0.25636768341064453 -86
0.26191258430480957 -87
0.265779972076416 -89
0.2713751792907715 -90
0.2749457359313965 -92
0.28032398223876953 -95
0.283841609954834 -96
0.2898080348968506 -99
0.2933199405670166 -100
0.29886865615844727 -102
0.30240392684936523 -104
0.3061370849609375 -107
0.31171107292175293 -108
0.3154590129852295 -110
0.3209679126739502 -112
0.3243739604949951 -114
0.33001136779785156 -116
0.3335437774658203 -117
0.33934831619262695 -120
0.3428928852081299 -122
0.34639859199523926 -124
0.3520932197570801 -126
0.3558640480041504 -128
0.36143994331359863 -129
0.36501193046569824 -131
0.37044858932495117 -134
0.374103307723999 -135
0.3798959255218506 -138
0.3834114074707031 -139
0.3871438503265381 -141
0.39380669593811035 -144
0.3975958824157715 -146
0.4021010398864746 -148
0.40589046478271484 -149
0.41039466857910156 -151
0.416154146194458 -154
0.4205141067504883 -155
0.42424798011779785 -157
0.428511381149292 -158
0.4322023391723633 -160
0.438610315322876 -163
0.44228625297546387 -164
0.44606518745422363 -166
0.45043063163757324 -168
0.45409584045410156 -170
0.45974135398864746 -172
0.46326279640197754 -173
0.4685947895050049 -176
0.4724876880645752 -178
0.4762749671936035 -180
0.48195362091064453 -182
0.4857323169708252 -183
0.49135661125183105 -185
0.49967432022094727 -189
0.5055484771728516 -191
0.510185956954956 -194
0.513671875 -196
0.5173532962799072 -198
0.5220053195953369 -200
0.5276033878326416 -202
0.532252311706543 -204
0.5359451770782471 -205
0.540320634841919 -207
0.5438113212585449 -210
0.5504472255706787 -211
0.5540950298309326 -213
0.5580744743347168 -215
0.5621631145477295 -216
0.5659410953521729 -219
0.571556568145752 -220
0.575310468673706 -222
0.5805723667144775 -224
0.5842888355255127 -226
0.5900382995605469 -228
0.5935606956481934 -230
0.5993831157684326 -232
0.6029050350189209 -234
0.6063745021820068 -236
0.611907958984375 -238
0.6156208515167236 -239
0.6211979389190674 -242
0.6245720386505127 -243
0.6301665306091309 -246
0.6336548328399658 -248
0.6395962238311768 -249
0.6431207656860352 -251
0.6466095447540283 -254
0.652376651763916 -255
0.6561274528503418 -258
0.6617460250854492 -259
0.665508508682251 -260
0.670994758605957 -263
0.6744582653045654 -265
0.680046796798706 -268
0.683574914932251 -269
0.6895616054534912 -271
0.6931188106536865 -272
0.6966114044189453 -275
0.7015697956085205 -276
0.7072231769561768 -280
0.7118837833404541 -281
0.7155876159667969 -282
0.7199251651763916 -284
0.7256760597229004 -287
0.7310690879821777 -289
0.7344717979431152 -290
0.7390472888946533 -292
0.7425265312194824 -294
0.749434232711792 -297
0.7529449462890625 -298
0.7564671039581299 -300
0.7612097263336182 -302
0.7645437717437744 -304
0.7703418731689453 -306
0.7738592624664307 -308
0.779489278793335 -310
0.7829861640930176 -312
0.7865407466888428 -313
0.7913007736206055 -315
0.7948565483093262 -316
0.7993776798248291 -318
0.8028955459594727 -320
0.8064162731170654 -322
0.8111352920532227 -324
0.8144741058349609 -325
0.8190159797668457 -327
0.82248854637146 -328
0.8262331485748291 -330
0.8319032192230225 -333
0.8356649875640869 -334
0.8399744033813477 -336
0.8434798717498779 -337
0.8472225666046143 -340
0.8517105579376221 -341
0.8554813861846924 -342
0.8598084449768066 -345
0.8633131980895996 -346
0.8670487403869629 -348
0.8715462684631348 -350
0.8752119541168213 -351
0.8803322315216064 -354
0.8840169906616211 -355
0.8880457878112793 -357
0.8922867774963379 -359
0.9011354446411133 -362
0.9045329093933105 -364
0.9094336032867432 -366
0.9129796028137207 -368
0.9164955615997314 -369
0.9213962554931641 -371
0.9249799251556396 -373
0.929497480392456 -375
0.9337725639343262 -377
0.9375011920928955 -379
0.9419863224029541 -380
0.9457221031188965 -381
0.9502229690551758 -384
0.9537100791931152 -386
0.9574143886566162 -387
0.9618973731994629 -389
0.9656414985656738 -390
0.9699759483337402 -392
0.9734840393066406 -394
0.9772262573242188 -396
0.9825022220611572 -398
0.9862854480743408 -400
0.990931510925293 -401
0.9943361282348633 -403
0.9988937377929688 -404
