0 0 
0.00231170654296875 0
0.0071604251861572266 0
0.012152910232543945 0
0.016617774963378906 -1
0.020459413528442383 -1
0.02500319480895996 -1
0.030783891677856445 -1
0.035114288330078125 -2
0.03886270523071289 -2
0.04285001754760742 -3
0.04689383506774902 -3
0.05290961265563965 -4
0.05747556686401367 -5
0.060956716537475586 -5
0.06550860404968262 -6
0.06892633438110352 -7
0.07579851150512695 -7
0.07940459251403809 -8
0.08364534378051758 -9
0.08744645118713379 -9
0.09094500541687012 -11
0.09674787521362305 -11
0.10048508644104004 -12
0.10477161407470703 -13
0.11059069633483887 -14
0.11515140533447266 -15
0.11870026588439941 -16
0.1228189468383789 -17
0.1269242763519287 -18
0.1334531307220459 -19
0.13740110397338867 -20
0.14096879959106445 -21
0.1455385684967041 -21
0.1490309238433838 -23
0.1556565761566162 -23
0.15943169593811035 -25
0.16369295120239258 -25
0.16747736930847168 -26
0.17100024223327637 -28
0.17700695991516113 -29
0.18075084686279297 -29
0.18504858016967773 -31
0.19089007377624512 -32
0.19544124603271484 -33
0.1988520622253418 -34
0.20285916328430176 -35
0.2091062068939209 -36
0.21361422538757324 -37
0.21716761589050293 -38
0.22093605995178223 -39
0.2254946231842041 -39
0.23105359077453613 -41
0.23598337173461914 -42
0.23956012725830078 -43
0.24383139610290527 -44
0.24759435653686523 -45
0.2541537284851074 -46
0.25777459144592285 -47
0.2616286277770996 -48
0.26630425453186035 -49
0.269878625869751 -50
0.27585577964782715 -51
0.2795112133026123 -52
0.2837941646575928 -53
0.2896716594696045 -55
0.29428839683532715 -56
0.29789042472839355 -57
0.3016335964202881 -57
0.3061189651489258 -58
0.31177377700805664 -60
0.3163022994995117 -61
0.31987690925598145 -61
0.3244454860687256 -63
0.3280215263366699 -63
0.33462095260620117 -65
0.338162899017334 -66
0.34187960624694824 -67
0.3463902473449707 -68
0.3500206470489502 -69
0.35613226890563965 -70
0.3596832752227783 -72
0.370105504989624 -73
0.37462735176086426 -75
0.3781921863555908 -75
0.38193392753601074 -77
0.38656139373779297 -77
0.3922104835510254 -79
0.39698219299316406 -80
0.40082597732543945 -81
0.4051375389099121 -82
0.4086911678314209 -83
0.4149360656738281 -84
0.4184846878051758 -85
0.422222375869751 -86
0.42852330207824707 -87
0.43231987953186035 -89
0.4367821216583252 -89
0.44051623344421387 -90
0.44480085372924805 -91
0.4505605697631836 -93
0.45491933822631836 -93
0.45850229263305664 -95
0.46227097511291504 -95
0.46674251556396484 -97
0.4723694324493408 -98
0.4770028591156006 -99
0.4808366298675537 -100
0.4851651191711426 -101
0.4888589382171631 -102
0.49478864669799805 -103
0.498349666595459 -104
0.5020830631256104 -105
0.508328914642334 -106
0.5120875835418701 -107
0.5165815353393555 -108
0.5203342437744141 -109
0.5277121067047119 -111
0.5314795970916748 -111
0.5361454486846924 -113
0.5397164821624756 -113
0.5442147254943848 -114
0.5498323440551758 -116
0.5543599128723145 -117
0.5579326152801514 -118
0.5616991519927979 -119
0.5662388801574707 -119
0.5719420909881592 -121
0.5764608383178711 -123
0.5801210403442383 -123
0.5844931602478027 -124
0.5880818367004395 -125
0.5943007469177246 -127
0.5979030132293701 -127
0.6016526222229004 -128
0.6080162525177002 -129
0.6117956638336182 -131
0.6163110733032227 -132
0.619985818862915 -132
0.624387264251709 -134
0.6301276683807373 -135
0.634514331817627 -136
0.6380743980407715 -137
0.6418681144714355 -138
0.6463453769683838 -139
0.6519687175750732 -140
0.6566047668457031 -141
0.6603801250457764 -142
0.6646568775177002 -143
0.6683342456817627 -145
0.6748988628387451 -145
0.6784682273864746 -147
0.6822080612182617 -147
0.686690092086792 -148
0.690464973449707 -150
0.6963179111480713 -151
0.6999938488006592 -151
0.7043924331665039 -153
0.7101209163665771 -153
0.7146580219268799 -155
0.7182624340057373 -156
0.7220573425292969 -157
0.7265384197235107 -158
0.7321639060974121 -159
0.7366597652435303 -160
0.7403945922851562 -161
0.744666337966919 -162
0.7505002021789551 -163
0.7548158168792725 -165
0.7583680152893066 -165
0.7666220664978027 -167
0.7703943252563477 -168
0.7754173278808594 -169
0.7809872627258301 -171
0.7861380577087402 -171
0.7897434234619141 -173
0.7944035530090332 -174
0.7979750633239746 -174
0.8045964241027832 -176
0.8081643581390381 -177
0.8119075298309326 -178
0.8163859844207764 -179
0.8200187683105469 -179
0.8259806632995605 -181
0.8295695781707764 -182
0.8354344367980957 -183
0.8389954566955566 -184
0.8429341316223145 -185
0.8470237255096436 -187
0.853628396987915 -187
0.8571460247039795 -189
0.8609259128570557 -189
0.8654866218566895 -190
0.8689348697662354 -192
0.8756334781646729 -193
0.8791623115539551 -194
0.8836512565612793 -195
0.8874552249908447 -195
0.891000509262085 -197
0.8970210552215576 -198
0.9007761478424072 -199
0.9050729274749756 -200
0.9110097885131836 -201
0.9158923625946045 -202
0.9195623397827148 -203
0.9238524436950684 -204
0.9297311305999756 -205
0.93424391746521 -207
0.937828779220581 -207
0.9415707588195801 -208
0.946038007736206 -209
0.9516985416412354 -211
0.9563796520233154 -212
0.9600327014923096 -213
0.9644231796264648 -214
0.9680037498474121 -215
0.9745705127716064 -216
0.9781427383422852 -217
0.9819104671478271 -218
0.9864044189453125 -219
0.9901034832000732 -219
0.9960620403289795 -221
0.9996240139007568 -222
