0 0 
0.009113073348999023 0
0.0159451961517334 0
0.02242732048034668 0
0.026734113693237305 -1
0.030283451080322266 -1
0.03399920463562012 -2
0.03845477104187012 -3
0.044042348861694336 -5
0.0486454963684082 -6
0.05236649513244629 -7
0.05667901039123535 -9
0.06018662452697754 -10
0.06548690795898438 -12
0.06943154335021973 -13
0.07317805290222168 -16
0.07876372337341309 -18
0.0825498104095459 -18
0.08809781074523926 -21
0.09140324592590332 -23
0.09695982933044434 -26
0.10046577453613281 -28
0.10626888275146484 -30
0.10979151725769043 -32
0.11323857307434082 -35
0.1187899112701416 -38
0.12259578704833984 -38
0.1283855438232422 -42
0.1319105625152588 -44
0.1372683048248291 -48
0.14074397087097168 -50
0.146697998046875 -54
0.15017914772033691 -54
0.15549468994140625 -58
0.15919280052185059 -60
0.16302776336669922 -64
0.16865825653076172 -66
0.17239046096801758 -68
0.1779038906097412 -71
0.18127918243408203 -74
0.18702077865600586 -78
0.19052648544311523 -80
0.1964282989501953 -82
0.19993329048156738 -85
0.20342659950256348 -88
0.20896625518798828 -91
0.21268129348754883 -94
0.2183387279510498 -96
0.22657418251037598 -101
0.23246288299560547 -105
0.2369673252105713 -109
0.24045491218566895 -110
0.24419069290161133 -114
0.24893474578857422 -118
0.2549104690551758 -120
0.25899791717529297 -123
0.2627403736114502 -125
0.2681541442871094 -128
0.27147960662841797 -130
0.2772965431213379 -134
0.28094053268432617 -137
0.2865872383117676 -140
0.29010725021362305 -142
0.29500532150268555 -146
0.2991766929626465 -148
0.30289530754089355 -152
0.30861663818359375 -154
0.31233882904052734 -156
0.31775498390197754 -160
0.32123374938964844 -162
0.3268558979034424 -166
0.33034181594848633 -168
0.3359415531158447 -172
0.3395061492919922 -174
0.3432278633117676 -178
0.3488039970397949 -181
0.35251736640930176 -182
0.3580930233001709 -186
0.3614022731781006 -188
0.36723947525024414 -192
0.37073588371276855 -195
0.3765225410461426 -198
0.38002920150756836 -200
0.3835000991821289 -204
0.3890652656555176 -207
0.3928191661834717 -210
0.3972611427307129 -212
0.4012463092803955 -215
0.40694212913513184 -218
0.4107701778411865 -221
0.4168996810913086 -225
0.4203939437866211 -226
0.42720460891723633 -232
0.43068981170654297 -234
0.4344065189361572 -237
0.4389009475708008 -240
0.44263720512390137 -241
0.4482269287109375 -245
0.45177555084228516 -248
0.4571089744567871 -251
0.46062207221984863 -254
0.4664607048034668 -256
0.46996259689331055 -259
0.47345519065856934 -263
0.47903966903686523 -266
0.4827730655670166 -268
0.48848772048950195 -271
0.49221110343933105 -274
0.49747133255004883 -278
0.5011751651763916 -280
0.5067434310913086 -284
0.5102653503417969 -286
0.5158007144927979 -289
0.5193042755126953 -292
0.5230317115783691 -296
0.5286142826080322 -297
0.5323474407196045 -300
0.5381255149841309 -304
0.5414516925811768 -306
0.5465881824493408 -309
0.5523567199707031 -313
0.556842565536499 -317
0.5603189468383789 -318
0.5640268325805664 -322
0.5685558319091797 -324
0.5741791725158691 -329
0.5786480903625488 -330
0.5824902057647705 -332
0.5868668556213379 -336
0.5903792381286621 -338
0.5970165729522705 -343
0.6005227565765381 -346
0.6042191982269287 -348
0.608881950378418 -351
0.6126139163970947 -352
0.6182124614715576 -356
0.6215078830718994 -362
0.6321496963500977 -366
0.6367676258087158 -370
0.6402707099914551 -371
0.6439869403839111 -374
0.6486020088195801 -376
0.6542501449584961 -381
0.6587173938751221 -384
0.6624326705932617 -385
0.6669940948486328 -389
0.6705136299133301 -393
0.6771228313446045 -396
0.6806478500366211 -398
0.6844561100006104 -401
0.6889445781707764 -403
0.6926496028900146 -405
0.6982448101043701 -409
0.7017650604248047 -411
0.7070877552032471 -415
0.7106022834777832 -418
0.7164003849029541 -420
0.719907283782959 -423
0.7233858108520508 -427
0.72910475730896 -430
0.7328150272369385 -432
0.738396406173706 -435
0.7419359683990479 -438
0.7473039627075195 -442
0.7509222030639648 -444
0.7565751075744629 -447
0.7600855827331543 -449
0.7649722099304199 -453
0.7692193984985352 -456
0.7729828357696533 -460
0.778573751449585 -461
0.7821872234344482 -464
0.7874929904937744 -468
0.7911701202392578 -470
0.7957503795623779 -473
0.7994120121002197 -476
0.8031563758850098 -478
0.8074796199798584 -481
0.8111486434936523 -484
0.8154182434082031 -486
0.8191132545471191 -489
0.8228299617767334 -491
0.8271780014038086 -494
0.8306756019592285 -496
0.8363215923309326 -499
0.8399043083190918 -502
0.8433916568756104 -504
0.848290205001831 -507
0.851834774017334 -510
0.8564088344573975 -512
0.8599066734313965 -515
0.8634107112884521 -518
0.8681795597076416 -520
0.8715097904205322 -523
0.8762409687042236 -525
0.8795149326324463 -528
0.8832597732543945 -530
0.8887183666229248 -534
0.8924539089202881 -536
0.8967792987823486 -540
0.9002749919891357 -541
0.904026985168457 -545
0.9087197780609131 -548
0.9124667644500732 -549
0.916785717010498 -553
0.9202790260314941 -554
0.9240257740020752 -558
0.9286782741546631 -561
0.9324190616607666 -562
0.9375014305114746 -566
0.941279411315918 -568
0.9457950592041016 -571
0.9492931365966797 -574
0.9530227184295654 -576
0.957369327545166 -579
0.9610044956207275 -582
0.9649784564971924 -584
0.9693012237548828 -587
0.9730532169342041 -590
0.9773895740509033 -592
0.981074333190918 -595
0.9849746227264404 -598
0.9901416301727295 -600
0.993863582611084 -603
0.9983787536621094 -606
