0 0 
0.0023894309997558594 0
0.007539987564086914 0
0.011976957321166992 0
0.015616416931152344 0
0.020275592803955078 -1
0.02610039710998535 -1
0.03058648109436035 -2
0.03415060043334961 -3
0.037940025329589844 -4
0.04245305061340332 -5
0.04897809028625488 -7
0.05255389213562012 -7
0.05630207061767578 -9
0.06059098243713379 -10
0.06415629386901855 -11
0.07017636299133301 -13
0.0738377571105957 -15
0.07760214805603027 -16
0.08292174339294434 -18
0.08644843101501465 -20
0.09226465225219727 -21
0.09600520133972168 -23
0.10032033920288086 -26
0.10614180564880371 -27
0.11045336723327637 -29
0.11408329010009766 -31
0.11784768104553223 -33
0.12236857414245605 -35
0.12839865684509277 -37
0.1325089931488037 -39
0.13625502586364746 -41
0.14095616340637207 -43
0.14441800117492676 -46
0.15119552612304688 -48
0.1549358367919922 -50
0.15926766395568848 -52
0.16324853897094727 -54
0.16845393180847168 -57
0.1725919246673584 -59
0.1763472557067871 -61
0.18068575859069824 -64
0.18653512001037598 -66
0.19109416007995605 -68
0.19460439682006836 -70
0.19907736778259277 -72
0.20657730102539062 -77
0.2123112678527832 -80
0.21793007850646973 -82
0.2225785255432129 -84
0.22632193565368652 -86
0.23104023933410645 -89
0.23456859588623047 -91
0.241363525390625 -93
0.24503064155578613 -96
0.24932217597961426 -98
0.2531015872955322 -100
0.25663256645202637 -103
0.26268696784973145 -105
0.2665061950683594 -107
0.27311062812805176 -111
0.2766571044921875 -113
0.28135156631469727 -115
0.2850339412689209 -117
0.28931570053100586 -119
0.29534912109375 -122
0.2998781204223633 -125
0.3034672737121582 -127
0.3072397708892822 -130
0.3117523193359375 -131
0.3174118995666504 -135
0.3220996856689453 -137
0.32587528228759766 -139
0.33025550842285156 -141
0.3338296413421631 -143
0.33992552757263184 -147
0.34351229667663574 -148
0.3472623825073242 -151
0.35369372367858887 -154
0.35749244689941406 -156
0.36195993423461914 -159
0.365649938583374 -159
0.37001490592956543 -163
0.37584590911865234 -166
0.38036108016967773 -168
0.38392138481140137 -170
0.3876917362213135 -172
0.39217090606689453 -175
0.39781832695007324 -178
0.4023749828338623 -180
0.4061307907104492 -182
0.41045570373535156 -184
0.414017915725708 -187
0.4209733009338379 -189
0.4244401454925537 -191
0.42844271659851074 -194
0.4325375556945801 -196
0.4363408088684082 -199
0.4423656463623047 -201
0.44613051414489746 -203
0.4504094123840332 -207
0.456256628036499 -209
0.46053433418273926 -211
0.46408891677856445 -213
0.46787428855895996 -215
0.4723470211029053 -218
0.47837305068969727 -221
0.48256564140319824 -223
0.48633909225463867 -225
0.4906485080718994 -227
0.49648571014404297 -230
0.5013389587402344 -232
0.5049989223480225 -235
0.5092921257019043 -237
0.5131072998046875 -239
0.5197546482086182 -242
0.5233688354492188 -244
0.527123212814331 -246
0.5316054821014404 -249
0.5352067947387695 -251
0.5410897731781006 -254
0.5446178913116455 -256
0.5491359233856201 -258
0.5552206039428711 -261
0.5599019527435303 -265
0.5634975433349609 -265
0.5672638416290283 -269
0.5718545913696289 -272
0.577512264251709 -274
0.5819969177246094 -276
0.5857648849487305 -277
0.5901052951812744 -281
0.5936822891235352 -284
0.6002974510192871 -286
0.603844404220581 -290
0.6121187210083008 -293
0.6158857345581055 -295
0.6217670440673828 -297
0.6253776550292969 -299
0.6300191879272461 -303
0.6358959674835205 -305
0.6402361392974854 -307
0.6438107490539551 -309
0.6475841999053955 -312
0.6520750522613525 -315
0.6577281951904297 -317
0.662219762802124 -319
0.665996789932251 -321
0.6703016757965088 -323
0.6739552021026611 -327
0.6810014247894287 -329
0.6845221519470215 -331
0.6884646415710449 -333
0.6925592422485352 -335
0.6963343620300293 -339
0.7022123336791992 -341
0.7060012817382812 -343
0.7103381156921387 -346
0.7161657810211182 -348
0.7205519676208496 -351
0.7241237163543701 -353
0.7278954982757568 -355
0.7323808670043945 -358
0.7384223937988281 -360
0.7426834106445312 -362
0.7464606761932373 -364
0.7510502338409424 -367
0.7545969486236572 -370
0.7613809108734131 -372
0.7650387287139893 -374
0.7693359851837158 -376
0.7731311321258545 -378
0.7766437530517578 -381
0.7825462818145752 -384
0.7864127159118652 -387
0.7936487197875977 -390
0.7974236011505127 -392
0.8020730018615723 -395
0.8058202266693115 -397
0.8103172779083252 -399
0.8161475658416748 -402
0.8205075263977051 -404
0.8240532875061035 -406
0.8278205394744873 -408
0.8322856426239014 -411
0.8379075527191162 -414
0.8424336910247803 -416
0.8461837768554688 -418
0.8505208492279053 -420
0.8540782928466797 -423
0.8610985279083252 -425
0.8646130561828613 -427
0.8691256046295166 -430
0.8726511001586914 -432
0.876431941986084 -435
0.8822836875915527 -437
0.8860409259796143 -439
0.8903384208679199 -443
0.8961560726165771 -445
0.9005069732666016 -447
0.9040725231170654 -449
0.9078304767608643 -451
0.9123847484588623 -455
0.9184341430664062 -457
0.9229781627655029 -459
0.9265172481536865 -461
0.9311420917510986 -463
0.934668779373169 -466
0.941633939743042 -468
0.9451901912689209 -471
0.9496588706970215 -473
0.9532637596130371 -475
0.9591109752655029 -478
0.9626739025115967 -480
0.9664504528045654 -482
0.9730212688446045 -485
0.9766182899475098 -488
0.9815170764923096 -490
0.9851493835449219 -492
0.9896352291107178 -494
0.9952163696289062 -497
0.9990391731262207 -499
