0 0 
0.0024454593658447266 0
0.0071392059326171875 0
0.0121612548828125 0
0.016600370407104492 0
0.02030801773071289 -1
0.024895429611206055 -2
0.030720233917236328 -3
0.03504610061645508 -4
0.03866863250732422 -5
0.04242062568664551 -6
0.04688143730163574 -8
0.05254650115966797 -10
0.05723762512207031 -12
0.06098461151123047 -13
0.06529855728149414 -15
0.06884574890136719 -18
0.07575178146362305 -20
0.07925939559936523 -22
0.08369731903076172 -24
0.08763909339904785 -26
0.09116339683532715 -30
0.09697318077087402 -32
0.10070610046386719 -34
0.10502982139587402 -38
0.11084818840026855 -40
0.11564826965332031 -42
0.1191105842590332 -45
0.12313199043273926 -48
0.12720775604248047 -51
0.1337757110595703 -54
0.13733839988708496 -56
0.1410973072052002 -59
0.14537858963012695 -62
0.14892172813415527 -66
0.1557927131652832 -68
0.15935516357421875 -71
0.16384434700012207 -74
0.1673743724822998 -77
0.17113375663757324 -81
0.17713308334350586 -84
0.18092560768127441 -87
0.18521428108215332 -91
0.19106388092041016 -94
0.19538378715515137 -97
0.19893264770507812 -100
0.2030794620513916 -102
0.2093520164489746 -107
0.21390485763549805 -110
0.21783971786499023 -113
0.22134947776794434 -116
0.22667503356933594 -120
0.23236560821533203 -125
0.23711276054382324 -128
0.2408769130706787 -131
0.24521350860595703 -134
0.24875688552856445 -136
0.25482177734375 -141
0.258378267288208 -144
0.2621734142303467 -148
0.2684824466705322 -152
0.272235631942749 -154
0.27666330337524414 -158
0.2803456783294678 -159
0.2847113609313965 -165
0.29059720039367676 -168
0.29503631591796875 -171
0.29862236976623535 -174
0.3038802146911621 -177
0.3096625804901123 -182
0.3140294551849365 -185
0.3178379535675049 -188
0.321364164352417 -191
0.3262052536010742 -194
0.33185601234436035 -198
0.33637285232543945 -202
0.33992552757263184 -204
0.3445322513580322 -209
0.35104942321777344 -215
0.3579597473144531 -220
0.36306262016296387 -223
0.36730432510375977 -228
0.37389636039733887 -230
0.37785840034484863 -234
0.3813490867614746 -237
0.3860344886779785 -240
0.391681432723999 -244
0.3962368965148926 -248
0.39983367919921875 -250
0.4044036865234375 -254
0.40802907943725586 -256
0.41382265090942383 -261
0.4178168773651123 -264
0.4213387966156006 -267
0.4271540641784668 -272
0.4309239387512207 -275
0.4353783130645752 -278
0.4419848918914795 -284
0.44667840003967285 -287
0.4503617286682129 -289
0.4549074172973633 -294
0.4584991931915283 -296
0.4645669460296631 -301
0.46814465522766113 -302
0.471909761428833 -306
0.4779024124145508 -310
0.4816305637359619 -314
0.4862649440765381 -316
0.4919307231903076 -322
0.4965095520019531 -324
0.500089168548584 -327
0.5046191215515137 -332
0.5081822872161865 -333
0.5147640705108643 -340
0.5183916091918945 -342
0.5221390724182129 -346
0.5266664028167725 -349
0.530353307723999 -350
0.5364847183227539 -355
0.5400865077972412 -358
0.5465481281280518 -364
0.5502195358276367 -366
0.5546553134918213 -370
0.5582118034362793 -372
0.5619714260101318 -376
0.5683736801147461 -381
0.5721609592437744 -384
0.5767345428466797 -387
0.5805501937866211 -390
0.5849018096923828 -393
0.5907433032989502 -398
0.5952432155609131 -401
0.598801851272583 -404
0.6025323867797852 -407
0.6071591377258301 -410
0.6137187480926514 -415
0.6172850131988525 -418
0.621039867401123 -421
0.6253359317779541 -424
0.6288866996765137 -427
0.6349289417266846 -432
0.6385054588317871 -435
0.6422967910766602 -440
0.6485669612884521 -442
0.6523263454437256 -446
0.6569716930389404 -448
0.6607184410095215 -452
0.6650450229644775 -456
0.6708993911743164 -460
0.6753025054931641 -462
0.6788461208343506 -466
0.6826009750366211 -468
0.6870925426483154 -473
0.6931381225585938 -476
0.697249174118042 -480
0.701012134552002 -482
0.7052896022796631 -486
0.7088546752929688 -490
0.7159132957458496 -493
0.7196431159973145 -496
0.7238986492156982 -499
0.7277438640594482 -502
0.7312829494476318 -507
0.7373409271240234 -510
0.7410860061645508 -513
0.7453844547271729 -519
0.7562291622161865 -524
0.7598404884338379 -527
0.7644705772399902 -530
0.7680881023406982 -533
0.7738761901855469 -538
0.7779932022094727 -541
0.7817401885986328 -544
0.7880463600158691 -548
0.791928768157959 -553
0.7964372634887695 -555
0.8000130653381348 -558
0.8044970035552979 -561
0.809938907623291 -566
0.8144433498382568 -568
0.8180274963378906 -572
0.8217906951904297 -575
0.8262665271759033 -578
0.8298542499542236 -581
0.8344519138336182 -584
0.8380873203277588 -587
0.8418877124786377 -590
0.8463714122772217 -593
0.8499436378479004 -596
0.8544788360595703 -599
0.85892653465271 -604
0.8630380630493164 -607
0.867316722869873 -610
0.8711049556732178 -613
0.8756566047668457 -616
0.8791065216064453 -619
0.8830986022949219 -622
0.8871762752532959 -626
0.8909282684326172 -628
0.8953869342803955 -632
0.8989303112030029 -635
0.9030795097351074 -638
0.9072730541229248 -641
0.9121239185333252 -646
0.9166133403778076 -648
0.9202547073364258 -650
0.9246525764465332 -655
0.9282560348510742 -656
0.9320299625396729 -661
0.936535120010376 -662
0.9401047229766846 -665
0.9445853233337402 -670
0.9481456279754639 -672
0.9519164562225342 -675
0.9566142559051514 -679
0.9611556529998779 -682
0.9657368659973145 -686
0.9692482948303223 -688
0.9737167358398438 -692
0.9772922992706299 -694
0.9810843467712402 -698
0.9856383800506592 -701
0.989093542098999 -704
0.9930682182312012 -707
0.9973149299621582 -710
