0 0 
0.002409219741821289 0
0.0070438385009765625 0
0.012048482894897461 0
0.016513347625732422 -1
0.020188570022583008 -1
0.025143146514892578 -2
0.0309450626373291 -3
0.03522896766662598 -4
0.03881406784057617 -5
0.0425412654876709 -6
0.047051191329956055 -8
0.052721261978149414 -10
0.05717873573303223 -11
0.06093144416809082 -12
0.06538271903991699 -14
0.0689096450805664 -16
0.07581925392150879 -18
0.0792546272277832 -20
0.08323931694030762 -22
0.08747577667236328 -24
0.09122252464294434 -26
0.0970604419708252 -28
0.10079407691955566 -30
0.10506987571716309 -34
0.11088180541992188 -36
0.11528539657592773 -38
0.11886954307556152 -40
0.12260770797729492 -42
0.1270430088043213 -46
0.1327073574066162 -48
0.13719773292541504 -50
0.14093494415283203 -52
0.14539527893066406 -55
0.14894723892211914 -58
0.1555328369140625 -60
0.15927481651306152 -63
0.16330742835998535 -65
0.1673882007598877 -68
0.17114686965942383 -71
0.17701339721679688 -74
0.18075871467590332 -76
0.185042142868042 -80
0.19091534614562988 -82
0.19539403915405273 -85
0.19894027709960938 -87
0.20270085334777832 -90
0.2073674201965332 -94
0.21391510963439941 -96
0.2174530029296875 -98
0.2212517261505127 -101
0.2255570888519287 -104
0.23137164115905762 -108
0.23595356941223145 -110
0.2394392490386963 -112
0.24388337135314941 -115
0.24744415283203125 -118
0.2541193962097168 -122
0.2579159736633301 -124
0.2615067958831787 -127
0.2664322853088379 -129
0.26999855041503906 -132
0.2758455276489258 -136
0.27932286262512207 -138
0.2833220958709717 -141
0.2895228862762451 -145
0.29404473304748535 -147
0.2978076934814453 -150
0.3013591766357422 -152
0.3059196472167969 -155
0.3115262985229492 -159
0.3162565231323242 -162
0.3241879940032959 -168
0.32835984230041504 -170
0.3341982364654541 -174
0.3381674289703369 -176
0.3419175148010254 -178
0.3484659194946289 -182
0.3522770404815674 -186
0.35677528381347656 -189
0.3604240417480469 -190
0.3648402690887451 -194
0.3705410957336426 -197
0.3749675750732422 -201
0.3785276412963867 -204
0.3822755813598633 -206
0.3869132995605469 -209
0.39254188537597656 -212
0.39704370498657227 -215
0.40088343620300293 -218
0.40520405769348145 -220
0.4087347984313965 -223
0.41475963592529297 -227
0.4183197021484375 -228
0.4221222400665283 -232
0.4285013675689697 -236
0.4322841167449951 -239
0.43679308891296387 -242
0.44043779373168945 -243
0.44501352310180664 -247
0.4508359432220459 -251
0.45535826683044434 -253
0.45889735221862793 -256
0.46263837814331055 -258
0.467087984085083 -261
0.47274255752563477 -265
0.47724366188049316 -268
0.48113417625427246 -270
0.4854700565338135 -273
0.48902416229248047 -276
0.49504852294921875 -280
0.49860215187072754 -282
0.502354621887207 -285
0.5074472427368164 -288
0.5112462043762207 -292
0.51708984375 -294
0.5208280086517334 -297
0.5251262187957764 -301
0.5309617519378662 -303
0.535252571105957 -306
0.538841724395752 -308
0.5425710678100586 -311
0.5470659732818604 -315
0.5527262687683105 -318
0.5572035312652588 -320
0.560950756072998 -323
0.5654158592224121 -326
0.5690710544586182 -330
0.5759479999542236 -332
0.5794439315795898 -335
0.5839083194732666 -337
0.5878777503967285 -340
0.5913825035095215 -344
0.5972602367401123 -347
0.6010146141052246 -349
0.605288028717041 -353
0.6111271381378174 -356
0.6154141426086426 -358
0.6189701557159424 -361
0.6227185726165771 -364
0.6273767948150635 -368
0.6339397430419922 -370
0.6375045776367188 -373
0.6412725448608398 -376
0.6458323001861572 -378
0.6513791084289551 -382
0.6560022830963135 -385
0.6594998836517334 -387
0.6639909744262695 -390
0.6678798198699951 -393
0.6745004653930664 -396
0.6781175136566162 -399
0.6818697452545166 -402
0.6865313053131104 -404
0.6901159286499023 -407
0.6959962844848633 -411
0.6995139122009277 -414
0.70401930809021 -416
0.7099347114562988 -420
0.7142620086669922 -423
0.7182614803314209 -426
0.7266478538513184 -431
0.7302486896514893 -433
0.7365303039550781 -437
0.7401103973388672 -440
0.7459657192230225 -444
0.7495267391204834 -446
0.7540192604064941 -449
0.7599236965179443 -453
0.7642335891723633 -456
0.7680320739746094 -458
0.771531343460083 -461
0.7762153148651123 -464
0.7819421291351318 -468
0.7865688800811768 -470
0.7901489734649658 -473
0.7952890396118164 -477
0.7988488674163818 -480
0.8058114051818848 -483
0.8092765808105469 -486
0.8132522106170654 -488
0.8173348903656006 -491
0.821099042892456 -495
0.8269674777984619 -498
0.8307061195373535 -500
0.8350415229797363 -504
0.8408715724945068 -507
0.8453516960144043 -510
0.8488929271697998 -512
0.8526403903961182 -515
0.8571333885192871 -519
0.8627510070800781 -521
0.8673806190490723 -524
0.8711366653442383 -526
0.8754434585571289 -529
0.8789944648742676 -533
0.8858470916748047 -536
0.8892989158630371 -538
0.8932914733886719 -541
0.8973984718322754 -544
0.9011480808258057 -546
0.9064502716064453 -549
0.9101426601409912 -552
0.9146466255187988 -554
0.918255090713501 -557
0.9219887256622314 -560
0.9266829490661621 -562
0.930269718170166 -565
0.9354832172393799 -569
0.939028263092041 -571
0.9427797794342041 -574
0.9472842216491699 -576
0.9510197639465332 -579
0.955308198928833 -582
0.9588711261749268 -584
0.9626142978668213 -587
0.9670693874359131 -590
0.9708869457244873 -592
0.9753639698028564 -595
0.9789073467254639 -598
0.9826803207397461 -600
0.9881820678710938 -603
0.9919538497924805 -606
0.9964351654052734 -608
