0 0 
0.002214670181274414 0
0.0059397220611572266 0
0.010385990142822266 1
0.014027118682861328 1
0.01844954490661621 1
0.021979093551635742 2
0.03364396095275879 4
0.038968563079833984 5
0.04487419128417969 7
0.05017375946044922 9
0.05374455451965332 10
0.058258771896362305 12
0.061837196350097656 13
0.06839990615844727 16
0.07204961776733398 17
0.07582426071166992 19
0.08036947250366211 21
0.08418083190917969 23
0.09023666381835938 25
0.09390115737915039 27
0.09830570220947266 30
0.10416483879089355 31
0.10850167274475098 35
0.11207771301269531 37
0.11585354804992676 39
0.12039947509765625 42
0.12606596946716309 44
0.1306924819946289 46
0.1344585418701172 48
0.1389021873474121 51
0.14468693733215332 54
0.14950942993164062 56
0.15302443504333496 59
0.15752863883972168 61
0.16135740280151367 63
0.16802477836608887 67
0.1716625690460205 69
0.17542338371276855 71
0.1799154281616211 74
0.1834719181060791 76
0.18933558464050293 80
0.19280266761779785 82
0.19733023643493652 85
0.203016996383667 88
0.20750045776367188 91
0.21147799491882324 93
0.22237086296081543 101
0.22619867324829102 103
0.23445630073547363 108
0.2417147159576416 112
0.24552345275878906 114
0.25063109397888184 118
0.2543830871582031 122
0.2616121768951416 124
0.26860928535461426 129
0.2744426727294922 133
0.278749942779541 135
0.2822995185852051 138
0.2860836982727051 141
0.29251623153686523 144
0.29869580268859863 148
0.30226778984069824 151
0.30602455139160156 155
0.3119347095489502 156
0.3187255859375 162
0.3287808895111084 167
0.3323338031768799 170
0.3360769748687744 172
0.34258198738098145 177
0.34976816177368164 180
0.35343313217163086 183
0.35772013664245605 185
0.36162567138671875 188
0.36848902702331543 193
0.37433362007141113 197
0.37870001792907715 199
0.3822605609893799 202
0.3859994411468506 205
0.3919062614440918 207
0.4003427028656006 213
0.40401768684387207 215
0.4100182056427002 218
0.41553378105163574 222
0.42195725440979004 226
0.42811036109924316 230
0.43390703201293945 234
0.43833494186401367 237
0.4419286251068115 239
0.44822168350219727 244
0.4562358856201172 249
0.4607672691345215 252
0.4667844772338867 255
0.47087955474853516 258
0.47463464736938477 261
0.4794299602508545 263
0.4849891662597656 267
0.48999667167663574 269
0.49564695358276367 275
0.5001709461212158 276
0.5037522315979004 279
0.509976863861084 282
0.5155835151672363 287
0.5203151702880859 291
0.5285429954528809 295
0.5321249961853027 298
0.5358612537384033 300
0.542248010635376 304
0.5459895133972168 307
0.5507216453552246 311
0.5567226409912109 313
0.5608315467834473 316
0.5673537254333496 319
0.5712862014770508 322
0.5748116970062256 326
0.5806369781494141 329
0.5843703746795654 331
0.594585657119751 339
0.6005992889404297 341
0.6043639183044434 344
0.6087303161621094 348
0.6168015003204346 351
0.6210253238677979 354
0.6247835159301758 357
0.6294991970062256 359
0.6330018043518066 365
0.6408717632293701 367
0.6446914672851562 369
0.6574456691741943 377
0.6614203453063965 380
0.6649701595306396 384
0.6738605499267578 387
0.6786224842071533 391
0.6862468719482422 397
0.6909997463226318 399
0.6947853565216064 402
0.6999006271362305 404
0.70672607421875 409
0.7149310111999512 415
0.7197780609130859 420
0.728233814239502 425
0.7339980602264404 426
0.7387397289276123 431
0.7467179298400879 436
0.7534027099609375 440
0.7594976425170898 443
0.7667057514190674 448
0.77301025390625 452
0.7775139808654785 454
0.7836024761199951 458
0.7881147861480713 461
0.7938838005065918 465
0.7998604774475098 469
0.8034520149230957 471
0.8077263832092285 475
0.8128163814544678 480
0.8202672004699707 483
0.8279902935028076 487
0.8315980434417725 489
0.8353285789489746 491
0.8416829109191895 495
0.8455116748809814 498
0.8500332832336426 501
0.8535873889923096 503
0.8581104278564453 506
0.8638730049133301 509
0.8684308528900146 513
0.8720035552978516 516
0.8757507801055908 519
0.8802227973937988 522
0.8858628273010254 525
0.8903236389160156 527
0.8940060138702393 529
0.8983767032623291 533
0.9020628929138184 537
0.908820629119873 539
0.9123587608337402 542
0.916114091873169 544
0.9205746650695801 547
0.9243335723876953 551
0.930349588394165 553
0.9340305328369141 555
0.9384250640869141 560
0.94425368309021 562
0.9485251903533936 565
0.9520831108093262 567
0.9558303356170654 570
0.9602923393249512 574
0.9659311771392822 577
0.970442533493042 579
0.9741981029510498 581
0.9784970283508301 584
0.9842939376831055 588
0.9887568950653076 591
0.9923205375671387 593
0.9960629940032959 596
