0 0 
0.0022134780883789062 0
0.005956411361694336 0
0.010370731353759766 0
0.014059066772460938 0
0.018450498580932617 0
0.02365899085998535 0
0.02859020233154297 0
0.0343632698059082 -1
0.03868699073791504 -1
0.04222726821899414 -1
0.045937299728393555 -1
0.050467729568481445 -2
0.05651068687438965 -2
0.0610806941986084 -2
0.06459355354309082 -3
0.06914901733398438 -3
0.0772554874420166 -4
0.08105826377868652 -4
0.08456707000732422 -5
0.08910393714904785 -5
0.09255790710449219 -5
0.0986323356628418 -6
0.10217523574829102 -7
0.10592174530029297 -7
0.11233377456665039 -8
0.11655187606811523 -8
0.12102055549621582 -9
0.12457585334777832 -9
0.12914371490478516 -10
0.13474726676940918 -10
0.13949370384216309 -11
0.14316129684448242 -11
0.14746856689453125 -12
0.15128493309020996 -12
0.15789175033569336 -13
0.16157078742980957 -13
0.16538357734680176 -14
0.16991138458251953 -15
0.1736011505126953 -15
0.17973995208740234 -16
0.1841428279876709 -17
0.1886460781097412 -17
0.19454312324523926 -18
0.19911837577819824 -19
0.20263981819152832 -19
0.20709872245788574 -19
0.21077656745910645 -20
0.21738243103027344 -21
0.22122454643249512 -21
0.22475934028625488 -22
0.22968459129333496 -23
0.23534488677978516 -23
0.24004912376403809 -24
0.24370193481445312 -24
0.24810218811035156 -25
0.25173354148864746 -26
0.2578005790710449 -26
0.26138758659362793 -27
0.2651948928833008 -27
0.27156686782836914 -28
0.2753746509552002 -29
0.27992820739746094 -29
0.28360724449157715 -29
0.28806018829345703 -31
0.29387760162353516 -31
0.29839634895324707 -32
0.30196690559387207 -32
0.305741548538208 -33
0.3102600574493408 -33
0.31591200828552246 -34
0.3203914165496826 -35
0.32412171363830566 -35
0.32849812507629395 -36
0.33208632469177246 -36
0.3381516933441162 -37
0.3417348861694336 -38
0.35012125968933105 -39
0.3558011054992676 -39
0.36057138442993164 -40
0.36437010765075684 -41
0.3690488338470459 -41
0.37250518798828125 -42
0.379260778427124 -42
0.3827781677246094 -43
0.387284517288208 -43
0.3910536766052246 -44
0.39461278915405273 -45
0.40048718452453613 -45
0.4043130874633789 -46
0.40862536430358887 -47
0.41442251205444336 -47
0.41914796829223633 -48
0.4227120876312256 -48
0.42717766761779785 -49
0.430743932723999 -49
0.43732118606567383 -50
0.4411470890045166 -51
0.4446687698364258 -51
0.4492311477661133 -52
0.452770471572876 -53
0.45948147773742676 -53
0.4631471633911133 -53
0.46741819381713867 -54
0.47121405601501465 -55
0.47474002838134766 -55
0.4807925224304199 -56
0.4846382141113281 -57
0.4900338649749756 -57
0.4936661720275879 -57
0.4996457099914551 -58
0.5032365322113037 -59
0.507509708404541 -59
0.513416051864624 -60
0.5178959369659424 -61
0.5215053558349609 -61
0.5252377986907959 -62
0.5297403335571289 -62
0.535372257232666 -63
0.5400762557983398 -64
0.5437793731689453 -64
0.548163652420044 -65
0.5517153739929199 -65
0.5582759380340576 -66
0.5618829727172852 -67
0.5656194686889648 -67
0.5701260566711426 -68
0.5739650726318359 -68
0.5798695087432861 -69
0.583446741104126 -69
0.5881457328796387 -70
0.5939743518829346 -71
0.5984640121459961 -71
0.6020143032073975 -72
0.6057624816894531 -73
0.6102480888366699 -73
0.6158788204193115 -74
0.6205298900604248 -75
0.6242709159851074 -75
0.628624677658081 -76
0.632148265838623 -76
0.6381993293762207 -77
0.6417624950408936 -77
0.6455230712890625 -78
0.6518845558166504 -79
0.6557166576385498 -79
0.6603565216064453 -80
0.6641085147857666 -81
0.6742253303527832 -82
0.6801884174346924 -83
0.6839673519134521 -83
0.6882870197296143 -84
0.6941454410552979 -85
0.6985330581665039 -85
0.7020807266235352 -85
0.7058334350585938 -86
0.7102959156036377 -87
0.7159368991851807 -87
0.7205774784088135 -88
0.7243366241455078 -89
0.7286324501037598 -89
0.7321875095367432 -90
0.7387471199035645 -90
0.7423298358917236 -91
0.7507691383361816 -92
0.7545421123504639 -92
0.7599201202392578 -93
0.7636544704437256 -93
0.7698156833648682 -94
0.7733993530273438 -95
0.7781431674957275 -96
0.7839794158935547 -97
0.7882776260375977 -97
0.7918531894683838 -97
0.7957069873809814 -98
0.8002192974090576 -99
0.8058395385742188 -99
0.8103122711181641 -100
0.8140685558319092 -101
0.8184115886688232 -101
0.8219649791717529 -102
0.8306255340576172 -103
0.8343925476074219 -103
0.8390991687774658 -104
0.8426251411437988 -104
0.8473186492919922 -105
0.8532121181488037 -105
0.857750415802002 -106
0.8613495826721191 -107
0.8650953769683838 -107
0.8695998191833496 -108
0.875260591506958 -109
0.8799858093261719 -109
0.8836829662322998 -109
0.8880903720855713 -110
0.8916821479797363 -111
0.8979082107543945 -112
0.901538610458374 -112
0.9052774906158447 -113
0.9116621017456055 -113
0.9154469966888428 -114
0.9199435710906982 -115
0.9237275123596191 -115
0.9281275272369385 -116
0.9340155124664307 -117
0.9383499622344971 -117
0.9419326782226562 -117
0.9457123279571533 -118
0.950214147567749 -119
0.9558553695678711 -119
0.9605414867401123 -120
0.9643137454986572 -121
0.9686250686645508 -121
0.9722061157226562 -122
0.9790356159210205 -122
0.9824819564819336 -123
0.9865007400512695 -123
0.990631103515625 -124
0.9943978786468506 -125
