0 0 
0.0027320384979248047 0
0.0072100162506103516 0
0.010709524154663086 0
0.01492619514465332 1
0.01900482177734375 1
0.02477717399597168 2
0.028723716735839844 3
0.0322418212890625 4
0.03763866424560547 6
0.0413818359375 6
0.0467677116394043 8
0.053026676177978516 12
0.05769753456115723 14
0.06148242950439453 15
0.06575918197631836 17
0.06935906410217285 19
0.07564091682434082 22
0.07922554016113281 25
0.08299779891967773 27
0.08937525749206543 30
0.09316682815551758 33
0.09765887260437012 35
0.10139012336730957 36
0.10573053359985352 40
0.11154913902282715 44
0.1159520149230957 47
0.11954522132873535 50
0.1233060359954834 52
0.127763032913208 57
0.13340115547180176 60
0.13804841041564941 62
0.14182400703430176 65
0.14614439010620117 68
0.14973664283752441 73
0.15676569938659668 76
0.16061663627624512 79
0.16492152214050293 82
0.16871285438537598 85
0.1722266674041748 90
0.17812776565551758 92
0.1818830966949463 96
0.18619489669799805 100
0.1920793056488037 104
0.19692492485046387 107
0.2005901336669922 110
0.20491337776184082 113
0.2108001708984375 118
0.2153310775756836 121
0.21893596649169922 124
0.22269701957702637 128
0.22720837593078613 130
0.23286700248718262 137
0.2374410629272461 140
0.24109220504760742 142
0.24552083015441895 147
0.24908947944641113 148
0.25491857528686523 154
0.25893306732177734 157
0.2627239227294922 160
0.2691226005554199 165
0.2729184627532959 170
0.2774014472961426 172
0.2809903621673584 175
0.2856619358062744 180
0.29148221015930176 185
0.29584574699401855 188
0.2994105815887451 192
0.30318689346313477 195
0.3076627254486084 200
0.31328368186950684 203
0.3179183006286621 206
0.32169389724731445 210
0.3260517120361328 213
0.3296084403991699 218
0.33623600006103516 222
0.3398134708404541 225
0.34392380714416504 228
0.3480794429779053 232
0.3518638610839844 237
0.3577566146850586 240
0.3615105152130127 244
0.3657963275909424 248
0.3716247081756592 255
0.37978506088256836 259
0.3839688301086426 262
0.38820767402648926 266
0.3919804096221924 270
0.3979980945587158 274
0.40183448791503906 277
0.4077432155609131 282
0.41153407096862793 286
0.41603946685791016 289
0.4218435287475586 294
0.4261901378631592 298
0.4297215938568115 301
0.43346071243286133 304
0.4381067752838135 308
0.44467711448669434 313
0.44823598861694336 316
0.4520256519317627 320
0.45659303665161133 323
0.4600343704223633 326
0.4659421443939209 332
0.46948790550231934 335
0.4732367992401123 340
0.4794776439666748 343
0.48328375816345215 347
0.4877631664276123 350
0.4915196895599365 354
0.49601292610168457 358
0.5018651485443115 362
0.5061521530151367 365
0.509711742401123 369
0.5134494304656982 372
0.51790452003479 377
0.523914098739624 380
0.5280137062072754 384
0.5317337512969971 387
0.5360162258148193 391
0.5395772457122803 396
0.546546459197998 399
0.5499789714813232 402
0.5540065765380859 406
0.558264970779419 410
0.5620260238647461 415
0.5678644180297852 418
0.57167649269104 421
0.5778982639312744 426
0.5816981792449951 430
0.5859682559967041 433
0.5895235538482666 436
0.5932669639587402 440
0.5996181964874268 445
0.6034035682678223 448
0.6078672409057617 452
0.6116244792938232 455
0.6160798072814941 459
0.6218535900115967 464
0.6261544227600098 467
0.6296992301940918 470
0.633460283279419 474
0.6379196643829346 477
0.6439752578735352 482
0.648082971572876 486
0.6518459320068359 489
0.6561439037322998 493
0.6596899032592773 498
0.666234016418457 501
0.6701147556304932 504
0.6745500564575195 508
0.6785597801208496 511
0.6820499897003174 516
0.6878600120544434 520
0.6915864944458008 523
0.6959247589111328 528
0.7017059326171875 532
0.7059824466705322 535
0.709557056427002 538
0.7132844924926758 542
0.7177789211273193 547
0.7234230041503906 550
0.7279062271118164 554
0.731656551361084 557
0.736107587814331 561
0.7396526336669922 566
0.7462043762207031 569
0.7497575283050537 572
0.7534966468811035 576
0.7580094337463379 579
0.7617354393005371 584
0.767585277557373 588
0.7712488174438477 590
0.7814769744873047 600
0.7860534191131592 603
0.789595365524292 606
0.793311595916748 610
0.7980382442474365 613
0.8040468692779541 618
0.8086621761322021 622
0.8122222423553467 625
0.8169004917144775 629
0.8205535411834717 632
0.8261442184448242 637
0.8296949863433838 640
0.833432674407959 644
0.8397622108459473 649
0.8439512252807617 652
0.8480563163757324 656
0.851825475692749 659
0.8565628528594971 663
0.8621032238006592 668
0.8666775226593018 671
0.8702106475830078 674
0.8746228218078613 678
0.8781743049621582 683
0.8847661018371582 686
0.8885707855224609 690
0.8920869827270508 693
0.8966927528381348 697
0.9002201557159424 702
0.9069669246673584 705
0.9107270240783691 708
0.9153635501861572 712
0.9190504550933838 715
0.9249331951141357 720
0.9289441108703613 724
0.9356868267059326 731
0.9392406940460205 734
0.9429821968078613 738
0.9474844932556152 741
0.9511308670043945 742
0.9570951461791992 748
0.9607033729553223 751
0.964972734451294 754
0.9708318710327148 760
0.9754824638366699 765
0.9790661334991455 766
0.9828169345855713 772
0.9873471260070801 773
0.9929919242858887 780
0.9974792003631592 783
