0 0 
0.003882884979248047 0
0.008222103118896484 0
0.011725664138793945 1
0.015438079833984375 1
0.0199429988861084 1
0.025949716567993164 3
0.03061842918395996 3
0.03410077095031738 4
0.03897905349731445 5
0.042642831802368164 7
0.048187255859375 9
0.05396676063537598 11
0.05829334259033203 13
0.0619664192199707 15
0.06592798233032227 16
0.07006239891052246 19
0.07748746871948242 22
0.08104443550109863 23
0.08476901054382324 26
0.08944201469421387 29
0.09506678581237793 33
0.10346364974975586 37
0.1079249382019043 40
0.11145830154418945 42
0.11522674560546875 45
0.12196946144104004 49
0.12598252296447754 51
0.1302473545074463 54
0.13399815559387207 57
0.1385784149169922 59
0.1441054344177246 64
0.14896321296691895 67
0.15261292457580566 69
0.15692448616027832 72
0.16074371337890625 75
0.16737961769104004 79
0.17099595069885254 82
0.17477655410766602 85
0.1792774200439453 88
0.18284988403320312 91
0.18873906135559082 96
0.19222307205200195 99
0.1969141960144043 102
0.20273613929748535 106
0.20742273330688477 111
0.21103715896606445 112
0.21494460105895996 117
0.2194366455078125 120
0.22510981559753418 125
0.2297837734222412 128
0.23352336883544922 131
0.2377922534942627 134
0.24137330055236816 137
0.24744629859924316 142
0.25104641914367676 143
0.254833459854126 148
0.2612266540527344 153
0.2650113105773926 156
0.26968836784362793 159
0.27349042892456055 162
0.27777528762817383 165
0.2836008071899414 170
0.2879519462585449 173
0.29149937629699707 177
0.2952573299407959 179
0.2997314929962158 185
0.30537867546081543 187
0.3098716735839844 191
0.31361913681030273 194
0.3179454803466797 197
0.321483850479126 202
0.32819437980651855 205
0.3320159912109375 208
0.33600425720214844 211
0.34009385108947754 215
0.3438718318939209 220
0.349761962890625 223
0.35352635383605957 226
0.35796022415161133 231
0.36377978324890137 234
0.3681313991546631 237
0.37166714668273926 241
0.3754405975341797 244
0.37990498542785645 249
0.385540246963501 252
0.39021897315979004 255
0.39397668838500977 258
0.3982827663421631 261
0.40204477310180664 266
0.40876221656799316 269
0.4122750759124756 273
0.416778564453125 276
0.42052721977233887 279
0.42406463623046875 284
0.4299039840698242 287
0.43364477157592773 291
0.43794679641723633 295
0.44377565383911133 299
0.4482853412628174 302
0.4518260955810547 305
0.45593857765197754 308
0.4600353240966797 313
0.4665849208831787 316
0.47014474868774414 319
0.47388744354248047 323
0.4781966209411621 326
0.4840688705444336 331
0.4889097213745117 334
0.49254679679870605 337
0.4967994689941406 341
0.5042588710784912 347
0.5095021724700928 353
0.5151500701904297 357
0.5198030471801758 360
0.523554801940918 363
0.5280065536499023 367
0.5315985679626465 371
0.5381729602813721 375
0.5417225360870361 378
0.5454616546630859 381
0.549938440322876 384
0.5536761283874512 389
0.559532880783081 392
0.5631711483001709 394
0.5681605339050293 399
0.5717117786407471 402
0.5778207778930664 407
0.5813815593719482 410
0.5851025581359863 413
0.5914194583892822 418
0.5951967239379883 421
0.5996780395507812 425
0.6033957004547119 427
0.6077175140380859 431
0.6134939193725586 436
0.6179633140563965 439
0.6215004920959473 443
0.6252412796020508 446
0.6298649311065674 449
0.6354687213897705 454
0.639965295791626 457
0.643700361251831 461
0.648000955581665 464
0.6515557765960693 469
0.6581277847290039 472
0.6616792678833008 475
0.6654222011566162 478
0.6698653697967529 481
0.6736876964569092 487
0.6795728206634521 490
0.6832442283630371 491
0.6877622604370117 498
0.6935944557189941 501
0.6979002952575684 504
0.7014298439025879 507
0.705188512802124 511
0.7096760272979736 515
0.7152879238128662 519
0.7198045253753662 522
0.7235493659973145 525
0.7278831005096436 529
0.7314350605010986 533
0.738006591796875 537
0.741551399230957 540
0.7452991008758545 543
0.7499716281890869 547
0.7537136077880859 551
0.7595500946044922 555
0.7632148265838623 556
0.7676024436950684 563
0.7734465599060059 566
0.777747392654419 569
0.7812905311584473 573
0.7851405143737793 576
0.7914695739746094 581
0.7952578067779541 584
0.79976487159729 587
0.80350661277771 590
0.8079261779785156 593
0.813687801361084 599
0.8179817199707031 601
0.8215148448944092 605
0.8252825736999512 608
0.8297669887542725 611
0.8353948593139648 616
0.8398756980895996 619
0.843613862991333 623
0.8479194641113281 626
0.8514657020568848 629
0.857475757598877 634
0.861025333404541 635
0.8647453784942627 639
0.8706655502319336 644
0.8741827011108398 647
0.8791184425354004 650
0.884756326675415 655
0.8892357349395752 658
0.8928103446960449 661
0.8972604274749756 665
0.9035658836364746 673
0.9101428985595703 676
0.9140183925628662 679
0.9191322326660156 683
0.9247663021087646 687
0.9295439720153809 693
0.9331779479980469 694
0.9375836849212646 699
0.9411535263061523 701
0.9477622509002686 707
0.9513168334960938 710
0.9550867080688477 713
0.9595494270324707 717
0.9632329940795898 718
0.9691486358642578 723
0.972736120223999 727
0.9791326522827148 731
0.982731819152832 735
0.9870023727416992 738
0.9909529685974121 741
0.9947428703308105 744
