0 0 
0.0023195743560791016 0
0.0071294307708740234 0
0.01213526725769043 0
0.01685357093811035 -1
0.020655393600463867 -1
0.025418519973754883 -1
0.030965328216552734 -2
0.03556966781616211 -2
0.03911566734313965 -3
0.0436100959777832 -4
0.0471649169921875 -4
0.05379462242126465 -6
0.05756092071533203 -6
0.06106305122375488 -7
0.06563615798950195 -8
0.06913447380065918 -9
0.07545137405395508 -10
0.07889270782470703 -11
0.08287167549133301 -12
0.08889961242675781 -14
0.09288406372070312 -14
0.0969541072845459 -16
0.10069990158081055 -17
0.10501933097839355 -18
0.11086034774780273 -19
0.11547160148620605 -20
0.11892151832580566 -22
0.12291383743286133 -23
0.12714385986328125 -24
0.13373684883117676 -26
0.1376965045928955 -27
0.1414496898651123 -28
0.14588260650634766 -29
0.15158605575561523 -31
0.15611481666564941 -32
0.15973615646362305 -33
0.1642475128173828 -34
0.1678481101989746 -36
0.17363977432250977 -38
0.17747998237609863 -39
0.18097376823425293 -40
0.18746209144592285 -42
0.19100141525268555 -43
0.1958620548248291 -44
0.19950222969055176 -46
0.20378804206848145 -47
0.20973896980285645 -49
0.21424531936645508 -50
0.21783900260925293 -51
0.22162246704101562 -52
0.2261028289794922 -54
0.23173856735229492 -56
0.2362508773803711 -57
0.2398536205291748 -58
0.24436140060424805 -60
0.24792265892028809 -60
0.25471949577331543 -63
0.2583012580871582 -64
0.26215147972106934 -66
0.26663804054260254 -67
0.27037549018859863 -68
0.27623558044433594 -70
0.27982091903686523 -71
0.28426504135131836 -72
0.29003357887268066 -74
0.2944319248199463 -76
0.2979857921600342 -76
0.30172252655029297 -78
0.30812549591064453 -80
0.31189990043640137 -82
0.3165402412414551 -83
0.3202700614929199 -84
0.32465386390686035 -86
0.33048582077026367 -87
0.3348820209503174 -89
0.33847618103027344 -90
0.342205286026001 -91
0.3466510772705078 -92
0.3523097038269043 -94
0.3567657470703125 -96
0.36051154136657715 -97
0.3648412227630615 -98
0.3683786392211914 -100
0.37457966804504395 -102
0.38088154792785645 -104
0.3866448402404785 -105
0.3923218250274658 -107
0.3969883918762207 -108
0.4008302688598633 -110
0.40635013580322266 -112
0.40999603271484375 -112
0.415973424911499 -114
0.4195985794067383 -116
0.42388105392456055 -117
0.4297335147857666 -119
0.43439316749572754 -121
0.43796873092651367 -121
0.4417293071746826 -123
0.44626688957214355 -124
0.45191526412963867 -126
0.4564237594604492 -128
0.4600682258605957 -128
0.4644651412963867 -130
0.46804356575012207 -131
0.47463178634643555 -134
0.4782428741455078 -135
0.48213791847229004 -136
0.48665452003479004 -137
0.49228954315185547 -139
0.49692797660827637 -140
0.5006647109985352 -142
0.5049912929534912 -143
0.5085723400115967 -144
0.5147655010223389 -146
0.5183308124542236 -148
0.5221035480499268 -149
0.5284311771392822 -151
0.5322160720825195 -152
0.5367069244384766 -154
0.5404703617095947 -155
0.5447862148284912 -156
0.5505707263946533 -158
0.5550274848937988 -159
0.558586835861206 -160
0.562321662902832 -162
0.5668103694915771 -163
0.5729210376739502 -165
0.5770244598388672 -166
0.5807764530181885 -168
0.5850777626037598 -169
0.5886139869689941 -170
0.5946815013885498 -172
0.5982651710510254 -173
0.602057695388794 -174
0.6083776950836182 -176
0.6121430397033691 -178
0.6168220043182373 -179
0.6205830574035645 -180
0.6249041557312012 -182
0.6307408809661865 -184
0.6350522041320801 -185
0.6386046409606934 -186
0.6423437595367432 -188
0.6469876766204834 -189
0.6535515785217285 -191
0.6570892333984375 -192
0.6608567237854004 -193
0.6651725769042969 -194
0.6690347194671631 -196
0.6759891510009766 -198
0.6795861721038818 -199
0.6840882301330566 -200
0.6876890659332275 -202
0.692857027053833 -204
0.6970245838165283 -205
0.7007672786712646 -206
0.705108642578125 -208
0.7109835147857666 -209
0.7155492305755615 -210
0.7190566062927246 -212
0.7235133647918701 -213
0.7270565032958984 -215
0.7336289882659912 -216
0.7376046180725098 -218
0.7411329746246338 -219
0.745795488357544 -220
0.7514071464538574 -222
0.755974531173706 -223
0.7595512866973877 -225
0.7638378143310547 -226
0.7676417827606201 -227
0.7711641788482666 -229
0.7774105072021484 -230
0.7856485843658447 -233
0.7914392948150635 -235
0.7962851524353027 -236
0.7998619079589844 -238
0.8045082092285156 -240
0.808091402053833 -240
0.8146512508392334 -242
0.8182032108306885 -244
0.8219683170318604 -245
0.8264555931091309 -246
0.8301303386688232 -247
0.8361051082611084 -249
0.8396592140197754 -250
0.844123125076294 -252
0.8497912883758545 -254
0.8544578552246094 -255
0.8579995632171631 -256
0.8617653846740723 -258
0.8662729263305664 -258
0.8719604015350342 -261
0.8764681816101074 -262
0.8801538944244385 -263
0.8845686912536621 -265
0.8881373405456543 -267
0.8946990966796875 -268
0.8982915878295898 -270
0.9020812511444092 -271
0.9067299365997314 -272
0.9105751514434814 -274
0.9165945053100586 -275
0.9203171730041504 -276
0.9265835285186768 -278
0.9303431510925293 -280
0.9346473217010498 -281
0.9382202625274658 -282
0.9420106410980225 -284
0.9483771324157715 -286
0.9521365165710449 -287
0.9566166400909424 -288
0.9603779315948486 -290
0.9646711349487305 -291
0.9705295562744141 -292
0.9750010967254639 -294
0.9785544872283936 -295
0.9823298454284668 -296
0.9867744445800781 -298
0.9928183555603027 -300
0.9969251155853271 -301
