0 0 
0.0024139881134033203 0
0.007075309753417969 0
0.012056589126586914 0
0.016526460647583008 0
0.02015089988708496 0
0.025046586990356445 -1
0.030842304229736328 -1
0.03515481948852539 -1
0.0387723445892334 -2
0.04251217842102051 -3
0.04695534706115723 -3
0.05258512496948242 -4
0.057074785232543945 -5
0.060854434967041016 -5
0.0651404857635498 -6
0.06871342658996582 -7
0.07574033737182617 -8
0.07919430732727051 -9
0.08317446708679199 -10
0.08768057823181152 -11
0.09121465682983398 -12
0.09707260131835938 -13
0.1008141040802002 -14
0.10509896278381348 -15
0.11091804504394531 -16
0.11533069610595703 -17
0.11885547637939453 -18
0.1226046085357666 -19
0.12705731391906738 -21
0.13268136978149414 -22
0.13717055320739746 -23
0.1409294605255127 -24
0.14542651176452637 -25
0.1491107940673828 -26
0.15581917762756348 -27
0.1593763828277588 -28
0.16387486457824707 -29
0.16742348670959473 -31
0.17121171951293945 -32
0.17702960968017578 -33
0.18075823783874512 -34
0.18702149391174316 -36
0.19079804420471191 -37
0.195082426071167 -38
0.19860410690307617 -39
0.2023928165435791 -41
0.20926809310913086 -42
0.21372389793395996 -43
0.21728968620300293 -44
0.22105193138122559 -45
0.22536587715148926 -47
0.23121905326843262 -48
0.23581838607788086 -49
0.23932194709777832 -50
0.24378132820129395 -51
0.24734926223754883 -53
0.2539699077606201 -54
0.2577834129333496 -55
0.2613332271575928 -57
0.26617431640625 -57
0.269822359085083 -59
0.27570295333862305 -61
0.28392505645751953 -63
0.2899355888366699 -64
0.2946176528930664 -66
0.2982180118560791 -67
0.3019731044769287 -68
0.30661439895629883 -69
0.3122861385345459 -71
0.3168182373046875 -72
0.3205544948577881 -73
0.32505249977111816 -75
0.32869505882263184 -76
0.33493590354919434 -77
0.33853721618652344 -79
0.34232449531555176 -79
0.34870314598083496 -81
0.35249757766723633 -83
0.35698986053466797 -83
0.3607463836669922 -85
0.3650681972503662 -86
0.370927095413208 -87
0.37524867057800293 -89
0.3787860870361328 -90
0.38254761695861816 -91
0.387204647064209 -93
0.39373278617858887 -94
0.3973355293273926 -95
0.40124058723449707 -96
0.4058098793029785 -97
0.40930986404418945 -99
0.4160501956939697 -100
0.4197118282318115 -101
0.42397427558898926 -102
0.42777514457702637 -103
0.43134427070617676 -105
0.43717360496520996 -106
0.4409489631652832 -107
0.4468419551849365 -109
0.45063233375549316 -110
0.4549214839935303 -111
0.460756778717041 -113
0.46523094177246094 -114
0.4687678813934326 -115
0.4725303649902344 -117
0.47702836990356445 -117
0.48313450813293457 -119
0.48723793029785156 -120
0.4910159111022949 -121
0.4953267574310303 -123
0.4988892078399658 -124
0.5050773620605469 -125
0.5086338520050049 -127
0.5123879909515381 -128
0.5186598300933838 -129
0.5224096775054932 -131
0.5269126892089844 -132
0.5306715965270996 -133
0.5349798202514648 -135
0.5407912731170654 -136
0.5450963973999023 -137
0.5486795902252197 -138
0.5524435043334961 -139
0.5569181442260742 -141
0.5625786781311035 -142
0.567206621170044 -143
0.5710158348083496 -144
0.5753731727600098 -145
0.5789308547973633 -147
0.5857644081115723 -148
0.5892715454101562 -149
0.5937252044677734 -150
0.5977299213409424 -151
0.6041135787963867 -153
0.6079442501068115 -154
0.6116809844970703 -155
0.6161408424377441 -157
0.6197953224182129 -158
0.6258580684661865 -159
0.6293900012969971 -161
0.6339051723480225 -162
0.639801025390625 -163
0.6440865993499756 -165
0.6478703022003174 -165
0.6513996124267578 -167
0.6561133861541748 -168
0.6618506908416748 -169
0.666330099105835 -171
0.6699986457824707 -172
0.6745033264160156 -173
0.6809954643249512 -176
0.6871340274810791 -177
0.6931707859039307 -179
0.6974349021911621 -180
0.7012009620666504 -181
0.7059605121612549 -182
0.7097032070159912 -183
0.7153210639953613 -185
0.7189223766326904 -186
0.7226614952087402 -187
0.7280356884002686 -188
0.7338573932647705 -190
0.7374343872070312 -191
0.7412176132202148 -192
0.7480013370513916 -194
0.7517943382263184 -195
0.7563059329986572 -196
0.7599296569824219 -197
0.7643828392028809 -198
0.7700233459472656 -200
0.7745707035064697 -202
0.7781784534454346 -202
0.7819383144378662 -203
0.786578893661499 -205
0.7922418117523193 -207
0.796729564666748 -208
0.8004021644592285 -209
0.80495285987854 -210
0.8085067272186279 -211
0.8145294189453125 -213
0.8181593418121338 -214
0.8219113349914551 -215
0.8283114433288574 -217
0.832115888595581 -218
0.8366563320159912 -219
0.8403036594390869 -220
0.8447144031524658 -221
0.8505187034606934 -223
0.8550169467926025 -224
0.8585927486419678 -225
0.8623638153076172 -227
0.8670308589935303 -228
0.8726723194122314 -229
0.8771717548370361 -231
0.8809294700622559 -232
0.8852567672729492 -233
0.8888094425201416 -235
0.8954088687896729 -236
0.8989734649658203 -237
0.9030892848968506 -238
0.9071998596191406 -239
0.9110631942749023 -241
0.9169528484344482 -242
0.9207570552825928 -243
0.9252440929412842 -245
0.9310860633850098 -246
0.9354121685028076 -247
0.9389698505401611 -248
0.9431107044219971 -249
0.9472136497497559 -251
0.9537715911865234 -252
0.9573225975036621 -253
0.9610962867736816 -255
0.9654021263122559 -255
0.9689426422119141 -257
0.9758121967315674 -259
0.9793505668640137 -259
0.9838404655456543 -261
0.987858772277832 -262
0.9913773536682129 -263
0.9972648620605469 -265
