0 0 
0.002424955368041992 0
0.007027864456176758 0
0.010553121566772461 0
0.014280319213867188 2
0.023383140563964844 2
0.028600692749023438 3
0.03632044792175293 5
0.0402681827545166 6
0.044064998626708984 7
0.05295062065124512 11
0.05942344665527344 13
0.06716775894165039 16
0.07075142860412598 17
0.07697129249572754 20
0.08056020736694336 21
0.08432579040527344 24
0.09063100814819336 26
0.09442567825317383 28
0.0988762378692627 30
0.10243701934814453 32
0.107086181640625 36
0.11290955543518066 38
0.11719846725463867 40
0.12073659896850586 42
0.12452077865600586 44
0.12907910346984863 50
0.13935184478759766 52
0.14362287521362305 54
0.1504206657409668 58
0.15475010871887207 62
0.15967416763305664 64
0.16362404823303223 69
0.17098045349121094 71
0.17471933364868164 74
0.1810917854309082 77
0.1849040985107422 80
0.1893472671508789 82
0.19306492805480957 85
0.19760417938232422 87
0.20340609550476074 91
0.2077345848083496 94
0.21127605438232422 96
0.21541666984558105 98
0.21952390670776367 101
0.22610926628112793 105
0.23010993003845215 107
0.23374366760253906 110
0.23844528198242188 112
0.2420969009399414 115
0.24772930145263672 119
0.2514462471008301 122
0.2554595470428467 124
0.26166439056396484 128
0.26613831520080566 130
0.26968884468078613 133
0.2734568119049072 136
0.2777576446533203 140
0.2836277484893799 142
0.28859567642211914 145
0.2921943664550781 148
0.2964613437652588 150
0.3025844097137451 154
0.30702829360961914 158
0.31058835983276367 159
0.31436920166015625 163
0.3188908100128174 164
0.3245394229888916 170
0.3290278911590576 172
0.33270788192749023 174
0.3370819091796875 178
0.3406486511230469 179
0.34688615798950195 184
0.35059237480163574 185
0.3543570041656494 189
0.3607497215270996 193
0.36450624465942383 196
0.36899471282958984 198
0.37267374992370605 200
0.3770885467529297 204
0.38292407989501953 208
0.3872509002685547 210
0.3908376693725586 213
0.3945736885070801 216
0.399050235748291 218
0.4047207832336426 222
0.40936994552612305 225
0.41311192512512207 228
0.417407751083374 230
0.4210376739501953 233
0.4272463321685791 237
0.4308605194091797 239
0.434617280960083 242
0.4409675598144531 246
0.44472455978393555 248
0.44919919967651367 251
0.45820045471191406 256
0.4617197513580322 259
0.46808624267578125 263
0.4715399742126465 266
0.4755215644836426 270
0.48048830032348633 271
0.48627185821533203 275
0.49007749557495117 278
0.4935872554779053 280
0.5001630783081055 284
0.5037171840667725 287
0.5084724426269531 290
0.5121161937713623 292
0.516399621963501 295
0.5221984386444092 299
0.5268521308898926 302
0.5304710865020752 304
0.5342211723327637 307
0.538701057434082 310
0.5443408489227295 315
0.5488605499267578 316
0.5524494647979736 318
0.5571036338806152 322
0.5606954097747803 324
0.5672314167022705 329
0.5708110332489014 332
0.5745995044708252 334
0.5790214538574219 337
0.5826489925384521 338
0.5887451171875 342
0.5923299789428711 345
0.5968668460845947 348
0.6026504039764404 352
0.6070523262023926 356
0.6106069087982178 357
0.6143472194671631 361
0.6188361644744873 362
0.624488353729248 368
0.6289994716644287 370
0.632655143737793 372
0.6370372772216797 376
0.6427230834960938 378
0.6473019123077393 382
0.6508650779724121 385
0.6546125411987305 388
0.6591060161590576 390
0.6647324562072754 394
0.6692461967468262 397
0.6730070114135742 399
0.6772642135620117 402
0.6808366775512695 404
0.6870191097259521 408
0.6905913352966309 410
0.6944282054901123 414
0.7007904052734375 418
0.7045655250549316 420
0.7091853618621826 423
0.7129321098327637 426
0.7172443866729736 428
0.7230377197265625 432
0.7273893356323242 435
0.7309274673461914 438
0.7346827983856201 440
0.7391335964202881 443
0.7447421550750732 447
0.7492542266845703 450
0.7530083656311035 452
0.7572536468505859 455
0.7607874870300293 458
0.7669811248779297 462
0.7705624103546143 463
0.7743041515350342 468
0.7805609703063965 470
0.7843143939971924 474
0.7888102531433105 475
0.7923746109008789 477
0.7968418598175049 480
0.8025758266448975 484
0.8071117401123047 488
0.8106918334960938 489
0.8144533634185791 493
0.8190970420837402 497
0.8247504234313965 500
0.8293671607971191 502
0.833137035369873 505
0.8374454975128174 508
0.8432178497314453 512
0.8476064205169678 514
0.8511426448822021 520
0.8595154285430908 522
0.8632874488830566 525
0.8682267665863037 528
0.8737454414367676 532
0.8786523342132568 534
0.8822119235992432 537
0.886479377746582 540
0.8904552459716797 542
0.8970210552215576 548
0.9005765914916992 549
0.9043095111846924 553
0.9088070392608643 554
0.9123601913452148 557
0.918269157409668 561
0.9217672348022461 563
0.9262537956237793 566
0.9321408271789551 570
0.9367516040802002 572
0.9403486251831055 575
0.944087028503418 578
0.9507112503051758 583
0.9545109272003174 586
0.9589769840240479 588
0.9626133441925049 590
0.9669919013977051 594
0.972684383392334 596
0.9770956039428711 600
0.98069167137146 602
0.9844305515289307 606
0.9888918399810791 607
0.9945335388183594 612
0.9990274906158447 615
