0 0 
0.0022296905517578125 0
0.008272409439086914 0
0.011802434921264648 0
0.015522003173828125 0
0.020611047744750977 1
0.026301860809326172 2
0.030994653701782227 3
0.03477120399475098 3
0.03949689865112305 5
0.04291582107543945 5
0.04885149002075195 8
0.054673194885253906 9
0.05898427963256836 10
0.06253933906555176 11
0.06632542610168457 13
0.07079219818115234 15
0.07684803009033203 16
0.08096528053283691 18
0.08474040031433105 19
0.08905315399169922 21
0.0926213264465332 24
0.10006523132324219 25
0.10363078117370605 27
0.10791158676147461 29
0.11187124252319336 31
0.11775875091552734 33
0.12175989151000977 35
0.12555646896362305 37
0.13190746307373047 40
0.13569927215576172 42
0.14020442962646484 44
0.14380145072937012 46
0.14831042289733887 48
0.15403246879577637 51
0.1584775447845459 54
0.16211771965026855 55
0.1659073829650879 58
0.17055368423461914 60
0.17623257637023926 63
0.1807548999786377 65
0.18450045585632324 67
0.18883085250854492 69
0.19238591194152832 71
0.19845175743103027 75
0.20203804969787598 75
0.2058122158050537 79
0.21058917045593262 82
0.21622848510742188 84
0.22070860862731934 86
0.22447609901428223 88
0.22898435592651367 90
0.23253798484802246 93
0.2391645908355713 96
0.24269771575927734 98
0.24647092819213867 100
0.2511460781097412 102
0.2549130916595459 105
0.26078343391418457 108
0.2646002769470215 110
0.268923282623291 113
0.27477264404296875 115
0.2790796756744385 117
0.2826361656188965 119
0.28637123107910156 122
0.2910304069519043 125
0.29763340950012207 127
0.30117321014404297 129
0.30495285987854004 132
0.30954456329345703 134
0.3130764961242676 137
0.31984996795654297 139
0.323514461517334 141
0.32787418365478516 144
0.33168697357177734 146
0.33520007133483887 150
0.3444688320159912 153
0.34952592849731445 156
0.3551018238067627 159
0.3600151538848877 161
0.36360621452331543 163
0.36789727210998535 166
0.37391090393066406 169
0.3786129951477051 172
0.38219761848449707 175
0.3859591484069824 177
0.39044761657714844 179
0.39609575271606445 182
0.4006083011627197 184
0.4044327735900879 187
0.40889596939086914 189
0.4124894142150879 191
0.418503999710083 194
0.42209696769714355 195
0.4258575439453125 199
0.43221282958984375 202
0.4360029697418213 204
0.44049572944641113 207
0.4441673755645752 207
0.4485304355621338 211
0.4543642997741699 214
0.45867323875427246 217
0.462296724319458 219
0.4660606384277344 221
0.4707174301147461 223
0.47640061378479004 226
0.48090672492980957 229
0.4847526550292969 231
0.48903918266296387 233
0.4925992488861084 235
0.4986610412597656 239
0.5022311210632324 241
0.5059890747070312 243
0.5118629932403564 245
0.5156238079071045 247
0.5200955867767334 249
0.5257601737976074 254
0.5304625034332275 256
0.5341219902038574 257
0.5385160446166992 261
0.5421109199523926 262
0.5486667156219482 266
0.5522329807281494 268
0.5560059547424316 271
0.5604360103607178 273
0.5660254955291748 276
0.5705013275146484 278
0.5743281841278076 279
0.5786411762237549 283
0.582176923751831 285
0.5884041786193848 288
0.591984748840332 289
0.5957460403442383 293
0.6021008491516113 295
0.6058740615844727 298
0.6103372573852539 301
0.614051342010498 301
0.618513822555542 305
0.6243100166320801 307
0.6286630630493164 310
0.632230281829834 313
0.6359906196594238 315
0.640582799911499 317
0.6462361812591553 320
0.6508815288543701 323
0.6546216011047363 325
0.6589047908782959 327
0.662477970123291 329
0.6685068607330322 333
0.6722166538238525 335
0.6759762763977051 337
0.682314395904541 340
0.6861236095428467 343
0.6905910968780518 345
0.6943097114562988 346
0.6986556053161621 349
0.7044589519500732 353
0.7089612483978271 355
0.7125236988067627 357
0.7162418365478516 359
0.7206950187683105 363
0.7263329029083252 365
0.7307980060577393 367
0.734534740447998 369
0.742431640625 373
0.7462043762207031 376
0.7510566711425781 379
0.7576396465301514 381
0.7615859508514404 383
0.7650818824768066 386
0.7701222896575928 388
0.775740385055542 392
0.7802779674530029 393
0.7838547229766846 395
0.7884995937347412 399
0.7920808792114258 400
0.7986493110656738 405
0.8021893501281738 407
0.8059508800506592 409
0.8104209899902344 411
0.8140850067138672 412
0.8200442790985107 415
0.8236234188079834 418
0.8278896808624268 420
0.834012508392334 423
0.8383984565734863 427
0.841963529586792 428
0.845736026763916 431
0.8502473831176758 432
0.85585618019104 437
0.8603355884552002 438
0.863889217376709 440
0.868358850479126 443
0.8719162940979004 444
0.8785085678100586 449
0.8821029663085938 450
0.8858563899993896 453
0.8905067443847656 455
0.8941776752471924 457
0.9003212451934814 460
0.9040157794952393 462
0.9083883762359619 467
0.9143092632293701 467
0.9186365604400635 471
0.9221737384796143 473
0.9259345531463623 475
0.9322731494903564 479
0.9360566139221191 481
0.9405548572540283 483
0.944300651550293 484
0.9487795829772949 487
0.9545707702636719 491
0.958878755569458 493
0.9624662399291992 495
0.9662022590637207 497
0.9706881046295166 499
0.9763257503509521 503
0.9808413982391357 505
0.984565258026123 507
0.988872766494751 509
0.9924094676971436 512
0.9984705448150635 515
