0 0 
0.0024023056030273438 0
0.006135463714599609 0
0.010392904281616211 0
0.013901233673095703 0
0.01764225959777832 1
0.022780895233154297 1
0.029486417770385742 2
0.03355884552001953 3
0.037348031997680664 4
0.05032658576965332 7
0.05408191680908203 8
0.06150054931640625 10
0.0659341812133789 11
0.07120418548583984 13
0.07749748229980469 16
0.08411383628845215 18
0.09038615226745605 20
0.09399557113647461 21
0.10001778602600098 24
0.10358834266662598 24
0.11019539833068848 28
0.11599230766296387 30
0.1203155517578125 32
0.12388038635253906 34
0.12762689590454102 36
0.1341111660003662 38
0.14008498191833496 41
0.14364981651306152 42
0.14740538597106934 44
0.1523902416229248 48
0.16240954399108887 51
0.16669154167175293 52
0.17212963104248047 56
0.1780717372894287 58
0.18341922760009766 60
0.18767261505126953 63
0.192307710647583 65
0.19917011260986328 68
0.20717644691467285 72
0.21309590339660645 74
0.21734166145324707 76
0.22276782989501953 80
0.22949743270874023 82
0.235520601272583 85
0.24000167846679688 88
0.2435741424560547 89
0.24950075149536133 92
0.2537648677825928 94
0.2585413455963135 97
0.26473379135131836 100
0.26922059059143066 102
0.2732071876525879 104
0.2767457962036133 106
0.28133130073547363 108
0.2871248722076416 111
0.29156994819641113 113
0.29522037506103516 115
0.29950785636901855 117
0.30336809158325195 119
0.31003308296203613 123
0.31360769271850586 124
0.3173828125 126
0.3241696357727051 130
0.33077239990234375 134
0.33803606033325195 137
0.3424866199493408 139
0.3468177318572998 142
0.3525240421295166 144
0.35855650901794434 147
0.362656831741333 149
0.36640262603759766 151
0.3707084655761719 153
0.37430906295776367 155
0.38036346435546875 158
0.38393735885620117 160
0.38768601417541504 162
0.3935675621032715 164
0.3973243236541748 166
0.40181851387023926 168
0.4074678421020508 172
0.4119851589202881 173
0.4155745506286621 175
0.4200437068939209 178
0.42360830307006836 179
0.4301872253417969 183
0.4337790012359619 184
0.4375762939453125 187
0.4420585632324219 189
0.4477698802947998 192
0.4524250030517578 194
0.45615577697753906 196
0.4604763984680176 198
0.46401262283325195 200
0.47011780738830566 203
0.4736762046813965 204
0.4774162769317627 207
0.4839344024658203 210
0.48772668838500977 212
0.49222779273986816 214
0.4960010051727295 216
0.5003135204315186 218
0.5061209201812744 221
0.5106160640716553 223
0.5141568183898926 225
0.5178813934326172 227
0.5223414897918701 229
0.5281040668487549 232
0.5325860977172852 234
0.5363161563873291 236
0.5405936241149902 238
0.5441431999206543 240
0.5501708984375 243
0.5538082122802734 245
0.5575451850891113 248
0.5638895034790039 250
0.5676579475402832 252
0.5722639560699463 254
0.5759806632995605 255
0.5803110599517822 258
0.5861122608184814 262
0.590449333190918 264
0.5939998626708984 266
0.5977444648742676 268
0.6022121906280518 270
0.6111509799957275 274
0.6167104244232178 276
0.6216945648193359 278
0.6252620220184326 280
0.629542350769043 284
0.633601188659668 284
0.6401915550231934 288
0.6437673568725586 290
0.6475138664245605 293
0.6520001888275146 295
0.6555666923522949 296
0.6615514755249023 299
0.665196418762207 301
0.671579122543335 304
0.6752431392669678 306
0.6795132160186768 308
0.6832737922668457 310
0.6867899894714355 312
0.6926712989807129 315
0.6964578628540039 317
0.7007417678833008 319
0.7065153121948242 322
0.7108259201049805 324
0.714362382888794 326
0.7185859680175781 328
0.7234396934509277 330
0.7300975322723389 334
0.733642578125 335
0.7374048233032227 338
0.7420599460601807 340
0.7457003593444824 341
0.7517967224121094 344
0.7553975582122803 346
0.759864091873169 348
0.7654774188995361 351
0.7699556350708008 353
0.7735536098480225 355
0.7772955894470215 357
0.783602237701416 360
0.7873821258544922 363
0.7918527126312256 364
0.7954046726226807 366
0.8004586696624756 369
0.8062410354614258 372
0.8106980323791504 374
0.8142776489257812 376
0.8180208206176758 378
0.8224797248840332 380
0.828082799911499 383
0.8326842784881592 385
0.8364279270172119 387
0.8407292366027832 389
0.8442554473876953 391
0.850264310836792 394
0.8538146018981934 396
0.8575584888458252 398
0.8638944625854492 401
0.8676531314849854 403
0.8723254203796387 405
0.8760800361633301 407
0.8803365230560303 410
0.886145830154419 412
0.8904647827148438 414
0.8940045833587646 416
0.8977653980255127 418
0.9022467136383057 420
0.9078543186187744 424
0.9123597145080566 426
0.9161064624786377 428
0.9203407764434814 430
0.9239137172698975 432
0.930112361907959 434
0.933666467666626 436
0.9373841285705566 440
0.943641185760498 440
0.9473886489868164 444
0.9519140720367432 445
0.9556784629821777 447
0.960115909576416 451
0.9658429622650146 452
0.9702355861663818 455
0.9738061428070068 457
0.9775669574737549 459
0.9820652008056641 462
0.9877281188964844 464
0.9923820495605469 466
0.996138334274292 468
