0 0 
0.0022280216217041016 0
0.008274555206298828 0
0.013996362686157227 0
0.01835799217224121 -1
0.022023439407348633 -1
0.025788068771362305 -2
0.03028082847595215 -3
0.035961151123046875 -5
0.04071784019470215 -5
0.04444718360900879 -7
0.04875946044921875 -8
0.05230212211608887 -11
0.058859825134277344 -12
0.06242179870605469 -14
0.06619834899902344 -15
0.07067131996154785 -17
0.07446980476379395 -20
0.08035516738891602 -22
0.08399677276611328 -23
0.08837652206420898 -27
0.09424591064453125 -29
0.09874773025512695 -32
0.1023099422454834 -34
0.10606265068054199 -37
0.11072278022766113 -40
0.11682009696960449 -43
0.12092709541320801 -45
0.12471652030944824 -47
0.12903237342834473 -50
0.1325817108154297 -54
0.13940882682800293 -57
0.14288973808288574 -59
0.1468954086303711 -62
0.15097737312316895 -65
0.15475964546203613 -69
0.1608436107635498 -71
0.16459369659423828 -74
0.16891694068908691 -78
0.1747574806213379 -81
0.17909574508666992 -84
0.18281078338623047 -87
0.18678998947143555 -89
0.19087648391723633 -94
0.19742512702941895 -97
0.20100116729736328 -99
0.20474863052368164 -102
0.20943045616149902 -105
0.21503520011901855 -109
0.22368431091308594 -115
0.228348970413208 -119
0.23191618919372559 -121
0.23567724227905273 -125
0.24069476127624512 -130
0.24633336067199707 -133
0.25096607208251953 -136
0.2547109127044678 -139
0.2590043544769287 -142
0.26256585121154785 -146
0.269481897354126 -149
0.27299976348876953 -152
0.2774503231048584 -155
0.28144216537475586 -158
0.28498077392578125 -163
0.2908623218536377 -165
0.2946281433105469 -169
0.2989823818206787 -173
0.3048410415649414 -176
0.30942535400390625 -179
0.31289172172546387 -182
0.3168911933898926 -185
0.32097434997558594 -189
0.32759761810302734 -193
0.3317708969116211 -197
0.33608412742614746 -200
0.3407139778137207 -203
0.34634971618652344 -207
0.3508751392364502 -211
0.35465335845947266 -213
0.35896944999694824 -217
0.36254096031188965 -219
0.3687422275543213 -224
0.3723134994506836 -227
0.3760673999786377 -232
0.38235044479370117 -235
0.3861067295074463 -238
0.39060473442077637 -241
0.39440298080444336 -244
0.39889049530029297 -248
0.40484142303466797 -251
0.409468412399292 -254
0.41296911239624023 -257
0.4168977737426758 -261
0.4209721088409424 -265
0.4275393486022949 -268
0.4310789108276367 -271
0.43483805656433105 -274
0.43944859504699707 -277
0.4429616928100586 -282
0.44965291023254395 -285
0.4533884525299072 -287
0.45767760276794434 -291
0.4616532325744629 -294
0.466869592666626 -299
0.47101879119873047 -301
0.4747660160064697 -304
0.4790990352630615 -309
0.485032320022583 -312
0.48962950706481934 -315
0.4933593273162842 -318
0.49766969680786133 -321
0.5036966800689697 -326
0.5082452297210693 -329
0.5119228363037109 -332
0.5156905651092529 -336
0.5203506946563721 -341
0.5260510444641113 -344
0.5305254459381104 -347
0.5342800617218018 -350
0.5385892391204834 -353
0.5421783924102783 -357
0.5487701892852783 -361
0.552314043045044 -363
0.5560805797576904 -367
0.560589075088501 -370
0.5643277168273926 -373
0.5702216625213623 -376
0.573993444442749 -379
0.5785520076751709 -385
0.5844266414642334 -388
0.5887641906738281 -391
0.5923073291778564 -394
0.5960822105407715 -397
0.6005527973175049 -401
0.6061909198760986 -405
0.6106622219085693 -407
0.6144523620605469 -411
0.6224486827850342 -417
0.6287822723388672 -421
0.6323387622833252 -424
0.6360917091369629 -427
0.6428952217102051 -432
0.6474261283874512 -435
0.6513876914978027 -438
0.6549460887908936 -441
0.6595194339752197 -444
0.6651067733764648 -449
0.6698358058929443 -452
0.6735084056854248 -455
0.678112268447876 -458
0.6817255020141602 -461
0.6885364055633545 -467
0.6921043395996094 -470
0.6958920955657959 -473
0.7006149291992188 -476
0.7043972015380859 -481
0.7102673053741455 -483
0.713942289352417 -485
0.7183451652526855 -491
0.7242259979248047 -493
0.7285592555999756 -497
0.7321224212646484 -500
0.7358889579772949 -503
0.7404003143310547 -508
0.746068000793457 -511
0.7505369186401367 -514
0.7543106079101562 -517
0.7587976455688477 -520
0.7646031379699707 -525
0.7699439525604248 -527
0.7735466957092285 -531
0.7778346538543701 -534
0.7816340923309326 -537
0.7863340377807617 -541
0.7909152507781982 -544
0.794701337814331 -547
0.7989721298217773 -551
0.8025331497192383 -553
0.8062918186187744 -557
0.8107450008392334 -559
0.8145396709442139 -563
0.8189802169799805 -566
0.822533130645752 -569
0.8262763023376465 -572
0.8307445049285889 -575
0.8354887962341309 -578
0.8400447368621826 -581
0.8436143398284912 -584
0.848092794418335 -587
0.8516769409179688 -590
0.8554449081420898 -593
0.8599565029144287 -596
0.8635578155517578 -599
0.8678367137908936 -602
0.8716435432434082 -605
0.8754017353057861 -608
0.8800921440124512 -611
0.8836734294891357 -614
0.8894233703613281 -619
0.8928873538970947 -622
0.8968911170959473 -625
0.9010071754455566 -628
0.9048957824707031 -631
0.9094798564910889 -634
0.9129974842071533 -637
0.9174704551696777 -640
0.9210143089294434 -643
0.924788236618042 -646
0.9291198253631592 -649
0.9328064918518066 -652
0.9385435581207275 -657
0.9421122074127197 -660
0.945880651473999 -663
0.9503414630889893 -666
0.954003095626831 -667
0.958449125289917 -672
0.9620282649993896 -673
0.965785026550293 -678
0.970264196395874 -680
0.9738204479217529 -683
0.9783341884613037 -687
0.9819052219390869 -689
0.9857132434844971 -693
0.9909713268280029 -696
0.9947226047515869 -699
0.9994375705718994 -703
