0 0 
0.0022232532501220703 0
0.008146524429321289 0
0.011674165725708008 0
0.015398502349853516 0
0.01995563507080078 -1
0.02561783790588379 -1
0.030379533767700195 -2
0.03405141830444336 -3
0.03863096237182617 -4
0.042189836502075195 -5
0.0477137565612793 -7
0.054022789001464844 -7
0.05844926834106445 -9
0.06200861930847168 -10
0.06576108932495117 -11
0.07022428512573242 -13
0.0759429931640625 -14
0.08044123649597168 -16
0.08417010307312012 -16
0.08851480484008789 -19
0.09208321571350098 -21
0.09935140609741211 -23
0.10278511047363281 -24
0.10675811767578125 -25
0.11102461814880371 -27
0.1148977279663086 -30
0.120758056640625 -31
0.12450122833251953 -33
0.1289360523223877 -35
0.13477373123168945 -37
0.139329195022583 -39
0.1427595615386963 -41
0.1467723846435547 -43
0.15085101127624512 -45
0.15738725662231445 -47
0.16099905967712402 -49
0.16476202011108398 -51
0.16949915885925293 -52
0.17303872108459473 -55
0.17978882789611816 -57
0.18343019485473633 -59
0.18770265579223633 -61
0.19148802757263184 -63
0.19500088691711426 -65
0.20083951950073242 -67
0.20462656021118164 -69
0.2089707851409912 -72
0.21481752395629883 -74
0.21934795379638672 -76
0.22280359268188477 -78
0.22678518295288086 -79
0.23103928565979004 -82
0.2376406192779541 -84
0.24142026901245117 -86
0.24494671821594238 -88
0.2495250701904297 -90
0.25530505180358887 -93
0.2600057125091553 -95
0.26364731788635254 -97
0.26814699172973633 -99
0.2717325687408447 -101
0.2783339023590088 -105
0.28191232681274414 -105
0.28570055961608887 -109
0.29041147232055664 -110
0.29415440559387207 -111
0.3000178337097168 -114
0.3036165237426758 -116
0.3081040382385254 -118
0.3137657642364502 -121
0.31827306747436523 -124
0.3218560218811035 -125
0.32569003105163574 -128
0.330211877822876 -131
0.3358471393585205 -133
0.3403174877166748 -135
0.34399867057800293 -135
0.35215163230895996 -141
0.3583970069885254 -143
0.36198925971984863 -145
0.3657553195953369 -147
0.37230443954467773 -150
0.3761115074157715 -152
0.3807039260864258 -154
0.38446474075317383 -156
0.38892102241516113 -158
0.3947014808654785 -161
0.39902472496032715 -163
0.40290164947509766 -165
0.40683436393737793 -167
0.4110379219055176 -169
0.4176456928253174 -172
0.42144298553466797 -174
0.42497873306274414 -176
0.4295616149902344 -178
0.43331050872802734 -179
0.4389345645904541 -183
0.44249820709228516 -185
0.44623756408691406 -187
0.45258355140686035 -189
0.4567441940307617 -191
0.4608621597290039 -193
0.46461033821105957 -195
0.46931886672973633 -197
0.4748663902282715 -200
0.4794478416442871 -202
0.4832737445831299 -204
0.4875497817993164 -206
0.49334716796875 -209
0.4976804256439209 -211
0.5014998912811279 -213
0.5050191879272461 -215
0.5097098350524902 -217
0.5153775215148926 -220
0.5201308727264404 -222
0.5237419605255127 -224
0.5283868312835693 -227
0.5319874286651611 -228
0.5380282402038574 -231
0.5416398048400879 -233
0.5453946590423584 -235
0.551846981048584 -237
0.555652379989624 -241
0.5601503849029541 -241
0.5637423992156982 -243
0.5682404041290283 -246
0.5740244388580322 -248
0.5784702301025391 -251
0.5820412635803223 -253
0.5857887268066406 -255
0.590442419052124 -257
0.5961024761199951 -260
0.6005716323852539 -262
0.6043429374694824 -264
0.6086945533752441 -266
0.61224365234375 -268
0.6182572841644287 -271
0.6218373775482178 -272
0.6256098747253418 -276
0.6318855285644531 -277
0.6356935501098633 -279
0.6401805877685547 -281
0.643756628036499 -283
0.6484243869781494 -287
0.6542654037475586 -289
0.6585497856140137 -290
0.6621429920196533 -292
0.6659471988677979 -294
0.6705789566040039 -297
0.6762306690216064 -299
0.6807065010070801 -301
0.6844444274902344 -303
0.6887471675872803 -305
0.6923015117645264 -308
0.6988966464996338 -310
0.7024617195129395 -312
0.7062475681304932 -314
0.7108919620513916 -316
0.7146730422973633 -319
0.720557451248169 -321
0.7243466377258301 -323
0.7288904190063477 -325
0.734687089920044 -327
0.739006519317627 -329
0.7425329685211182 -331
0.7462677955627441 -333
0.7547223567962646 -338
0.7607190608978271 -340
0.7644710540771484 -342
0.7712974548339844 -345
0.7749042510986328 -347
0.7799501419067383 -349
0.783545970916748 -351
0.7881450653076172 -353
0.7937750816345215 -356
0.7983577251434326 -359
0.8019490242004395 -360
0.8056998252868652 -363
0.8102002143859863 -365
0.8158760070800781 -368
0.8203656673431396 -369
0.8240509033203125 -371
0.8286247253417969 -373
0.832188606262207 -375
0.8382139205932617 -379
0.8417913913726807 -379
0.8455357551574707 -381
0.8518984317779541 -384
0.855708122253418 -387
0.8601853847503662 -388
0.8637666702270508 -390
0.8682820796966553 -393
0.8739912509918213 -395
0.8783977031707764 -398
0.8819806575775146 -399
0.8857705593109131 -402
0.8904209136962891 -404
0.8960962295532227 -407
0.9005672931671143 -409
0.9043283462524414 -411
0.9088456630706787 -413
0.9124970436096191 -415
0.9185342788696289 -417
0.9221434593200684 -419
0.9259335994720459 -423
0.9322125911712646 -425
0.9359891414642334 -426
0.940483570098877 -428
0.9442074298858643 -430
0.9486887454986572 -433
0.9545211791992188 -435
0.9588413238525391 -437
0.9624040126800537 -439
0.9661538600921631 -441
0.9706478118896484 -444
0.976264238357544 -446
0.9807465076446533 -448
0.9845130443572998 -450
0.988837480545044 -452
0.9923837184906006 -455
0.9989397525787354 -457
