0 0 
0.003537893295288086 0
0.008614063262939453 0
0.013295888900756836 0
0.019260406494140625 0
0.02530527114868164 1
0.030975818634033203 1
0.03556346893310547 1
0.039252519607543945 1
0.043816566467285156 2
0.04735398292541504 2
0.053475141525268555 2
0.05702996253967285 2
0.06074404716491699 3
0.06706094741821289 3
0.07084846496582031 4
0.07543253898620605 4
0.07921671867370605 5
0.08902335166931152 5
0.09516620635986328 6
0.09875631332397461 6
0.1035916805267334 7
0.11399316787719727 8
0.11754155158996582 8
0.12569046020507812 9
0.12947726249694824 9
0.1340029239654541 10
0.142714262008667 11
0.14691615104675293 11
0.1507413387298584 12
0.15711569786071777 12
0.16322588920593262 13
0.16679883003234863 13
0.17058205604553223 14
0.1770017147064209 15
0.18305754661560059 15
0.18676400184631348 16
0.19054079055786133 16
0.19567227363586426 17
0.2016897201538086 17
0.20659089088439941 18
0.21179413795471191 18
0.21648049354553223 19
0.21998810768127441 20
0.22703242301940918 20
0.23386549949645996 21
0.23741483688354492 22
0.24121904373168945 22
0.2458953857421875 22
0.25272655487060547 24
0.25893545150756836 24
0.26337361335754395 24
0.26694560050964355 25
0.2706899642944336 26
0.2770988941192627 26
0.2831437587738037 27
0.2867264747619629 27
0.2904543876647949 28
0.2968134880065918 28
0.30350542068481445 29
0.3071258068084717 30
0.3108646869659424 30
0.3154871463775635 31
0.321134090423584 32
0.33032941818237305 32
0.33484935760498047 33
0.3384420871734619 33
0.3450188636779785 34
0.3527352809906006 35
0.35857629776000977 36
0.36313605308532715 36
0.3667566776275635 36
0.37256669998168945 37
0.37660813331604004 38
0.38901638984680176 39
0.3966073989868164 40
0.4003920555114746 40
0.40501880645751953 41
0.4106614589691162 42
0.4153563976287842 42
0.4244711399078369 44
0.42796945571899414 44
0.43509459495544434 45
0.44071531295776367 46
0.4454004764556885 46
0.4491307735443115 46
0.4536728858947754 47
0.45945239067077637 48
0.4653129577636719 48
0.4691627025604248 49
0.47576141357421875 50
0.4823591709136963 50
0.4882466793060303 51
0.4925236701965332 52
0.49649715423583984 52
0.5000057220458984 52
0.5049829483032227 53
0.5133662223815918 54
0.5169291496276855 54
0.5206882953643799 55
0.5251598358154297 55
0.5307834148406982 56
0.5355501174926758 57
0.5452821254730225 58
0.551018238067627 58
0.55574631690979 59
0.5617778301239014 60
0.5663638114929199 60
0.5698812007904053 61
0.5757529735565186 61
0.5795021057128906 62
0.584033727645874 63
0.5972418785095215 64
0.6054015159606934 65
0.6091508865356445 65
0.6153514385223389 66
0.6210200786590576 67
0.625633955001831 68
0.6353662014007568 68
0.6391103267669678 68
0.6449813842773438 69
0.6486008167266846 70
0.655806303024292 71
0.6623661518096924 72
0.6683413982391357 72
0.6745562553405762 73
0.678295373916626 73
0.6826601028442383 74
0.6898579597473145 75
0.6947782039642334 75
0.7025351524353027 76
0.7063610553741455 77
0.7098653316497803 77
0.7197813987731934 78
0.726330041885376 79
0.7298970222473145 80
0.7359499931335449 80
0.7423293590545654 81
0.7458915710449219 82
0.7538561820983887 82
0.7573947906494141 83
0.7611162662506104 83
0.7674405574798584 84
0.77345871925354 84
0.7769982814788818 85
0.7807469367980957 86
0.7857437133789062 86
0.7917704582214355 87
0.796276330947876 87
0.7998933792114258 88
0.8044686317443848 88
0.8079750537872314 88
0.8138251304626465 89
0.8173551559448242 90
0.825639009475708 91
0.8312184810638428 91
0.835834264755249 92
0.8395717144012451 92
0.8440072536468506 93
0.8475396633148193 94
0.854550838470459 94
0.8582477569580078 94
0.8625297546386719 95
0.866511344909668 95
0.8699986934661865 96
0.8758447170257568 96
0.8796124458312988 97
0.883885383605957 98
0.8896794319152832 98
0.8956313133239746 99
0.8993639945983887 100
0.9036645889282227 100
0.9094343185424805 100
0.9138939380645752 101
0.9175620079040527 102
0.9216911792755127 102
0.9258110523223877 102
0.9323463439941406 103
0.9359123706817627 104
0.9396874904632568 104
0.9440028667449951 104
0.9475443363189697 105
0.9535923004150391 106
0.9571599960327148 106
0.9609453678131104 107
0.9672806262969971 108
0.9710521697998047 108
0.9756975173950195 108
0.9794700145721436 109
0.9837534427642822 109
0.9895799160003662 110
0.9943141937255859 110
0.9977700710296631 111
