0 0 
0.0031197071075439453 0
0.0067021846771240234 0
0.010436058044433594 0
0.018448591232299805 0
0.023043394088745117 0
0.026555776596069336 0
0.03027939796447754 1
0.037076711654663086 1
0.0461733341217041 2
0.0499110221862793 2
0.05585885047912598 2
0.05961036682128906 2
0.06604146957397461 2
0.06984090805053711 3
0.07431459426879883 3
0.077880859375 4
0.08257412910461426 4
0.0883944034576416 4
0.09266066551208496 5
0.0961923599243164 5
0.09990572929382324 6
0.10435771942138672 6
0.10998988151550293 6
0.11441469192504883 7
0.1180722713470459 7
0.12247872352600098 8
0.12601304054260254 8
0.13179373741149902 8
0.13561534881591797 9
0.1441478729248047 10
0.14980030059814453 10
0.15445661544799805 11
0.1581404209136963 11
0.16278505325317383 12
0.16637039184570312 12
0.1731886863708496 13
0.1767282485961914 13
0.18086767196655273 14
0.18496227264404297 14
0.18872427940368652 14
0.1946103572845459 15
0.19837617874145508 16
0.20427799224853516 16
0.20788002014160156 16
0.21239137649536133 17
0.2181243896484375 17
0.22256684303283691 18
0.2261357307434082 18
0.22992753982543945 19
0.23443889617919922 19
0.2400658130645752 20
0.24457621574401855 20
0.2483372688293457 21
0.25266385078430176 21
0.256244421005249 22
0.26245594024658203 22
0.2660527229309082 22
0.26983189582824707 23
0.2763078212738037 24
0.280123233795166 24
0.2845799922943115 25
0.2883448600769043 25
0.2928280830383301 26
0.29862403869628906 26
0.3029458522796631 26
0.3064913749694824 27
0.3102433681488037 28
0.314699649810791 28
0.32033872604370117 28
0.3250241279602051 29
0.32879114151000977 29
0.33310532569885254 30
0.33689332008361816 30
0.34366703033447266 31
0.3474390506744385 31
0.35169291496276855 32
0.35555148124694824 32
0.35909295082092285 33
0.36496663093566895 33
0.3687407970428467 34
0.37302565574645996 34
0.3789217472076416 35
0.3836681842803955 35
0.38718748092651367 36
0.39170408248901367 36
0.3975083827972412 37
0.4018666744232178 37
0.40569448471069336 38
0.4095451831817627 38
0.414074182510376 38
0.41968321800231934 39
0.42441725730895996 40
0.4280869960784912 40
0.4324822425842285 41
0.4361281394958496 41
0.4423410892486572 42
0.44593262672424316 42
0.449709415435791 42
0.4560728073120117 43
0.4598731994628906 44
0.4644033908843994 44
0.468050479888916 44
0.4724593162536621 45
0.47830820083618164 46
0.48266124725341797 46
0.4862668514251709 46
0.49010205268859863 47
0.4946863651275635 48
0.5003252029418945 48
0.5049653053283691 48
0.5087430477142334 49
0.5130228996276855 49
0.5165576934814453 50
0.5231719017028809 50
0.5267171859741211 51
0.5308516025543213 51
0.5358195304870605 52
0.5456016063690186 53
0.5491809844970703 53
0.5541646480560303 54
0.5577366352081299 54
0.562507152557373 55
0.568335771560669 55
0.5728223323822021 56
0.576387882232666 56
0.5801358222961426 57
0.5846831798553467 57
0.5903277397155762 58
0.5947673320770264 58
0.5985171794891357 58
0.602830171585083 59
0.606407642364502 60
0.6136775016784668 60
0.6174314022064209 60
0.6217057704925537 61
0.6256551742553711 61
0.6291377544403076 62
0.6350302696228027 62
0.6388044357299805 63
0.643143892288208 64
0.6489715576171875 64
0.6535608768463135 64
0.6570663452148438 65
0.6615815162658691 65
0.6651380062103271 66
0.6717512607574463 66
0.6755619049072266 67
0.6790895462036133 67
0.6841118335723877 68
0.6897518634796143 68
0.6943106651306152 69
0.6979079246520996 69
0.7024047374725342 70
0.7059688568115234 70
0.7125363349914551 71
0.7161147594451904 71
0.7199420928955078 72
0.7244565486907959 72
0.7281255722045898 72
0.7340564727783203 73
0.7376348972320557 74
0.7418973445892334 74
0.7480077743530273 74
0.752448558807373 75
0.756030797958374 76
0.7597627639770508 76
0.7642815113067627 76
0.7699203491210938 77
0.7744181156158447 78
0.778085470199585 78
0.7824985980987549 78
0.7860713005065918 79
0.7926721572875977 80
0.796379566192627 80
0.8001327514648438 80
0.8047809600830078 81
0.808549165725708 82
0.8145549297332764 82
0.8183140754699707 82
0.8226523399353027 83
0.8280558586120605 83
0.8325989246368408 84
0.8361620903015137 84
0.8428618907928467 85
0.8464310169219971 86
0.8501763343811035 86
0.8566510677337646 86
0.8604109287261963 87
0.8650732040405273 87
0.868865966796875 88
0.8731896877288818 88
0.8789920806884766 89
0.8835880756378174 89
0.8870949745178223 90
0.891549825668335 90
0.8951177597045898 91
0.9017188549041748 91
0.9055070877075195 92
0.9090335369110107 92
0.9136207103729248 92
0.9171407222747803 93
0.9242599010467529 94
0.9278662204742432 94
0.9323759078979492 95
0.935964822769165 95
0.9447789192199707 96
0.9495530128479004 96
0.9542093276977539 97
0.9598703384399414 98
0.9645357131958008 98
0.968303918838501 98
0.9727916717529297 99
0.9763491153717041 100
0.9825570583343506 100
0.9861512184143066 100
0.9899132251739502 101
0.9962921142578125 102
