0 0 
0.0026006698608398438 0
0.008396625518798828 0
0.012110710144042969 -1
0.01664280891418457 -1
0.02027440071105957 -1
0.026299238204956055 -3
0.029886245727539062 -3
0.0336611270904541 -4
0.04006648063659668 -6
0.04384255409240723 -7
0.048308372497558594 -9
0.05206775665283203 -9
0.05647087097167969 -11
0.062300920486450195 -14
0.06662535667419434 -15
0.07016873359680176 -17
0.07398295402526855 -19
0.0786287784576416 -21
0.08470273017883301 -24
0.08919692039489746 -26
0.09273171424865723 -28
0.09729599952697754 -31
0.1008002758026123 -33
0.10663533210754395 -36
0.11020517349243164 -38
0.11407256126403809 -42
0.12033963203430176 -44
0.12562036514282227 -47
0.12942290306091309 -49
0.1329178810119629 -51
0.13973712921142578 -55
0.14356040954589844 -59
0.14808106422424316 -61
0.1517634391784668 -63
0.156174898147583 -67
0.16193127632141113 -69
0.16634583473205566 -73
0.16991829872131348 -76
0.17368078231811523 -79
0.17817234992980957 -82
0.18384099006652832 -86
0.1883711814880371 -89
0.1921095848083496 -91
0.20022082328796387 -97
0.20401239395141602 -101
0.20992183685302734 -104
0.21554851531982422 -107
0.22182464599609375 -111
0.2264096736907959 -115
0.2300117015838623 -118
0.23376822471618652 -121
0.23825526237487793 -123
0.2439284324645996 -128
0.24844980239868164 -131
0.2522561550140381 -133
0.25675010681152344 -136
0.2602999210357666 -139
0.26636719703674316 -143
0.26996612548828125 -146
0.273728609085083 -149
0.28006505966186523 -153
0.28389930725097656 -156
0.28839564323425293 -159
0.29215240478515625 -162
0.296428918838501 -165
0.3022489547729492 -169
0.3065981864929199 -172
0.3101801872253418 -175
0.313922643661499 -178
0.31855154037475586 -181
0.32421016693115234 -185
0.32869601249694824 -188
0.33253955841064453 -191
0.33686327934265137 -194
0.3404548168182373 -197
0.3466942310333252 -201
0.35025978088378906 -204
0.35401320457458496 -207
0.36037755012512207 -211
0.36413025856018066 -214
0.3686103820800781 -217
0.37238192558288574 -220
0.3768308162689209 -223
0.38262367248535156 -227
0.3871889114379883 -230
0.3906543254852295 -233
0.3946678638458252 -236
0.39879345893859863 -240
0.40549492835998535 -243
0.4093451499938965 -246
0.412886381149292 -249
0.41747260093688965 -252
0.4232501983642578 -257
0.4278547763824463 -259
0.4314570426940918 -262
0.436077356338501 -267
0.43968892097473145 -268
0.44551873207092285 -273
0.44934844970703125 -275
0.45288634300231934 -278
0.45957183837890625 -283
0.46336984634399414 -286
0.46785402297973633 -289
0.4714376926422119 -291
0.4760596752166748 -296
0.4818284511566162 -299
0.48638367652893066 -303
0.48993968963623047 -306
0.4937005043029785 -309
0.4983348846435547 -312
0.5039846897125244 -316
0.5084629058837891 -319
0.5122506618499756 -322
0.5165963172912598 -325
0.520143985748291 -328
0.5261895656585693 -332
0.5297527313232422 -334
0.5335335731506348 -340
0.5398240089416504 -341
0.5436582565307617 -345
0.5481536388397217 -349
0.5518152713775635 -350
0.5563840866088867 -356
0.5622375011444092 -359
0.566575288772583 -361
0.5701184272766113 -365
0.5739705562591553 -367
0.5784680843353271 -372
0.5841195583343506 -375
0.5885965824127197 -378
0.59236741065979 -381
0.5966396331787109 -385
0.6067073345184326 -391
0.6102621555328369 -394
0.6140275001525879 -397
0.6208925247192383 -401
0.6254339218139648 -404
0.6293950080871582 -407
0.6328995227813721 -410
0.6375892162322998 -413
0.6433298587799072 -417
0.6478438377380371 -420
0.6514463424682617 -423
0.6559526920318604 -426
0.6595616340637207 -429
0.666191577911377 -435
0.6697449684143066 -436
0.6735012531280518 -441
0.6782772541046143 -443
0.6820509433746338 -445
0.6880354881286621 -449
0.6916377544403076 -452
0.6961464881896973 -458
0.7019245624542236 -459
0.7063484191894531 -464
0.7099213600158691 -467
0.7137172222137451 -470
0.7182173728942871 -474
0.7238938808441162 -477
0.728388786315918 -480
0.7321012020111084 -483
0.7365970611572266 -486
0.7424173355102539 -490
0.7467746734619141 -493
0.7503249645233154 -496
0.7540814876556396 -499
0.7585740089416504 -502
0.7641968727111816 -507
0.7687280178070068 -509
0.772533655166626 -512
0.7767932415008545 -515
0.7803583145141602 -518
0.7864181995391846 -523
0.7901291847229004 -525
0.7939093112945557 -528
0.8004369735717773 -533
0.8046345710754395 -536
0.8087623119354248 -539
0.8125503063201904 -541
0.816866397857666 -544
0.821805477142334 -547
0.8262050151824951 -552
0.8297505378723145 -553
0.8335471153259277 -557
0.8380956649780273 -561
0.8417782783508301 -562
0.8461868762969971 -567
0.8497564792633057 -568
0.8535072803497314 -572
0.8581836223602295 -575
0.8618838787078857 -577
0.8664412498474121 -581
0.8712658882141113 -584
0.8755972385406494 -587
0.8794143199920654 -590
0.8829009532928467 -593
0.8876118659973145 -595
0.8912818431854248 -599
0.8955764770507812 -601
0.8993604183197021 -605
0.9028947353363037 -607
0.9077496528625488 -610
0.9113624095916748 -613
0.9156498908996582 -616
0.9196553230285645 -621
0.9241852760314941 -623
0.92867112159729 -627
0.9324119091033936 -629
0.9367098808288574 -632
0.9402740001678467 -635
0.9440383911132812 -638
0.9485371112823486 -641
0.9522809982299805 -644
0.9565935134887695 -647
0.9601514339447021 -650
0.9639139175415039 -653
0.9683873653411865 -656
0.9729213714599609 -659
0.9778842926025391 -661
0.9814743995666504 -665
0.9859597682952881 -667
0.9895577430725098 -670
0.993335485458374 -673
0.99800705909729 -679
