0 0 
0.0025827884674072266 0
0.008337259292602539 0
0.012015104293823242 0
0.01651310920715332 0
0.020116567611694336 1
0.026135921478271484 1
0.02969646453857422 2
0.033444881439208984 3
0.03987908363342285 4
0.0436551570892334 5
0.04806780815124512 6
0.05168795585632324 7
0.05605602264404297 9
0.061713457107543945 10
0.0661473274230957 11
0.06975293159484863 12
0.0736243724822998 14
0.08199691772460938 17
0.08804035186767578 19
0.09168696403503418 20
0.09624409675598145 23
0.10207200050354004 25
0.10650181770324707 27
0.11005377769470215 28
0.11379480361938477 30
0.11837053298950195 33
0.12398624420166016 34
0.1286625862121582 36
0.13240313529968262 38
0.13709092140197754 39
0.14055895805358887 42
0.1472477912902832 44
0.15073418617248535 46
0.1552143096923828 48
0.1587846279144287 49
0.16547131538391113 53
0.16928887367248535 54
0.1727910041809082 56
0.17736434936523438 58
0.18112993240356445 60
0.18676304817199707 63
0.19033312797546387 65
0.19405055046081543 67
0.2010664939880371 70
0.20534563064575195 72
0.20914268493652344 74
0.21277236938476562 76
0.21750998497009277 78
0.2232344150543213 81
0.22771167755126953 83
0.23129582405090332 85
0.23578333854675293 87
0.23938965797424316 89
0.2460007667541504 93
0.24956083297729492 93
0.2533128261566162 95
0.2579822540283203 99
0.26155519485473633 100
0.2676966190338135 103
0.27333617210388184 106
0.2779500484466553 108
0.28151440620422363 110
0.2860245704650879 113
0.2895963191986084 114
0.2954378128051758 117
0.2992665767669678 119
0.30280184745788574 121
0.309462308883667 124
0.3132457733154297 126
0.31792211532592773 128
0.32152509689331055 130
0.3260185718536377 133
0.3318214416503906 135
0.336259126663208 138
0.3398149013519287 140
0.34355592727661133 142
0.3480672836303711 144
0.3536996841430664 147
0.35823965072631836 149
0.36203932762145996 151
0.36632394790649414 153
0.3699204921722412 155
0.37616419792175293 159
0.37978124618530273 161
0.38354063034057617 163
0.38948845863342285 165
0.39326906204223633 167
0.3977680206298828 169
0.4035072326660156 173
0.40798377990722656 175
0.41167306900024414 176
0.4160807132720947 179
0.41968417167663574 180
0.4262862205505371 184
0.42983531951904297 186
0.4335815906524658 188
0.43822383880615234 190
0.4419577121734619 191
0.4478600025177002 195
0.4514293670654297 197
0.4559037685394287 199
0.4617006778717041 202
0.46610021591186523 205
0.46965456008911133 206
0.4733922481536865 209
0.4816575050354004 212
0.48784518241882324 215
0.4914262294769287 217
0.4972951412200928 220
0.5011022090911865 222
0.5053811073303223 224
0.511387825012207 227
0.5160536766052246 231
0.5196244716644287 231
0.5233733654022217 235
0.5278563499450684 235
0.5334873199462891 240
0.537987470626831 242
0.5416605472564697 243
0.5460617542266846 246
0.5496299266815186 247
0.5563192367553711 251
0.5599174499511719 253
0.5636768341064453 255
0.5681378841400146 257
0.5718109607696533 258
0.5778512954711914 261
0.5814359188079834 263
0.5878875255584717 266
0.591480016708374 269
0.5959732532501221 271
0.5995478630065918 273
0.6032938957214355 275
0.6096434593200684 278
0.6134250164031982 281
0.6181364059448242 283
0.6218118667602539 284
0.6261849403381348 287
0.6319835186004639 290
0.6363048553466797 292
0.6398665904998779 294
0.6436269283294678 296
0.6482796669006348 298
0.6538951396942139 301
0.6583597660064697 303
0.6620979309082031 305
0.6663422584533691 307
0.6699204444885254 309
0.6762580871582031 313
0.6798141002655029 315
0.6835517883300781 318
0.6898193359375 320
0.6935760974884033 322
0.698045015335083 324
0.7016844749450684 325
0.7061331272125244 329
0.71195387840271 330
0.7162799835205078 333
0.7198183536529541 335
0.7235581874847412 337
0.7280347347259521 340
0.7336597442626953 342
0.7383029460906982 345
0.7420496940612793 347
0.7463164329528809 349
0.752100944519043 352
0.7564213275909424 354
0.7599837779998779 356
0.7637617588043213 358
0.7682178020477295 360
0.7738418579101562 363
0.7785029411315918 365
0.7822518348693848 367
0.7866694927215576 369
0.7902297973632812 371
0.7964737415313721 374
0.8000311851501465 376
0.8037893772125244 378
0.8101067543029785 381
0.8138916492462158 383
0.8183450698852539 385
0.822136402130127 387
0.8264522552490234 390
0.8322327136993408 393
0.8365085124969482 395
0.8400497436523438 397
0.8437960147857666 399
0.848252534866333 401
0.853888750076294 404
0.8585059642791748 406
0.862241268157959 408
0.8665282726287842 410
0.8700704574584961 412
0.8761062622070312 415
0.8833966255187988 419
0.888049840927124 423
0.8936617374420166 425
0.8982787132263184 427
0.9020261764526367 429
0.9066009521484375 431
0.9101505279541016 434
0.9172101020812988 436
0.9207189083099365 438
0.9251611232757568 440
0.9287128448486328 442
0.9324514865875244 445
0.9383208751678467 447
0.9420692920684814 449
0.9463479518890381 452
0.9521589279174805 454
0.9564647674560547 456
0.9600169658660889 459
0.9637691974639893 461
0.9701189994812012 463
0.973867654800415 466
0.9785001277923584 468
0.9822430610656738 470
0.9865255355834961 472
0.9923202991485596 475
0.996652364730835 477
