0 0 
0.0026438236236572266 0
0.008378982543945312 0
0.012075662612915039 0
0.01635599136352539 -1
0.019971132278442383 -2
0.026009082794189453 -2
0.029614686965942383 -3
0.033380985260009766 -4
0.03947257995605469 -6
0.04326200485229492 -7
0.047884464263916016 -8
0.05212116241455078 -10
0.05833864212036133 -13
0.06206560134887695 -14
0.06795358657836914 -16
0.07156634330749512 -18
0.07610225677490234 -21
0.08182334899902344 -24
0.08641862869262695 -27
0.08998727798461914 -29
0.09374117851257324 -32
0.0981905460357666 -34
0.10387396812438965 -38
0.10835742950439453 -40
0.11209464073181152 -42
0.11662983894348145 -45
0.1201939582824707 -48
0.12624502182006836 -52
0.12984991073608398 -53
0.1336205005645752 -58
0.13997769355773926 -62
0.14374995231628418 -64
0.14820337295532227 -67
0.15184712409973145 -69
0.15623974800109863 -73
0.1621546745300293 -78
0.16646480560302734 -80
0.17003083229064941 -84
0.1737668514251709 -86
0.1783771514892578 -91
0.18401098251342773 -94
0.18850994110107422 -97
0.1922602653503418 -100
0.1965785026550293 -103
0.20013213157653809 -108
0.20669198036193848 -111
0.21030020713806152 -114
0.21405935287475586 -117
0.21872186660766602 -120
0.2224876880645752 -125
0.2283616065979004 -128
0.23208022117614746 -130
0.23656225204467773 -136
0.2424180507659912 -139
0.2467653751373291 -142
0.2503032684326172 -146
0.25408172607421875 -149
0.25856637954711914 -154
0.26465606689453125 -157
0.26876235008239746 -160
0.27249979972839355 -163
0.27682924270629883 -166
0.2803945541381836 -171
0.2872340679168701 -175
0.29068446159362793 -178
0.294689416885376 -181
0.29892444610595703 -184
0.30269789695739746 -189
0.3085336685180664 -192
0.31227922439575195 -196
0.3165905475616455 -200
0.32242298126220703 -204
0.32680439949035645 -207
0.33036017417907715 -210
0.33415913581848145 -214
0.34465956687927246 -222
0.349261999130249 -225
0.35277605056762695 -228
0.3578007221221924 -232
0.36139559745788574 -235
0.36742401123046875 -240
0.3709564208984375 -243
0.3754429817199707 -246
0.3813169002532959 -251
0.3855912685394287 -254
0.3894188404083252 -258
0.3929171562194824 -261
0.3975989818572998 -264
0.4034230709075928 -269
0.40793609619140625 -272
0.4115025997161865 -276
0.4161951541900635 -281
0.41977357864379883 -282
0.42634105682373047 -289
0.4299185276031494 -292
0.4336681365966797 -296
0.43817138671875 -299
0.4418163299560547 -300
0.44776201248168945 -305
0.4513382911682129 -308
0.4577934741973877 -314
0.46140551567077637 -317
0.4658694267272949 -320
0.4694859981536865 -324
0.47321319580078125 -327
0.47989702224731445 -333
0.4837768077850342 -336
0.48822712898254395 -340
0.4919135570526123 -342
0.4962756633758545 -346
0.5021357536315918 -351
0.5064520835876465 -355
0.5100359916687012 -358
0.5137894153594971 -361
0.5182592868804932 -364
0.5239503383636475 -370
0.5284368991851807 -373
0.5322389602661133 -376
0.5367369651794434 -379
0.540292501449585 -382
0.5463461875915527 -388
0.5499119758605957 -391
0.5564038753509521 -396
0.5622777938842773 -401
0.5666000843048096 -404
0.5701260566711426 -407
0.5739409923553467 -411
0.5784356594085693 -416
0.5841128826141357 -419
0.5886068344116211 -422
0.5923569202423096 -426
0.5968036651611328 -429
0.6003601551055908 -434
0.6073646545410156 -437
0.610889196395874 -440
0.6153647899627686 -444
0.6189267635345459 -447
0.6226978302001953 -452
0.6285495758056641 -455
0.6322743892669678 -458
0.6365866661071777 -464
0.6424267292022705 -467
0.6467859745025635 -470
0.6503250598907471 -473
0.6540729999542236 -476
0.6587138175964355 -482
0.6652913093566895 -485
0.6688659191131592 -488
0.6727068424224854 -491
0.6773083209991455 -494
0.6808183193206787 -500
0.6875848770141602 -503
0.6912226676940918 -506
0.6954965591430664 -510
0.6993284225463867 -513
0.7028424739837646 -518
0.7087042331695557 -521
0.7124617099761963 -524
0.7183640003204346 -529
0.7221434116363525 -532
0.7264423370361328 -536
0.7322931289672852 -541
0.7367784976959229 -544
0.7403321266174316 -551
0.7485933303833008 -554
0.7523479461669922 -559
0.7583389282226562 -562
0.7621281147003174 -566
0.7665705680847168 -570
0.7720973491668701 -574
0.7765626907348633 -577
0.7801220417022705 -580
0.7838656902313232 -584
0.7885141372680664 -587
0.79225754737854 -590
0.7965602874755859 -594
0.8001363277435303 -597
0.8038969039916992 -600
0.8083376884460449 -604
0.812077522277832 -605
0.8163855075836182 -610
0.8212337493896484 -613
0.8255314826965332 -616
0.8293039798736572 -620
0.8328239917755127 -623
0.8376765251159668 -626
0.8413143157958984 -630
0.845595121383667 -633
0.8493702411651611 -636
0.8529038429260254 -640
0.8575727939605713 -643
0.8612172603607178 -646
0.865473747253418 -650
0.870159387588501 -654
0.8739864826202393 -658
0.8784558773040771 -661
0.882225513458252 -664
0.8865349292755127 -668
0.8901007175445557 -671
0.8938748836517334 -674
0.8985106945037842 -678
0.9023644924163818 -681
0.9066946506500244 -684
0.9102504253387451 -687
0.9139866828918457 -691
0.9184753894805908 -694
0.92330002784729 -697
0.9277775287628174 -700
0.9313540458679199 -704
0.9356536865234375 -707
0.9394598007202148 -710
0.943183422088623 -714
0.9476108551025391 -717
0.9512810707092285 -720
0.9555587768554688 -724
0.9595308303833008 -727
0.9633076190948486 -730
0.9678134918212891 -734
0.972252368927002 -738
0.9765894412994385 -742
0.9801285266876221 -745
0.983900785446167 -748
0.9883370399475098 -752
0.9921011924743652 -755
0.9965841770172119 -758
