0 0 
0.003437519073486328 0
0.008392810821533203 0
0.012704610824584961 0
0.016216754913330078 0
0.019986867904663086 1
0.026591777801513672 2
0.03104424476623535 2
0.03458070755004883 3
0.0383455753326416 4
0.04306459426879883 4
0.04811859130859375 6
0.053182363510131836 7
0.058737754821777344 8
0.0634145736694336 9
0.06701302528381348 10
0.07125544548034668 12
0.07512307167053223 13
0.0817270278930664 15
0.08531999588012695 16
0.08904385566711426 18
0.09369945526123047 19
0.09727668762207031 20
0.10346245765686035 23
0.10710287094116211 24
0.11139178276062012 26
0.1173393726348877 28
0.12181591987609863 30
0.12541937828063965 32
0.1291794776916504 33
0.13364005088806152 35
0.13927841186523438 38
0.14376449584960938 39
0.14735174179077148 40
0.15186357498168945 42
0.1576080322265625 45
0.16225957870483398 48
0.16585159301757812 49
0.16967391967773438 51
0.17414307594299316 53
0.17977070808410645 56
0.18428587913513184 57
0.1880185604095459 59
0.19231295585632324 61
0.1958911418914795 62
0.20195960998535156 65
0.20552349090576172 66
0.20935416221618652 69
0.21956682205200195 74
0.224320650100708 75
0.22804570198059082 77
0.23253631591796875 79
0.23609566688537598 81
0.24225926399230957 84
0.2458491325378418 86
0.24956607818603516 87
0.255939245223999 90
0.2597055435180664 92
0.2641456127166748 94
0.26792359352111816 96
0.2722139358520508 98
0.27802157402038574 100
0.28255248069763184 102
0.28612208366394043 104
0.2898843288421631 106
0.29433608055114746 109
0.299976110458374 111
0.30443668365478516 112
0.30819106101989746 114
0.31252098083496094 116
0.31607532501220703 119
0.32263660430908203 121
0.32619309425354004 123
0.3299987316131592 125
0.334460973739624 127
0.33818936347961426 130
0.3442349433898926 131
0.34796786308288574 133
0.3524012565612793 136
0.3582296371459961 138
0.3625626564025879 140
0.3661048412322998 142
0.3698749542236328 144
0.3743398189544678 146
0.37996411323547363 148
0.3844485282897949 150
0.3881998062133789 152
0.3924984931945801 154
0.39606332778930664 157
0.40318942070007324 159
0.4067072868347168 160
0.4111967086791992 162
0.4147181510925293 164
0.4184725284576416 167
0.42432427406311035 169
0.4280822277069092 171
0.435283899307251 174
0.4390401840209961 176
0.4434628486633301 178
0.44710445404052734 180
0.4513731002807617 182
0.45719480514526367 184
0.4618570804595947 186
0.4654667377471924 188
0.4692409038543701 190
0.4737367630004883 192
0.47937560081481934 196
0.4841277599334717 198
0.4878709316253662 198
0.4922008514404297 201
0.49573588371276855 204
0.5022828578948975 206
0.5058495998382568 208
0.509613037109375 210
0.5141396522521973 212
0.5178718566894531 212
0.5239048004150391 216
0.5275774002075195 217
0.5321536064147949 221
0.5379467010498047 223
0.5422298908233643 225
0.5458228588104248 227
0.5495352745056152 229
0.5540008544921875 232
0.5596432685852051 234
0.564150333404541 235
0.5678822994232178 236
0.5722713470458984 239
0.5758528709411621 242
0.5825798511505127 244
0.5861315727233887 246
0.5898828506469727 248
0.5943353176116943 250
0.5980639457702637 252
0.6039540767669678 254
0.6076030731201172 255
0.6156015396118164 259
0.621051549911499 262
0.6271417140960693 265
0.6314337253570557 267
0.6353805065155029 268
0.6391305923461914 270
0.6439051628112793 274
0.6495311260223389 276
0.6539857387542725 278
0.6576430797576904 279
0.6620304584503174 282
0.6656136512756348 283
0.6721799373626709 286
0.6758146286010742 288
0.6795549392700195 290
0.6839871406555176 292
0.6876242160797119 293
0.6935632228851318 296
0.6971302032470703 298
0.7013900279998779 301
0.7064735889434814 302
0.7104575634002686 304
0.714592695236206 307
0.7211143970489502 309
0.7246553897857666 311
0.7283890247344971 313
0.732694149017334 315
0.7385044097900391 318
0.7433786392211914 320
0.7470211982727051 322
0.7512555122375488 324
0.7549965381622314 325
0.7613894939422607 328
0.7653293609619141 330
0.7690646648406982 332
0.7735631465911865 334
0.7771430015563965 336
0.7829902172088623 338
0.7866120338439941 340
0.7905130386352539 342
0.7966547012329102 345
0.8011202812194824 347
0.8046679496765137 349
0.8084049224853516 351
0.8127000331878662 353
0.818490743637085 356
0.8232142925262451 358
0.8266916275024414 360
0.8312296867370605 361
0.8350193500518799 363
0.8413825035095215 366
0.8451657295227051 368
0.8486778736114502 370
0.8532533645629883 372
0.8567521572113037 374
0.8625891208648682 376
0.8661270141601562 378
0.8698694705963135 380
0.8752644062042236 382
0.878748893737793 385
0.8847572803497314 387
0.8885166645050049 389
0.8950815200805664 392
0.8986539840698242 394
0.9032483100891113 396
0.9067461490631104 397
0.9113583564758301 399
0.9171547889709473 402
0.9216930866241455 404
0.9252991676330566 406
0.929025411605835 408
0.9334356784820557 410
0.9391064643859863 412
0.9438252449035645 414
0.9474208354949951 416
0.9519350528717041 419
0.9554755687713623 420
0.9612650871276855 423
0.9650747776031494 425
0.9685797691345215 427
0.9751472473144531 430
0.9787113666534424 432
0.9833848476409912 433
0.9870226383209229 435
0.9912810325622559 437
0.9971585273742676 440
