0 0 
0.0033524036407470703 0
0.008419036865234375 0
0.012752532958984375 0
0.01626110076904297 0
0.020065784454345703 0
0.0267333984375 -1
0.0305020809173584 -2
0.035007476806640625 -2
0.038840532302856445 -2
0.04456162452697754 -3
0.0501866340637207 -5
0.05504655838012695 -6
0.058771610260009766 -6
0.06319785118103027 -7
0.06898164749145508 -8
0.0732889175415039 -10
0.07692098617553711 -10
0.08068299293518066 -12
0.08514666557312012 -13
0.09078550338745117 -14
0.0952765941619873 -16
0.09903860092163086 -17
0.10428786277770996 -18
0.10793828964233398 -19
0.11400794982910156 -21
0.11781954765319824 -22
0.12209033966064453 -23
0.1280207633972168 -25
0.1325364112854004 -26
0.13613200187683105 -28
0.13986611366271973 -29
0.14429879188537598 -30
0.15001320838928223 -32
0.15469741821289062 -34
0.15838098526000977 -35
0.1628587245941162 -37
0.16641855239868164 -38
0.1731705665588379 -41
0.17672467231750488 -42
0.1804802417755127 -44
0.18497109413146973 -45
0.18873882293701172 -46
0.19464635848999023 -48
0.19824767112731934 -49
0.2027301788330078 -52
0.20847225189208984 -53
0.21296119689941406 -55
0.21654963493347168 -56
0.22030186653137207 -58
0.22478914260864258 -60
0.23045754432678223 -61
0.23514008522033691 -63
0.23887872695922852 -64
0.24665307998657227 -67
0.25292015075683594 -69
0.2565267086029053 -71
0.26027536392211914 -72
0.2667999267578125 -74
0.27060675621032715 -76
0.27524232864379883 -77
0.27899670600891113 -79
0.2834341526031494 -80
0.28924059867858887 -82
0.2939748764038086 -84
0.2974717617034912 -85
0.30196332931518555 -87
0.3055083751678467 -88
0.31215333938598633 -90
0.31596899032592773 -92
0.3194887638092041 -93
0.324077844619751 -95
0.3275575637817383 -96
0.3335108757019043 -98
0.3370699882507324 -100
0.3412191867828369 -101
0.34746432304382324 -104
0.3519599437713623 -105
0.35592007637023926 -106
0.35947680473327637 -108
0.36408042907714844 -109
0.3698568344116211 -112
0.374286413192749 -113
0.37792396545410156 -114
0.38222813606262207 -116
0.38805103302001953 -118
0.3925609588623047 -120
0.3961622714996338 -121
0.3999195098876953 -123
0.4045090675354004 -124
0.41016578674316406 -127
0.414886474609375 -128
0.4186747074127197 -129
0.42300868034362793 -132
0.42656779289245605 -133
0.4326364994049072 -134
0.43625640869140625 -136
0.4399902820587158 -137
0.44637537002563477 -140
0.450162410736084 -142
0.4546680450439453 -142
0.4582545757293701 -144
0.46274375915527344 -146
0.4684429168701172 -148
0.4730343818664551 -150
0.4766652584075928 -151
0.4804387092590332 -153
0.48498988151550293 -155
0.49062132835388184 -156
0.49508070945739746 -158
0.49884486198425293 -159
0.5031828880310059 -161
0.5067710876464844 -163
0.5133404731750488 -164
0.5169022083282471 -166
0.5206410884857178 -168
0.5250933170318604 -169
0.5288641452789307 -171
0.5348937511444092 -173
0.5386650562286377 -174
0.5431482791900635 -176
0.5489540100097656 -178
0.5532846450805664 -179
0.5568716526031494 -181
0.5606167316436768 -182
0.5651118755340576 -184
0.5707516670227051 -186
0.5753004550933838 -187
0.5790491104125977 -189
0.5833487510681152 -190
0.5868997573852539 -192
0.5939044952392578 -194
0.5974276065826416 -196
0.6018846035003662 -197
0.6054389476776123 -198
0.6091904640197754 -200
0.6150534152984619 -202
0.6188480854034424 -204
0.623403787612915 -205
0.6291835308074951 -207
0.6335082054138184 -209
0.6370618343353271 -210
0.640831708908081 -212
0.6490559577941895 -216
0.6551754474639893 -217
0.658902645111084 -218
0.6633718013763428 -220
0.6692113876342773 -222
0.6740548610687256 -224
0.6779179573059082 -225
0.6822071075439453 -226
0.6880245208740234 -228
0.6925759315490723 -230
0.6961765289306641 -232
0.6999564170837402 -233
0.7044773101806641 -234
0.7101337909698486 -237
0.7148430347442627 -239
0.7185282707214355 -240
0.7229330539703369 -242
0.7265141010284424 -243
0.7325737476348877 -245
0.736196756362915 -246
0.7399466037750244 -248
0.746347188949585 -250
0.7501497268676758 -252
0.7546937465667725 -253
0.758277177810669 -254
0.7627701759338379 -256
0.7684950828552246 -258
0.7730963230133057 -260
0.7766828536987305 -262
0.780461311340332 -263
0.7849440574645996 -265
0.7906861305236816 -267
0.7952480316162109 -268
0.7989978790283203 -270
0.8034839630126953 -271
0.8070812225341797 -273
0.813145637512207 -275
0.8167147636413574 -276
0.8204989433288574 -278
0.8267526626586914 -280
0.8305084705352783 -282
0.8351521492004395 -283
0.8389034271240234 -284
0.8432130813598633 -287
0.8490254878997803 -288
0.8533601760864258 -290
0.8569159507751465 -291
0.8606672286987305 -293
0.8651580810546875 -295
0.8707976341247559 -296
0.8753025531768799 -298
0.8790700435638428 -299
0.88340163230896 -301
0.8869380950927734 -303
0.893953800201416 -304
0.8974437713623047 -306
0.9019010066986084 -307
0.9054591655731201 -309
0.9092693328857422 -311
0.9152407646179199 -312
0.9190123081207275 -314
0.9252464771270752 -316
0.929008960723877 -318
0.9334323406219482 -319
0.9370055198669434 -321
0.9407742023468018 -322
0.9473292827606201 -324
0.9513418674468994 -326
0.9558382034301758 -327
0.9593615531921387 -329
0.9639177322387695 -330
0.9694974422454834 -332
0.9741861820220947 -334
0.977832555770874 -335
0.9820895195007324 -337
0.9858851432800293 -338
0.9922852516174316 -340
0.9961612224578857 -342
0.9999611377716064 -344
