0 0 
0.006095409393310547 0
0.009794950485229492 0
0.014028549194335938 0
0.020142555236816406 0
0.02476334571838379 -1
0.030295133590698242 -2
0.03519129753112793 -3
0.04082632064819336 -4
0.045752763748168945 -6
0.0494999885559082 -8
0.05546689033508301 -9
0.0590510368347168 -11
0.06375813484191895 -14
0.07159781455993652 -17
0.0762481689453125 -19
0.07999396324157715 -21
0.08480191230773926 -23
0.08832144737243652 -27
0.0958395004272461 -30
0.09959578514099121 -34
0.10567069053649902 -36
0.10934019088745117 -38
0.11371660232543945 -44
0.12136316299438477 -47
0.1258542537689209 -50
0.12969350814819336 -52
0.13400053977966309 -55
0.1397838592529297 -61
0.1456916332244873 -64
0.14943599700927734 -65
0.153764009475708 -71
0.15961122512817383 -74
0.16522741317749023 -77
0.17156481742858887 -83
0.17609262466430664 -86
0.17990827560424805 -90
0.18578767776489258 -94
0.18953776359558105 -97
0.19707083702087402 -102
0.20087027549743652 -104
0.20542216300964355 -108
0.21142363548278809 -117
0.21976161003112793 -120
0.22484683990478516 -124
0.2306077480316162 -128
0.23529410362243652 -132
0.24104928970336914 -138
0.24569368362426758 -142
0.24945640563964844 -143
0.25534510612487793 -148
0.2589545249938965 -151
0.26680684089660645 -158
0.2705962657928467 -161
0.2750675678253174 -164
0.2808716297149658 -171
0.28565001487731934 -174
0.29132866859436035 -179
0.29584670066833496 -182
0.3015930652618408 -187
0.30622124671936035 -191
0.3099660873413086 -194
0.31589412689208984 -199
0.31966638565063477 -202
0.3242819309234619 -206
0.33294153213500977 -212
0.3369321823120117 -216
0.34070611000061035 -219
0.3455336093902588 -224
0.34920740127563477 -226
0.3555288314819336 -234
0.36122703552246094 -237
0.36574244499206543 -242
0.371474027633667 -246
0.3759803771972656 -249
0.3821103572845459 -254
0.38620972633361816 -258
0.3899679183959961 -262
0.39585161209106445 -266
0.39963412284851074 -269
0.4056582450866699 -274
0.41135668754577637 -279
0.41599392890930176 -284
0.4220113754272461 -288
0.42630624771118164 -291
0.4300670623779297 -294
0.4352877140045166 -298
0.4413421154022217 -304
0.44620728492736816 -310
0.4529130458831787 -313
0.45691442489624023 -316
0.4606809616088867 -320
0.4656684398651123 -326
0.47397589683532715 -331
0.4775424003601074 -335
0.48131251335144043 -340
0.48720884323120117 -341
0.4938361644744873 -348
0.49971890449523926 -353
0.5042369365692139 -356
0.5101826190948486 -362
0.5151679515838623 -365
0.5187718868255615 -368
0.5250279903411865 -373
0.5287086963653564 -377
0.5349857807159424 -382
0.540733814239502 -387
0.5452795028686523 -390
0.5509223937988281 -397
0.5555872917175293 -400
0.5592641830444336 -402
0.565302848815918 -407
0.5709145069122314 -414
0.5755927562713623 -419
0.5812737941741943 -422
0.5859296321868896 -426
0.5896799564361572 -429
0.5941376686096191 -434
0.6027936935424805 -439
0.6066102981567383 -442
0.6101484298706055 -446
0.6188821792602539 -452
0.6258876323699951 -461
0.6336524486541748 -466
0.6372852325439453 -468
0.6442248821258545 -474
0.6477806568145752 -478
0.653883695602417 -483
0.6574628353118896 -486
0.6612672805786133 -490
0.6660394668579102 -496
0.6753358840942383 -500
0.6789112091064453 -503
0.6835939884185791 -508
0.6871912479400635 -510
0.6930687427520752 -518
0.6995484828948975 -522
0.7041127681732178 -525
0.7099289894104004 -530
0.7146899700164795 -533
0.7182555198669434 -537
0.7243008613586426 -542
0.7278687953948975 -545
0.734121561050415 -552
0.7402749061584473 -555
0.7453577518463135 -559
0.7510213851928711 -565
0.7556867599487305 -569
0.7614662647247314 -574
0.7666070461273193 -577
0.7701637744903564 -582
0.776221752166748 -586
0.7799510955810547 -589
0.7875230312347412 -596
0.7912962436676025 -601
0.7971599102020264 -602
0.8037903308868408 -609
0.8073697090148926 -612
0.8135178089141846 -618
0.8197736740112305 -623
0.8246026039123535 -626
0.8280730247497559 -629
0.8320834636688232 -633
0.8366241455078125 -636
0.8401706218719482 -641
0.8467066287994385 -644
0.8502326011657715 -648
0.8567547798156738 -653
0.86029052734375 -656
0.8658883571624756 -662
0.8715591430664062 -666
0.8763220310211182 -670
0.8801102638244629 -673
0.8851587772369385 -676
0.8888719081878662 -680
0.8948557376861572 -685
0.8986639976501465 -688
0.9029664993286133 -692
0.9095132350921631 -698
0.9150829315185547 -702
0.918776273727417 -705
0.9230546951293945 -709
0.9290261268615723 -714
0.9337685108184814 -719
0.937342643737793 -722
0.941089391708374 -726
0.9458577632904053 -729
0.9515349864959717 -734
0.9561779499053955 -737
0.9599411487579346 -741
0.9658215045928955 -746
0.9696171283721924 -749
0.9740567207336426 -752
0.9802579879760742 -758
0.9848589897155762 -761
0.98858642578125 -764
0.9928772449493408 -768
0.9986178874969482 -773
