0 0 
0.0023729801177978516 0
0.007494688034057617 0
0.012207508087158203 1
0.015897274017333984 1
0.02024698257446289 1
0.025992393493652344 3
0.030300140380859375 4
0.03389763832092285 5
0.03766918182373047 6
0.042144775390625 7
0.04774880409240723 10
0.05226254463195801 11
0.056002140045166016 13
0.060297489166259766 15
0.06388282775878906 17
0.07007193565368652 20
0.07373309135437012 22
0.07747864723205566 25
0.08337616920471191 27
0.0871434211730957 31
0.09164953231811523 32
0.09729981422424316 37
0.10179018974304199 39
0.1054232120513916 41
0.10980987548828125 45
0.11569881439208984 49
0.12006282806396484 52
0.12362170219421387 55
0.12737154960632324 58
0.13202571868896484 61
0.13765358924865723 65
0.1421372890472412 68
0.14588069915771484 71
0.15021657943725586 74
0.15375685691833496 77
0.15987658500671387 82
0.16347646713256836 83
0.16724228858947754 88
0.17360758781433105 93
0.17739391326904297 96
0.1818397045135498 100
0.18552255630493164 101
0.19006705284118652 106
0.19991636276245117 114
0.20353150367736816 118
0.207322359085083 121
0.21399807929992676 126
0.21777820587158203 129
0.2224109172821045 133
0.22616076469421387 136
0.23047280311584473 139
0.23629021644592285 145
0.24088191986083984 148
0.2443382740020752 151
0.2483065128326416 155
0.25257420539855957 158
0.25921201705932617 163
0.2630577087402344 167
0.26684045791625977 170
0.2713007926940918 174
0.2749474048614502 177
0.2805616855621338 183
0.2841067314147949 186
0.28823161125183105 189
0.29442834854125977 195
0.29836153984069824 198
0.30246448516845703 201
0.3062307834625244 205
0.3109557628631592 209
0.31652212142944336 214
0.3212466239929199 217
0.324908971786499 221
0.3292701244354248 224
0.33508992195129395 229
0.3397836685180664 235
0.34337353706359863 237
0.3471646308898926 242
0.35170912742614746 243
0.35735106468200684 251
0.3618600368499756 254
0.3655393123626709 256
0.37006068229675293 261
0.3736710548400879 265
0.37970805168151855 268
0.3833503723144531 272
0.3871166706085205 277
0.39354562759399414 283
0.3973202705383301 286
0.4019160270690918 289
0.40567588806152344 291
0.41002941131591797 297
0.4158501625061035 302
0.42019033432006836 305
0.42374706268310547 309
0.4275031089782715 313
0.4321460723876953 316
0.4377760887145996 321
0.44226908683776855 325
0.44602298736572266 329
0.45029211044311523 332
0.4538693428039551 335
0.4599161148071289 341
0.46350669860839844 343
0.4672865867614746 348
0.47382140159606934 353
0.47760891914367676 357
0.48215675354003906 360
0.4858968257904053 364
0.4903678894042969 367
0.4961659908294678 373
0.5004534721374512 376
0.5039796829223633 380
0.5077188014984131 383
0.5121772289276123 387
0.5178167819976807 393
0.5222995281219482 396
0.5260860919952393 399
0.530402421951294 403
0.5339276790618896 407
0.5399575233459473 412
0.5435290336608887 415
0.5472745895385742 419
0.5532040596008301 423
0.556952714920044 426
0.5614352226257324 430
0.567054033279419 435
0.5716016292572021 439
0.5751619338989258 442
0.5796327590942383 446
0.5852572917938232 451
0.5897607803344727 456
0.5933303833007812 463
0.6019437313079834 467
0.6056687831878662 469
0.6105117797851562 474
0.6163003444671631 479
0.6210224628448486 483
0.624525785446167 487
0.629021406173706 490
0.632549524307251 494
0.6391794681549072 499
0.6435649394989014 504
0.6473112106323242 508
0.6518409252166748 511
0.6555135250091553 513
0.6614639759063721 519
0.6650454998016357 522
0.6708519458770752 527
0.6745359897613525 531
0.6790361404418945 535
0.6825737953186035 540
0.6891214847564697 543
0.6928985118865967 547
0.696418285369873 551
0.701016902923584 554
0.704521894454956 559
0.7112398147583008 563
0.7148945331573486 567
0.7201101779937744 572
0.7236905097961426 575
0.7299280166625977 581
0.7335114479064941 583
0.7373225688934326 588
0.743671178817749 593
0.747450590133667 597
0.7519638538360596 601
0.7556991577148438 602
0.7600226402282715 607
0.7658076286315918 613
0.7701139450073242 617
0.7736778259277344 620
0.7774293422698975 623
0.7819192409515381 629
0.7876670360565186 633
0.7923176288604736 636
0.7960526943206787 639
0.8003735542297363 643
0.8039090633392334 649
0.8104705810546875 652
0.8140084743499756 655
0.8177475929260254 659
0.8221855163574219 663
0.8259100914001465 668
0.8317852020263672 671
0.8354113101959229 673
0.8398408889770508 681
0.8456614017486572 682
0.8501274585723877 688
0.853691577911377 691
0.857450008392334 695
0.862114667892456 700
0.8677184581756592 704
0.8722176551818848 707
0.8759405612945557 711
0.8802683353424072 714
0.8837902545928955 720
0.8903124332427979 723
0.8938705921173096 727
0.8976113796234131 731
0.9020986557006836 734
0.9077472686767578 739
0.9124951362609863 743
0.9162628650665283 746
0.9205622673034668 750
0.9241015911102295 753
0.9301738739013672 759
0.9337368011474609 763
0.9374978542327881 766
0.9438362121582031 771
0.9476113319396973 775
0.9520740509033203 779
0.9558515548706055 782
0.9601995944976807 785
0.965961217880249 791
0.9704196453094482 795
0.9739556312561035 798
0.9777157306671143 801
0.9821562767028809 805
0.9877660274505615 811
0.9924097061157227 814
