0 0 
0.004201650619506836 0
0.007976770401000977 0
0.011708974838256836 0
0.016138076782226562 0
0.01981377601623535 0
0.024144887924194336 1
0.027675628662109375 1
0.03421783447265625 1
0.037827253341674805 2
0.04159402847290039 3
0.0462949275970459 3
0.0500028133392334 3
0.061185359954833984 5
0.06567716598510742 6
0.06927013397216797 7
0.07722806930541992 9
0.08081221580505371 10
0.08607077598571777 11
0.09353971481323242 12
0.09733939170837402 13
0.10084199905395508 14
0.10764884948730469 16
0.11143231391906738 17
0.11596035957336426 18
0.11966538429260254 19
0.12416553497314453 20
0.13001585006713867 22
0.13432002067565918 23
0.13790082931518555 24
0.1416473388671875 25
0.14609503746032715 26
0.15173006057739258 28
0.16007351875305176 30
0.16460037231445312 31
0.16816186904907227 33
0.17196917533874512 34
0.1787552833557129 35
0.1832106113433838 37
0.18724656105041504 38
0.19078874588012695 39
0.19545698165893555 40
0.20115256309509277 42
0.2056899070739746 43
0.20926928520202637 44
0.21375250816345215 45
0.21736717224121094 47
0.22423386573791504 49
0.22781801223754883 50
0.23156952857971191 51
0.23607468605041504 53
0.23972415924072266 53
0.24566173553466797 55
0.2492377758026123 56
0.25349926948547363 57
0.25938916206359863 59
0.2639272212982178 60
0.26752376556396484 61
0.27130722999572754 63
0.27772092819213867 65
0.28153181076049805 66
0.2861819267272949 67
0.28993773460388184 68
0.29431724548339844 70
0.3001365661621094 72
0.30445170402526855 73
0.3079953193664551 74
0.3117403984069824 75
0.31640148162841797 77
0.3220641613006592 79
0.32657790184020996 80
0.3303031921386719 81
0.33455538749694824 82
0.338207483291626 83
0.3443930149078369 85
0.3479578495025635 86
0.3517119884490967 87
0.3581094741821289 89
0.36187076568603516 91
0.36632633209228516 92
0.37009763717651367 93
0.37438225746154785 94
0.38019895553588867 96
0.38454723358154297 97
0.3881371021270752 99
0.3918631076812744 100
0.39632105827331543 101
0.40198826789855957 103
0.4066505432128906 104
0.4105241298675537 105
0.41484642028808594 107
0.4185302257537842 108
0.4244379997253418 109
0.4280049800872803 111
0.4317653179168701 112
0.4380958080291748 114
0.44189929962158203 115
0.44652891159057617 116
0.45027995109558105 117
0.4545712471008301 119
0.46039366722106934 121
0.4650917053222656 121
0.46854496002197266 123
0.4725487232208252 124
0.47664499282836914 126
0.4831809997558594 127
0.4867374897003174 128
0.49054980278015137 129
0.4951329231262207 131
0.49860119819641113 133
0.5052971839904785 134
0.5088028907775879 135
0.5132818222045898 136
0.5168139934539795 137
0.5205860137939453 139
0.5266294479370117 141
0.5303759574890137 142
0.5346617698669434 143
0.5404822826385498 145
0.5448043346405029 146
0.548351526260376 147
0.5520877838134766 149
0.5625104904174805 151
0.56675124168396 153
0.5704820156097412 154
0.5753319263458252 155
0.5790557861328125 157
0.5852541923522949 158
0.5887768268585205 159
0.5932881832122803 161
0.5991241931915283 163
0.6034121513366699 164
0.6072225570678711 165
0.6107263565063477 166
0.6159842014312744 169
0.6216278076171875 170
0.6261749267578125 171
0.6299211978912354 171
0.634239912033081 173
0.6377954483032227 175
0.6444649696350098 177
0.648015022277832 178
0.6517782211303711 179
0.6562271118164062 180
0.6618597507476807 182
0.6663370132446289 183
0.6701257228851318 185
0.6744558811187744 186
0.6779952049255371 187
0.6851017475128174 189
0.6885724067687988 190
0.6939473152160645 191
0.6996684074401855 193
0.7042868137359619 195
0.7078509330749512 196
0.7115936279296875 197
0.7160956859588623 199
0.7216796875 200
0.7262001037597656 201
0.7299458980560303 202
0.7342619895935059 204
0.7378160953521729 206
0.744379997253418 207
0.7479462623596191 208
0.751699686050415 209
0.7562153339385986 211
0.7599442005157471 211
0.7659866809844971 213
0.7696895599365234 214
0.774078369140625 217
0.7798247337341309 217
0.784226655960083 219
0.7877883911132812 220
0.7915515899658203 221
0.7961537837982178 223
0.8017919063568115 225
0.8062748908996582 226
0.8100357055664062 227
0.8143234252929688 228
0.8179168701171875 230
0.8246424198150635 231
0.8281621932983398 233
0.831902027130127 234
0.8365414142608643 235
0.8403170108795166 237
0.8461971282958984 238
0.8499372005462646 239
0.8542780876159668 241
0.8600866794586182 242
0.86434006690979 243
0.8678994178771973 245
0.8716657161712646 246
0.8780114650726318 248
0.881767988204956 249
0.8864068984985352 250
0.8901491165161133 251
0.8944644927978516 253
0.8992404937744141 254
0.903536319732666 256
0.9102094173431396 257
0.9146847724914551 259
0.9182338714599609 260
0.9220783710479736 261
0.9267063140869141 263
0.9332485198974609 264
0.9367878437042236 265
0.9405486583709717 267
0.9452743530273438 268
0.9488022327423096 270
0.9555344581604004 271
0.96201491355896 274
0.9676311016082764 275
0.9713802337646484 276
0.9779045581817627 278
0.9816634654998779 279
0.986356258392334 281
0.9901196956634521 282
0.9944515228271484 283
