0 0 
0.002382993698120117 -1
0.007536888122558594 -1
0.012041807174682617 -1
0.015709638595581055 -1
0.02016472816467285 -2
0.025944948196411133 -3
0.0304563045501709 -4
0.03400731086730957 -5
0.03939032554626465 -6
0.043158769607543945 -7
0.049726009368896484 -9
0.05332183837890625 -10
0.0570526123046875 -12
0.06171751022338867 -14
0.06528592109680176 -15
0.07116937637329102 -18
0.07494139671325684 -20
0.07917618751525879 -22
0.08506131172180176 -24
0.08933544158935547 -26
0.09334325790405273 -28
0.09710979461669922 -31
0.10158801078796387 -33
0.10721540451049805 -36
0.11174798011779785 -38
0.11537671089172363 -41
0.11983633041381836 -43
0.12343287467956543 -45
0.13004446029663086 -50
0.13365697860717773 -51
0.13799047470092773 -55
0.14267277717590332 -58
0.14642810821533203 -61
0.15246295928955078 -64
0.15619993209838867 -66
0.16060805320739746 -70
0.16645097732543945 -73
0.17102861404418945 -76
0.1744680404663086 -78
0.1784961223602295 -81
0.18469548225402832 -85
0.18919730186462402 -87
0.19315505027770996 -90
0.19666171073913574 -93
0.20135092735290527 -95
0.20706701278686523 -100
0.21182608604431152 -102
0.21541380882263184 -105
0.21992731094360352 -109
0.22348260879516602 -110
0.23006129264831543 -116
0.2336568832397461 -118
0.237440824508667 -121
0.24191856384277344 -124
0.24556994438171387 -126
0.2515380382537842 -130
0.25513195991516113 -132
0.25940847396850586 -135
0.265413761138916 -140
0.2700798511505127 -144
0.2736663818359375 -146
0.277432918548584 -149
0.2819201946258545 -153
0.28757429122924805 -156
0.29209089279174805 -159
0.2958354949951172 -160
0.30016088485717773 -164
0.3037221431732178 -169
0.31032752990722656 -172
0.31389617919921875 -174
0.31766319274902344 -177
0.3223257064819336 -182
0.3321707248687744 -187
0.3359396457672119 -190
0.34038567543029785 -194
0.3462541103363037 -197
0.3509690761566162 -200
0.3544323444366455 -203
0.35845112800598145 -206
0.36253905296325684 -210
0.36908602714538574 -213
0.37264108657836914 -216
0.3763911724090576 -218
0.38073277473449707 -221
0.38442039489746094 -226
0.3913600444793701 -228
0.3950340747833252 -231
0.39930295944213867 -234
0.40320301055908203 -237
0.4067113399505615 -241
0.41259002685546875 -244
0.4163393974304199 -247
0.4206507205963135 -251
0.42650485038757324 -254
0.43107151985168457 -257
0.4345662593841553 -260
0.4390389919281006 -262
0.44259190559387207 -266
0.4491286277770996 -270
0.45314764976501465 -272
0.4566841125488281 -275
0.4613969326019287 -278
0.4671483039855957 -282
0.47170591354370117 -285
0.47527194023132324 -288
0.479766845703125 -291
0.4834585189819336 -294
0.49005961418151855 -299
0.49363136291503906 -301
0.49741125106811523 -305
0.5018913745880127 -308
0.5055668354034424 -309
0.5116872787475586 -314
0.5152673721313477 -316
0.519733190536499 -319
0.5254228115081787 -324
0.5299248695373535 -328
0.533505916595459 -329
0.5372586250305176 -334
0.5417659282684326 -335
0.5473947525024414 -340
0.5519556999206543 -344
0.5556180477142334 -345
0.5600221157073975 -349
0.5636017322540283 -350
0.5703685283660889 -356
0.5739848613739014 -359
0.5777239799499512 -362
0.5823996067047119 -365
0.5861480236053467 -369
0.5919973850250244 -372
0.5956661701202393 -373
0.6000571250915527 -379
0.6059367656707764 -382
0.6102352142333984 -384
0.6138286590576172 -388
0.617595911026001 -390
0.6220724582672119 -395
0.6277494430541992 -398
0.6323854923248291 -400
0.6361262798309326 -403
0.6404688358306885 -406
0.644040584564209 -410
0.6506173610687256 -413
0.654193639755249 -416
0.657926082611084 -419
0.6624245643615723 -422
0.6661698818206787 -426
0.6721625328063965 -429
0.675938606262207 -432
0.6802101135253906 -436
0.6860787868499756 -439
0.6905403137207031 -442
0.6940813064575195 -444
0.6978683471679688 -447
0.7023558616638184 -452
0.7079727649688721 -454
0.7126438617706299 -457
0.7163832187652588 -460
0.7206974029541016 -463
0.7301337718963623 -470
0.7339224815368652 -473
0.7376935482025146 -476
0.7442269325256348 -480
0.7483799457550049 -483
0.7530438899993896 -486
0.7565789222717285 -488
0.7611868381500244 -492
0.7669878005981445 -496
0.771461009979248 -498
0.7751054763793945 -502
0.7794058322906494 -504
0.7832391262054443 -507
0.7899508476257324 -513
0.7935154438018799 -514
0.7972826957702637 -518
0.8017861843109131 -520
0.8053479194641113 -523
0.8116042613983154 -527
0.8151895999908447 -530
0.8196651935577393 -533
0.825371265411377 -537
0.8298511505126953 -540
0.8335084915161133 -543
0.8372585773468018 -546
0.8419506549835205 -551
0.847585916519165 -554
0.8520898818969727 -557
0.8558528423309326 -558
0.8601882457733154 -563
0.8659951686859131 -567
0.8705112934112549 -570
0.8740701675415039 -572
0.8778343200683594 -576
0.8823132514953613 -578
0.8879208564758301 -582
0.8924462795257568 -586
0.8962082862854004 -588
0.9005589485168457 -591
0.9041216373443604 -594
0.9101846218109131 -598
0.9138619899749756 -601
0.9176363945007324 -604
0.9234499931335449 -607
0.927243709564209 -610
0.9319057464599609 -614
0.9355666637420654 -616
0.9399580955505371 -620
0.9435241222381592 -621
0.9472835063934326 -625
0.9518003463745117 -627
0.9553835391998291 -630
0.9599049091339111 -634
0.9634976387023926 -635
0.9672603607177734 -640
0.9719851016998291 -642
0.9765622615814209 -645
0.9811275005340576 -648
0.9846723079681396 -651
0.9891870021820068 -654
0.9931554794311523 -657
0.9966907501220703 -660
