0 0 
0.0025916099548339844 0
0.006676197052001953 0
0.01035451889038086 0
0.014586687088012695 0
0.01815009117126465 0
0.021887779235839844 -1
0.026599407196044922 -1
0.034204959869384766 -2
0.03841876983642578 -3
0.04354977607727051 -3
0.04733633995056152 -4
0.05084681510925293 -5
0.05671358108520508 -6
0.06046891212463379 -7
0.06479716300964355 -8
0.07066035270690918 -9
0.07529902458190918 -10
0.07880568504333496 -11
0.08325386047363281 -12
0.08924007415771484 -14
0.09364199638366699 -15
0.09743952751159668 -16
0.10474562644958496 -18
0.10949039459228516 -20
0.11565780639648438 -22
0.11945438385009766 -23
0.12410092353820801 -25
0.1298828125 -26
0.13441991806030273 -28
0.13800454139709473 -29
0.1417696475982666 -30
0.14643597602844238 -32
0.1521010398864746 -34
0.15657281875610352 -35
0.16035032272338867 -36
0.1648705005645752 -38
0.16841959953308105 -40
0.17531347274780273 -41
0.17880558967590332 -42
0.18326616287231445 -44
0.18683886528015137 -45
0.19059467315673828 -47
0.1964735984802246 -48
0.20021677017211914 -50
0.20617151260375977 -52
0.20984578132629395 -53
0.21430063247680664 -55
0.2201242446899414 -57
0.22442936897277832 -58
0.22801685333251953 -60
0.23176169395446777 -61
0.23627138137817383 -62
0.2419426441192627 -64
0.2464292049407959 -66
0.2501661777496338 -68
0.2544260025024414 -69
0.2580299377441406 -70
0.2642805576324463 -72
0.26790761947631836 -74
0.2716536521911621 -75
0.27803778648376465 -77
0.28185129165649414 -79
0.2863309383392334 -80
0.29004907608032227 -81
0.2945575714111328 -83
0.3003501892089844 -85
0.30463695526123047 -86
0.3082275390625 -88
0.31197023391723633 -90
0.3164403438568115 -92
0.3221008777618408 -93
0.3267369270324707 -94
0.3305549621582031 -96
0.3348536491394043 -97
0.3383760452270508 -100
0.34518909454345703 -101
0.34867238998413086 -102
0.35270190238952637 -104
0.35679173469543457 -105
0.36055898666381836 -107
0.36643075942993164 -109
0.3702046871185303 -110
0.3745417594909668 -112
0.3803997039794922 -114
0.3848721981048584 -115
0.38843560218811035 -117
0.3921952247619629 -118
0.3966827392578125 -120
0.40332961082458496 -122
0.40688490867614746 -123
0.41069889068603516 -124
0.4152674674987793 -126
0.4187753200531006 -128
0.42576169967651367 -130
0.4293630123138428 -131
0.4338562488555908 -132
0.43753480911254883 -134
0.444258451461792 -137
0.44786906242370605 -138
0.4516429901123047 -140
0.45613527297973633 -141
0.45978474617004395 -142
0.4657866954803467 -144
0.4693772792816162 -145
0.4738590717315674 -147
0.4795541763305664 -149
0.48421812057495117 -151
0.4878222942352295 -152
0.491588830947876 -154
0.4960970878601074 -156
0.5063567161560059 -159
0.5101277828216553 -160
0.5145783424377441 -162
0.5181381702423096 -163
0.5219323635101318 -165
0.5268046855926514 -167
0.5334107875823975 -168
0.537377119064331 -170
0.5408895015716553 -171
0.5455622673034668 -172
0.5518882274627686 -176
0.5565757751464844 -177
0.5603275299072266 -178
0.5647990703582764 -180
0.568356990814209 -181
0.5743982791900635 -183
0.5780527591705322 -185
0.5818543434143066 -187
0.588109016418457 -188
0.5919132232666016 -190
0.5964124202728271 -191
0.6001992225646973 -192
0.6045401096343994 -195
0.6104128360748291 -196
0.6147589683532715 -198
0.6183147430419922 -199
0.6220667362213135 -200
0.6266899108886719 -203
0.6332516670227051 -204
0.6368238925933838 -206
0.6406075954437256 -207
0.6451656818389893 -208
0.6486227512359619 -210
0.6553382873535156 -212
0.6588513851165771 -214
0.663346529006958 -215
0.6669323444366455 -216
0.6707208156585693 -218
0.6766893863677979 -220
0.6804649829864502 -221
0.6863431930541992 -224
0.6901166439056396 -225
0.6944091320037842 -227
0.7002618312835693 -228
0.7045860290527344 -230
0.7081363201141357 -231
0.7118988037109375 -233
0.7164103984832764 -235
0.7220828533172607 -236
0.7266011238098145 -238
0.7303643226623535 -239
0.7346503734588623 -241
0.7382452487945557 -243
0.7453136444091797 -244
0.7488460540771484 -246
0.7533414363861084 -247
0.7568848133087158 -248
0.7606768608093262 -251
0.7665269374847412 -252
0.7702693939208984 -254
0.7745890617370605 -256
0.7804312705993652 -257
0.7847867012023926 -259
0.788445234298706 -260
0.7925751209259033 -262
0.7967002391815186 -264
0.8032441139221191 -265
0.8072292804718018 -266
0.8107497692108154 -268
0.815643310546875 -270
0.8213486671447754 -272
0.8259203433990479 -273
0.8295004367828369 -274
0.8339991569519043 -276
0.8376076221466064 -277
0.8434543609619141 -280
0.8472738265991211 -281
0.8507997989654541 -282
0.8574204444885254 -284
0.8612143993377686 -286
0.8659002780914307 -287
0.8694906234741211 -289
0.8740067481994629 -290
0.8798196315765381 -292
0.8842358589172363 -294
0.8878116607666016 -295
0.8915786743164062 -297
0.8960883617401123 -300
0.901759147644043 -302
0.9101030826568604 -304
0.9145479202270508 -305
0.9182171821594238 -307
0.9219858646392822 -308
0.9292480945587158 -310
0.933596134185791 -312
0.9375255107879639 -313
0.9413125514984131 -314
0.9460034370422363 -316
0.951643705368042 -319
0.9561655521392822 -320
0.9598371982574463 -321
0.9642703533172607 -323
0.9678623676300049 -325
0.9739248752593994 -326
0.9775331020355225 -328
0.9813060760498047 -329
0.9864475727081299 -331
0.9902305603027344 -333
0.9960994720458984 -335
0.9997737407684326 -336
