0 0 
0.0024442672729492188 0
0.007516145706176758 0
0.012166261672973633 1
0.015887975692749023 1
0.02025604248046875 1
0.026038646697998047 3
0.030328750610351562 3
0.03390383720397949 5
0.037676334381103516 7
0.048894405364990234 9
0.057327985763549805 13
0.061827659606933594 15
0.06550836563110352 16
0.07011055946350098 19
0.07373905181884766 22
0.08450770378112793 26
0.08909082412719727 29
0.0930330753326416 31
0.0965263843536377 33
0.1034400463104248 37
0.1072397232055664 40
0.11185240745544434 43
0.11553835868835449 44
0.11992287635803223 48
0.12577223777770996 51
0.13035893440246582 54
0.13392186164855957 57
0.13767194747924805 59
0.1421489715576172 62
0.14777255058288574 66
0.1522977352142334 69
0.15607666969299316 72
0.16042184829711914 75
0.16395926475524902 77
0.17000579833984375 82
0.1736149787902832 85
0.1773693561553955 89
0.18362998962402344 92
0.18742823600769043 95
0.19205951690673828 97
0.19580793380737305 101
0.2001044750213623 105
0.20592617988586426 108
0.21023917198181152 111
0.21382355690002441 114
0.21756243705749512 117
0.22214794158935547 121
0.22780537605285645 124
0.2324674129486084 127
0.2362079620361328 130
0.24049830436706543 133
0.24410319328308105 138
0.25123000144958496 141
0.254880428314209 144
0.2591378688812256 147
0.2629210948944092 150
0.2664332389831543 154
0.27229738235473633 157
0.27609968185424805 161
0.2804291248321533 165
0.28627490997314453 168
0.2908935546875 171
0.29431843757629395 174
0.2983286380767822 177
0.30455756187438965 182
0.30908775329589844 185
0.3130626678466797 188
0.316556453704834 191
0.3212244510650635 194
0.3269474506378174 199
0.33147716522216797 202
0.33507227897644043 205
0.3396570682525635 208
0.3432497978210449 211
0.3498530387878418 217
0.3534092903137207 219
0.35715675354003906 223
0.3618471622467041 227
0.3655374050140381 228
0.37166500091552734 233
0.3752443790435791 236
0.37974071502685547 242
0.3855419158935547 243
0.3899414539337158 248
0.39353322982788086 250
0.3973073959350586 255
0.4017801284790039 259
0.4074106216430664 262
0.4119608402252197 265
0.41569948196411133 267
0.42004990577697754 271
0.4236299991607666 276
0.43037843704223633 279
0.4339313507080078 282
0.43767881393432617 285
0.4421393871307373 289
0.44592857360839844 293
0.4517943859100342 296
0.45545148849487305 298
0.461820125579834 304
0.46546435356140137 306
0.46985602378845215 311
0.47339940071105957 312
0.47719836235046387 317
0.48450493812561035 323
0.49164867401123047 326
0.4973866939544678 332
0.5020351409912109 335
0.5057754516601562 339
0.5102217197418213 342
0.5137641429901123 346
0.5203206539154053 349
0.5238850116729736 353
0.5276229381561279 355
0.532097339630127 359
0.5358529090881348 363
0.5416989326477051 365
0.5452744960784912 368
0.5499305725097656 374
0.5557243824005127 377
0.5600669384002686 381
0.5636179447174072 384
0.5673654079437256 387
0.571824312210083 391
0.5774579048156738 395
0.5819499492645264 398
0.585749626159668 401
0.5900845527648926 404
0.5958981513977051 409
0.6002237796783447 412
0.6045567989349365 415
0.6090621948242188 418
0.6131112575531006 421
0.6182751655578613 426
0.6225996017456055 429
0.6263527870178223 432
0.632598876953125 437
0.6363677978515625 440
0.6409366130828857 443
0.6443731784820557 446
0.6483540534973145 449
0.6545021533966064 454
0.6589689254760742 457
0.6625144481658936 460
0.6662716865539551 463
0.6709911823272705 467
0.6765203475952148 473
0.6818361282348633 476
0.6855909824371338 477
0.6899807453155518 482
0.6935465335845947 487
0.7000768184661865 490
0.703646183013916 493
0.7074105739593506 496
0.7118568420410156 499
0.7155046463012695 501
0.7214529514312744 505
0.7250256538391113 509
0.7301173210144043 513
0.7337331771850586 516
0.7397708892822266 521
0.7433149814605713 523
0.7470433712005615 526
0.7535617351531982 532
0.7573294639587402 535
0.7618508338928223 538
0.7654762268066406 540
0.769860029220581 545
0.7755353450775146 547
0.7799315452575684 552
0.7835173606872559 554
0.7872934341430664 559
0.791966438293457 561
0.7976837158203125 566
0.8022005558013916 569
0.8059320449829102 573
0.81026291847229 575
0.8137772083282471 579
0.8198947906494141 583
0.8234655857086182 585
0.8272280693054199 590
0.8335695266723633 594
0.8373217582702637 597
0.8418083190917969 601
0.8454582691192627 602
0.8500440120697021 608
0.8558776378631592 611
0.8601968288421631 615
0.8637409210205078 618
0.8675055503845215 621
0.8719861507415771 625
0.8776051998138428 629
0.8860812187194824 635
0.8905701637268066 638
0.8941080570220947 641
0.8978190422058105 645
0.9049484729766846 649
0.9092721939086914 654
0.9133472442626953 655
0.9171090126037598 659
0.9215855598449707 661
0.9273087978363037 668
0.931786298751831 671
0.9354517459869385 673
0.93984055519104 677
0.9433884620666504 679
0.9499380588531494 685
0.9535343647003174 687
0.957350492477417 691
0.9618086814880371 695
0.9654595851898193 696
0.9715690612792969 701
0.9751265048980713 704
0.9795839786529541 707
0.9852135181427002 711
0.9897305965423584 716
0.9933614730834961 718
0.9971203804016113 721
