0 0 
0.004650592803955078 0
0.008214950561523438 0
0.01189112663269043 0
0.016278743743896484 1
0.019971132278442383 1
0.02463078498840332 2
0.030405282974243164 3
0.03495669364929199 4
0.03857922554016113 6
0.04230642318725586 7
0.04711580276489258 8
0.053328514099121094 14
0.062339067459106445 15
0.06695985794067383 17
0.07259011268615723 20
0.07723355293273926 22
0.08104777336120605 25
0.08555364608764648 27
0.08927607536315918 30
0.0951836109161377 33
0.09872579574584961 36
0.10248374938964844 38
0.10839390754699707 41
0.11214804649353027 45
0.11668205261230469 46
0.12239813804626465 52
0.12684321403503418 54
0.13051795959472656 56
0.13490533828735352 60
0.14073681831359863 65
0.14505338668823242 68
0.14867091178894043 71
0.15245676040649414 74
0.15696430206298828 77
0.16259765625 81
0.16728425025939941 84
0.17104530334472656 88
0.17539024353027344 91
0.17893695831298828 94
0.18519210815429688 98
0.18877148628234863 102
0.19252538681030273 105
0.19888806343078613 110
0.2026681900024414 113
0.2071840763092041 116
0.2109391689300537 120
0.21532154083251953 123
0.2211446762084961 128
0.22589111328125 131
0.22936010360717773 134
0.2339000701904297 138
0.23745298385620117 141
0.24410200119018555 146
0.24790525436401367 149
0.2514302730560303 153
0.25600624084472656 156
0.2595181465148926 160
0.2653779983520508 164
0.2689530849456787 168
0.2727203369140625 171
0.2790844440460205 176
0.28325819969177246 180
0.28752732276916504 183
0.291318416595459 186
0.29590535163879395 190
0.3014681339263916 195
0.3061025142669678 198
0.30980396270751953 202
0.31408143043518066 205
0.32004594802856445 210
0.32463955879211426 214
0.32825255393981934 217
0.3321254253387451 222
0.3366129398345947 224
0.34229540824890137 231
0.3469679355621338 234
0.3507347106933594 238
0.35503268241882324 241
0.35860586166381836 245
0.3646416664123535 248
0.36824822425842285 252
0.3720121383666992 255
0.37836122512817383 260
0.38218069076538086 266
0.3867003917694092 267
0.3902781009674072 270
0.3947157859802246 276
0.4004175662994385 279
0.4051089286804199 284
0.40871310234069824 288
0.41248226165771484 291
0.41695427894592285 295
0.42261838912963867 300
0.4270763397216797 304
0.43080973625183105 307
0.4350776672363281 310
0.438687801361084 314
0.44490766525268555 319
0.4485154151916504 321
0.4522855281829834 326
0.4628336429595947 335
0.46785664558410645 338
0.471393346786499 342
0.4761056900024414 345
0.4798305034637451 348
0.4855690002441406 354
0.4893317222595215 357
0.49337315559387207 361
0.49958300590515137 366
0.5040814876556396 369
0.5078318119049072 373
0.5113499164581299 376
0.5159025192260742 380
0.5214664936065674 385
0.5264139175415039 388
0.5299966335296631 392
0.534266471862793 396
0.5380513668060303 399
0.5446348190307617 404
0.5482354164123535 408
0.5519967079162598 411
0.5564694404602051 414
0.5600314140319824 418
0.5658764839172363 423
0.569319486618042 427
0.5732965469360352 430
0.5799479484558105 436
0.5842256546020508 439
0.5881805419921875 442
0.5919365882873535 446
0.5964295864105225 449
0.6020658016204834 454
0.606532096862793 458
0.610145092010498 462
0.6146297454833984 465
0.6182208061218262 468
0.6248104572296143 476
0.6283695697784424 477
0.6321234703063965 482
0.6366195678710938 484
0.6402044296264648 488
0.6464059352874756 493
0.6499893665313721 496
0.6564197540283203 502
0.660027265548706 505
0.6642892360687256 508
0.6681127548217773 512
0.6718297004699707 516
0.6783053874969482 520
0.6820852756500244 524
0.6865503787994385 528
0.6901028156280518 531
0.6945431232452393 534
0.7001795768737793 540
0.7048718929290771 545
0.7084565162658691 547
0.7122242450714111 552
0.7166998386383057 554
0.7223272323608398 560
0.7269120216369629 564
0.7306580543518066 566
0.734966516494751 571
0.7385740280151367 576
0.7451012134552002 580
0.7486662864685059 583
0.7524023056030273 587
0.7570786476135254 590
0.7608563899993896 596
0.7668497562408447 599
0.770524263381958 600
0.7748856544494629 608
0.7806956768035889 609
0.7850496768951416 614
0.7887401580810547 618
0.7939903736114502 622
0.7975435256958008 627
0.8041183948516846 630
0.8078837394714355 634
0.8113846778869629 637
0.8160185813903809 641
0.8195135593414307 646
0.8264901638031006 649
0.8300619125366211 653
0.8346664905548096 656
0.8382759094238281 660
0.8441159725189209 665
0.8479185104370117 668
0.8514130115509033 672
0.8600938320159912 679
0.8660199642181396 684
0.8698034286499023 688
0.8740761280059814 691
0.8800148963928223 696
0.8847506046295166 702
0.888357400894165 703
0.89212965965271 708
0.8966803550720215 710
0.9023158550262451 717
0.9068300724029541 721
0.9104671478271484 722
0.9148509502410889 728
0.918522834777832 730
0.9246401786804199 735
0.9282653331756592 738
0.9319937229156494 742
0.9383325576782227 747
0.9421212673187256 752
0.9467809200286865 756
0.9504420757293701 757
0.9548740386962891 764
0.9606971740722656 766
0.9651901721954346 771
0.9687371253967285 774
0.9725079536437988 778
0.9769995212554932 783
0.982621431350708 787
0.9871218204498291 790
0.9908857345581055 794
0.9951937198638916 797
0.9987325668334961 802
