0 0 
0.0034575462341308594 0
0.007100582122802734 0
0.011273384094238281 0
0.01597428321838379 0
0.02145075798034668 1
0.028708934783935547 1
0.0339198112487793 1
0.04382467269897461 3
0.04947018623352051 4
0.05710148811340332 5
0.06139540672302246 6
0.06524538993835449 7
0.06873774528503418 7
0.07363319396972656 9
0.0772862434387207 9
0.08171343803405762 10
0.0854036808013916 11
0.08916878700256348 12
0.09368610382080078 13
0.09726381301879883 14
0.10316324234008789 16
0.10665726661682129 17
0.11108589172363281 18
0.11674284934997559 19
0.12125778198242188 21
0.12514710426330566 22
0.12871861457824707 23
0.13361549377441406 24
0.13926362991333008 26
0.14376592636108398 27
0.1473371982574463 28
0.15191936492919922 30
0.15551018714904785 31
0.16211318969726562 33
0.16571307182312012 33
0.16955089569091797 35
0.17404770851135254 37
0.17770814895629883 37
0.18365883827209473 39
0.18726778030395508 40
0.19309234619140625 42
0.19668221473693848 43
0.20114994049072266 45
0.2046973705291748 47
0.21128082275390625 48
0.2151203155517578 49
0.21868109703063965 51
0.22326350212097168 52
0.22678041458129883 53
0.23352360725402832 55
0.23716211318969727 56
0.24145722389221191 57
0.24527621269226074 59
0.24876713752746582 61
0.255021333694458 62
0.2585434913635254 63
0.2650916576385498 65
0.2686939239501953 66
0.2734642028808594 67
0.2771174907684326 69
0.28137779235839844 70
0.28739213943481445 72
0.29189109802246094 73
0.29549264907836914 76
0.3039238452911377 78
0.30748772621154785 79
0.31386780738830566 81
0.3174567222595215 82
0.32204675674438477 84
0.3279421329498291 86
0.33223795890808105 87
0.33579111099243164 88
0.33959507942199707 89
0.34406208992004395 91
0.3497161865234375 93
0.35418033599853516 94
0.3579280376434326 95
0.36223769187927246 97
0.3657960891723633 99
0.37254905700683594 100
0.37612342834472656 101
0.37986254692077637 103
0.38434386253356934 104
0.38811373710632324 106
0.39400529861450195 107
0.39765143394470215 108
0.4020650386810303 110
0.4078958034515381 111
0.4124445915222168 113
0.41599297523498535 114
0.4197723865509033 115
0.4242594242095947 117
0.4299008846282959 119
0.43453454971313477 120
0.43831634521484375 121
0.442610502243042 123
0.4483625888824463 125
0.4526529312133789 126
0.45618152618408203 127
0.45993471145629883 129
0.4644167423248291 130
0.4700281620025635 132
0.47454166412353516 133
0.47830820083618164 134
0.4826219081878662 135
0.4861476421356201 137
0.4924485683441162 139
0.4959893226623535 140
0.49973630905151367 141
0.5060842037200928 143
0.5098397731781006 145
0.5142946243286133 146
0.5180478096008301 147
0.5223414897918701 149
0.5281212329864502 151
0.532468318939209 152
0.5360181331634521 153
0.5397641658782959 155
0.5443768501281738 157
0.5499763488769531 158
0.554673433303833 159
0.5584239959716797 160
0.5627367496490479 161
0.5663013458251953 163
0.5731353759765625 165
0.5766308307647705 166
0.5811417102813721 167
0.584714412689209 169
0.5884664058685303 171
0.5943539142608643 172
0.5980808734893799 173
0.60239577293396 175
0.608203649520874 177
0.6126358509063721 178
0.6161947250366211 179
0.6215009689331055 181
0.6273014545440674 182
0.632624626159668 184
0.6361727714538574 185
0.639930248260498 187
0.6443958282470703 188
0.6500246524810791 190
0.6545155048370361 191
0.6582505702972412 193
0.662555456161499 194
0.6660962104797363 195
0.6722967624664307 197
0.6758971214294434 199
0.6797800064086914 200
0.6861319541931152 202
0.6899151802062988 203
0.6943702697753906 205
0.7024657726287842 207
0.7060503959655762 209
0.7127685546875 210
0.7163190841674805 211
0.7204258441925049 213
0.724708080291748 214
0.7284693717956543 216
0.7345590591430664 217
0.7383246421813965 219
0.7426266670227051 221
0.7484209537506104 222
0.7527599334716797 223
0.7563197612762451 225
0.7604706287384033 226
0.7645537853240967 228
0.7710740566253662 229
0.7746374607086182 231
0.7783780097961426 232
0.7826862335205078 233
0.788494348526001 235
0.7932267189025879 236
0.7970614433288574 237
0.8013269901275635 239
0.8052728176116943 240
0.8118817806243896 242
0.8154706954956055 243
0.8192694187164307 245
0.8237512111663818 246
0.8273372650146484 247
0.833184003829956 249
0.8366966247558594 251
0.8411626815795898 252
0.8470296859741211 254
0.8513288497924805 255
0.855299711227417 256
0.8587760925292969 258
0.8634533882141113 259
0.8691649436950684 261
0.8736507892608643 262
0.8772647380828857 263
0.8817050457000732 265
0.8853158950805664 266
0.8919110298156738 268
0.8954887390136719 269
0.8992230892181396 271
0.9037206172943115 272
0.9073159694671631 273
0.9134547710418701 275
0.9170968532562256 277
0.9235990047454834 279
0.9271926879882812 280
0.931476354598999 281
0.9354629516601562 282
0.9392056465148926 284
0.9455745220184326 285
0.9493789672851562 287
0.9539079666137695 288
0.957617998123169 289
0.9620158672332764 291
0.9677004814147949 293
0.9722819328308105 295
0.9758648872375488 296
0.979590892791748 297
0.9840426445007324 299
0.9897201061248779 301
0.9942648410797119 302
0.9980392456054688 303
