0 0 
0.0025949478149414062 0
0.008622407913208008 0
0.012332677841186523 0
0.016742944717407227 -1
0.020385026931762695 -1
0.026452064514160156 -2
0.030057668685913086 -3
0.03382444381713867 -4
0.04025673866271973 -6
0.0440213680267334 -7
0.048491716384887695 -9
0.052234649658203125 -9
0.056565284729003906 -12
0.06237936019897461 -15
0.06687188148498535 -17
0.07042384147644043 -19
0.07421684265136719 -21
0.07870650291442871 -23
0.08434033393859863 -26
0.0888371467590332 -29
0.0925893783569336 -31
0.09812045097351074 -33
0.10170197486877441 -36
0.10776400566101074 -40
0.11140179634094238 -42
0.11576342582702637 -45
0.12165355682373047 -49
0.12629413604736328 -53
0.1298809051513672 -55
0.1336503028869629 -59
0.13817691802978516 -60
0.14380097389221191 -66
0.148451566696167 -69
0.15211892127990723 -71
0.1565394401550293 -75
0.1601715087890625 -80
0.1667613983154297 -83
0.17029166221618652 -86
0.17556333541870117 -89
0.17913055419921875 -92
0.18291378021240234 -97
0.1888895034790039 -100
0.19263553619384766 -103
0.19695520401000977 -108
0.20279240608215332 -111
0.2071232795715332 -114
0.21087002754211426 -117
0.21487784385681152 -121
0.22106432914733887 -125
0.22558140754699707 -129
0.22912383079528809 -132
0.2328789234161377 -135
0.23743653297424316 -139
0.24299120903015137 -143
0.24785923957824707 -147
0.2515294551849365 -150
0.2558166980743408 -153
0.25961947441101074 -157
0.26627278327941895 -163
0.2698986530303955 -165
0.27367663383483887 -170
0.27835607528686523 -173
0.28201794624328613 -175
0.28795933723449707 -180
0.29154276847839355 -183
0.29583287239074707 -187
0.30170226097106934 -192
0.3063530921936035 -197
0.3099350929260254 -198
0.3136873245239258 -203
0.31821656227111816 -205
0.32385826110839844 -212
0.32846736907958984 -215
0.3322291374206543 -217
0.336566686630249 -222
0.3400990962982178 -227
0.34676623344421387 -234
0.3541586399078369 -237
0.3587989807128906 -241
0.36255717277526855 -244
0.36841630935668945 -249
0.3721146583557129 -251
0.37666797637939453 -257
0.38248467445373535 -261
0.3868260383605957 -264
0.39041972160339355 -267
0.3941521644592285 -271
0.3986186981201172 -274
0.40375232696533203 -279
0.4085206985473633 -283
0.41562867164611816 -288
0.4196009635925293 -291
0.42308926582336426 -295
0.4281120300292969 -298
0.4316840171813965 -301
0.437549352645874 -307
0.4410550594329834 -310
0.44560790061950684 -313
0.4514923095703125 -318
0.4558084011077881 -322
0.4596090316772461 -325
0.4631171226501465 -329
0.467822790145874 -332
0.47355151176452637 -337
0.47802066802978516 -341
0.4816093444824219 -344
0.4863471984863281 -349
0.49208855628967285 -352
0.4967663288116455 -357
0.5003385543823242 -361
0.5040929317474365 -364
0.5085821151733398 -367
0.5130813121795654 -371
0.5197691917419434 -376
0.5235519409179688 -379
0.5280575752258301 -383
0.5316450595855713 -386
0.5362551212310791 -391
0.5419859886169434 -395
0.5466017723083496 -400
0.5501818656921387 -403
0.5539202690124512 -407
0.5583977699279785 -410
0.5640833377838135 -415
0.568579912185669 -419
0.572321891784668 -422
0.5766549110412598 -425
0.5802254676818848 -429
0.5863132476806641 -434
0.5898873805999756 -436
0.5936458110809326 -439
0.6000268459320068 -444
0.603827953338623 -449
0.6084702014923096 -453
0.6122279167175293 -455
0.6165783405303955 -459
0.6223855018615723 -465
0.6267573833465576 -468
0.6303024291992188 -471
0.6340572834014893 -475
0.6385338306427002 -480
0.6441776752471924 -483
0.6497378349304199 -487
0.6535100936889648 -490
0.6579997539520264 -493
0.6615657806396484 -497
0.6676235198974609 -502
0.6713995933532715 -505
0.6757900714874268 -509
0.6816864013671875 -514
0.6862044334411621 -517
0.6897933483123779 -521
0.6935341358184814 -524
0.6999387741088867 -529
0.7037324905395508 -535
0.7082672119140625 -538
0.7119407653808594 -539
0.7163553237915039 -545
0.7220468521118164 -548
0.7266190052032471 -553
0.7302291393280029 -557
0.7340030670166016 -560
0.7384929656982422 -563
0.7441034317016602 -569
0.7485911846160889 -572
0.7569470405578613 -579
0.7604937553405762 -582
0.7642576694488525 -585
0.7688615322113037 -589
0.7726061344146729 -592
0.7770586013793945 -596
0.7806282043457031 -599
0.7847762107849121 -603
0.7893826961517334 -606
0.7929160594940186 -611
0.7985880374908447 -615
0.8023474216461182 -618
0.8066263198852539 -621
0.8102006912231445 -625
0.8139982223510742 -628
0.8184859752655029 -631
0.8222432136535645 -633
0.8265690803527832 -638
0.8301312923431396 -642
0.8338990211486816 -645
0.83835768699646 -649
0.8420100212097168 -650
0.8476059436798096 -655
0.8513422012329102 -659
0.8556382656097412 -662
0.8594188690185547 -665
0.8629322052001953 -669
0.8674876689910889 -673
0.871023416519165 -676
0.8754627704620361 -679
0.8790285587310791 -683
0.8827710151672363 -686
0.8870799541473389 -689
0.890627384185791 -693
0.8943600654602051 -697
0.8998301029205322 -700
0.903695821762085 -705
0.9083755016326904 -708
0.9120101928710938 -710
0.916409969329834 -715
0.9199390411376953 -717
0.9236950874328613 -722
0.9283649921417236 -725
0.9320175647735596 -727
0.936398983001709 -732
0.9399356842041016 -734
0.9436874389648438 -739
0.9489109516143799 -742
0.9526803493499756 -746
0.9569780826568604 -749
0.9605677127838135 -753
0.9643054008483887 -756
0.9689342975616455 -759
0.9726924896240234 -763
0.9769730567932129 -766
0.9805173873901367 -769
0.9842836856842041 -773
0.9887580871582031 -776
0.99251389503479 -780
0.9979889392852783 -783
