0 0 
0.0025682449340820312 0
0.008340120315551758 0
0.012176513671875 0
0.01668262481689453 -1
0.020290374755859375 -1
0.02649831771850586 -2
0.0300445556640625 -3
0.033779144287109375 -4
0.04020571708679199 -5
0.043987274169921875 -7
0.04845476150512695 -8
0.05218219757080078 -9
0.05650162696838379 -11
0.06229901313781738 -13
0.06664633750915527 -15
0.07021760940551758 -17
0.0740363597869873 -18
0.07865285873413086 -21
0.08426952362060547 -23
0.08873796463012695 -25
0.09247946739196777 -27
0.0967860221862793 -29
0.10035276412963867 -32
0.10694241523742676 -35
0.11050200462341309 -37
0.11473703384399414 -39
0.11938309669494629 -41
0.12360191345214844 -45
0.12831473350524902 -48
0.13397908210754395 -51
0.13861370086669922 -53
0.1423654556274414 -56
0.1466820240020752 -58
0.1524806022644043 -62
0.15694403648376465 -64
0.16055989265441895 -67
0.16470098495483398 -69
0.16880106925964355 -72
0.17537927627563477 -76
0.1789250373840332 -79
0.18273329734802246 -81
0.187028169631958 -84
0.1905817985534668 -86
0.19964194297790527 -92
0.20421266555786133 -96
0.20885992050170898 -99
0.21558046340942383 -103
0.21959805488586426 -105
0.22333669662475586 -108
0.22800016403198242 -111
0.23159003257751465 -113
0.2374894618988037 -117
0.24100494384765625 -120
0.24551677703857422 -123
0.2514200210571289 -127
0.255739688873291 -129
0.25970888137817383 -132
0.2634694576263428 -135
0.26802611351013184 -138
0.2736814022064209 -143
0.2781956195831299 -146
0.28186774253845215 -147
0.28644442558288574 -152
0.29227185249328613 -156
0.2966604232788086 -159
0.30021190643310547 -161
0.3039865493774414 -164
0.3084549903869629 -167
0.31412529945373535 -171
0.3187892436981201 -174
0.3225553035736084 -177
0.3268904685974121 -179
0.3305230140686035 -182
0.33661413192749023 -187
0.34020113945007324 -189
0.3439598083496094 -192
0.35033702850341797 -196
0.3541533946990967 -199
0.35863542556762695 -202
0.36239075660705566 -205
0.3667027950286865 -207
0.37249183654785156 -212
0.37694382667541504 -215
0.38050079345703125 -217
0.38428759574890137 -220
0.3887643814086914 -223
0.39479756355285645 -227
0.39888715744018555 -230
0.4027247428894043 -233
0.4072854518890381 -235
0.4107367992401123 -238
0.4168679714202881 -243
0.4204409122467041 -245
0.4242076873779297 -248
0.43141889572143555 -252
0.43613195419311523 -255
0.4397852420806885 -258
0.44356274604797363 -261
0.4499480724334717 -265
0.45377683639526367 -269
0.4584212303161621 -272
0.4621860980987549 -275
0.46666812896728516 -277
0.4709360599517822 -281
0.47693920135498047 -285
0.48050880432128906 -287
0.4866454601287842 -292
0.49021363258361816 -295
0.49397778511047363 -299
0.4999220371246338 -300
0.5042669773101807 -304
0.5087740421295166 -309
0.5148203372955322 -311
0.5189177989959717 -314
0.5226645469665527 -317
0.5270013809204102 -320
0.5305700302124023 -324
0.5374431610107422 -327
0.5409660339355469 -330
0.5454287528991699 -333
0.5493936538696289 -335
0.5529592037200928 -339
0.5590090751647949 -342
0.5628082752227783 -345
0.5694055557250977 -349
0.572991132736206 -352
0.5777566432952881 -355
0.5814127922058105 -358
0.5857601165771484 -361
0.5916025638580322 -365
0.5961506366729736 -371
0.6037580966949463 -375
0.6083903312683105 -377
0.612189769744873 -380
0.6183712482452393 -385
0.6222109794616699 -387
0.626708984375 -392
0.6325724124908447 -395
0.636883020401001 -397
0.6404221057891846 -400
0.6442172527313232 -403
0.648686408996582 -407
0.6546916961669922 -410
0.6588313579559326 -413
0.6626091003417969 -415
0.6669085025787354 -418
0.6705071926116943 -423
0.6776771545410156 -425
0.6814589500427246 -428
0.6859569549560547 -431
0.6895818710327148 -434
0.6947672367095947 -438
0.698976993560791 -441
0.7027394771575928 -444
0.7093214988708496 -448
0.7129271030426025 -451
0.7175207138061523 -453
0.7210488319396973 -456
0.7255551815032959 -459
0.7313840389251709 -463
0.7357475757598877 -466
0.7397294044494629 -469
0.7434964179992676 -472
0.7479934692382812 -475
0.7536842823028564 -480
0.7582004070281982 -483
0.7618916034698486 -485
0.7662990093231201 -489
0.76987624168396 -490
0.7764248847961426 -496
0.7800076007843018 -499
0.7837672233581543 -501
0.788442850112915 -504
0.7923016548156738 -509
0.798335075378418 -511
0.801999568939209 -513
0.8065457344055176 -518
0.8124053478240967 -521
0.8167452812194824 -524
0.8203334808349609 -527
0.8240935802459717 -529
0.8285608291625977 -534
0.8342189788818359 -537
0.8387103080749512 -539
0.842465877532959 -542
0.8467667102813721 -545
0.8503572940826416 -549
0.8573207855224609 -552
0.8607733249664307 -555
0.8648078441619873 -558
0.8689069747924805 -561
0.8726956844329834 -565
0.8785710334777832 -567
0.8823456764221191 -570
0.8866732120513916 -573
0.8916692733764648 -576
0.8961522579193115 -579
0.8997704982757568 -581
0.9035532474517822 -584
0.9081008434295654 -587
0.9116799831390381 -590
0.9164822101593018 -594
0.9200410842895508 -597
0.9237935543060303 -600
0.928264856338501 -603
0.9319076538085938 -604
0.9364912509918213 -608
0.9413087368011475 -611
0.9456000328063965 -614
0.9493916034698486 -617
0.9529142379760742 -619
0.9575059413909912 -623
0.9612720012664795 -625
0.9655380249023438 -628
0.9693255424499512 -631
0.9728500843048096 -633
0.9777040481567383 -637
0.9813790321350098 -639
0.9856691360473633 -642
0.9903302192687988 -647
0.9941451549530029 -649
