0 0 
0.002416372299194336 0
0.008800029754638672 0
0.012493371963500977 0
0.01691269874572754 0
0.02253103256225586 0
0.02694535255432129 1
0.03395843505859375 1
0.03799867630004883 1
0.04375863075256348 2
0.047293901443481445 2
0.05387687683105469 3
0.0581212043762207 3
0.061990976333618164 4
0.06647253036499023 4
0.07209491729736328 5
0.07657098770141602 5
0.08391022682189941 6
0.0877385139465332 7
0.09122824668884277 8
0.1011953353881836 9
0.1060178279876709 9
0.10959911346435547 10
0.11390995979309082 10
0.1199042797088623 11
0.12458014488220215 12
0.12827563285827637 12
0.1320643424987793 13
0.13654351234436035 14
0.14217782020568848 15
0.1467299461364746 15
0.15047025680541992 16
0.15494394302368164 17
0.15851759910583496 17
0.16460418701171875 18
0.16817402839660645 19
0.17203021049499512 19
0.17840147018432617 21
0.1821897029876709 21
0.18681907653808594 22
0.1905815601348877 23
0.1948537826538086 23
0.20072531700134277 24
0.2050626277923584 25
0.20862555503845215 25
0.21237540245056152 26
0.21701478958129883 27
0.2230994701385498 28
0.2287435531616211 29
0.2325136661529541 29
0.23697423934936523 30
0.24073314666748047 31
0.24665260314941406 31
0.2503223419189453 32
0.2547268867492676 33
0.2605593204498291 34
0.26484131813049316 35
0.26843905448913574 35
0.27217578887939453 36
0.2768669128417969 37
0.28252553939819336 37
0.287031888961792 38
0.29076409339904785 39
0.2950713634490967 39
0.30090999603271484 41
0.3052196502685547 41
0.30878496170043945 42
0.31255006790161133 43
0.31723523139953613 43
0.32451772689819336 45
0.3280935287475586 45
0.3318746089935303 45
0.33655714988708496 47
0.3402750492095947 47
0.3462660312652588 48
0.3498525619506836 49
0.35430908203125 49
0.3599660396575928 50
0.3644683361053467 51
0.3680589199066162 51
0.37182188034057617 52
0.37634801864624023 53
0.38201236724853516 54
0.386519193649292 55
0.390178918838501 55
0.3947591781616211 56
0.3983421325683594 57
0.4049258232116699 58
0.4085049629211426 59
0.41239237785339355 59
0.41688084602355957 60
0.42066001892089844 61
0.42655181884765625 61
0.4302239418029785 62
0.43467283248901367 63
0.4405653476715088 64
0.44499778747558594 65
0.4485471248626709 65
0.45229029655456543 66
0.4569544792175293 67
0.4626131057739258 67
0.4670994281768799 68
0.47084474563598633 69
0.4752006530761719 69
0.48097705841064453 71
0.4853188991546631 71
0.488858699798584 72
0.49307870864868164 73
0.5010037422180176 74
0.5060122013092041 75
0.5117084980010986 75
0.516524076461792 77
0.5202102661132812 77
0.5247735977172852 78
0.5283277034759521 79
0.5348935127258301 79
0.5384416580200195 80
0.5421867370605469 81
0.54665207862854 81
0.5503113269805908 82
0.5562446117401123 83
0.5598099231719971 83
0.5642704963684082 84
0.5699522495269775 85
0.5746614933013916 86
0.5782463550567627 87
0.5820002555847168 87
0.5865476131439209 89
0.5921740531921387 89
0.5966215133666992 90
0.6002552509307861 90
0.6046528816223145 91
0.6104378700256348 92
0.6147668361663818 93
0.6183156967163086 93
0.6220674514770508 94
0.626528263092041 95
0.6321845054626465 96
0.6368680000305176 97
0.6406271457672119 97
0.6449432373046875 98
0.6485180854797363 99
0.6545438766479492 99
0.6581377983093262 100
0.6619424819946289 101
0.6683375835418701 102
0.6721153259277344 103
0.6766033172607422 103
0.6802663803100586 103
0.6847438812255859 104
0.6905875205993652 105
0.6950778961181641 106
0.6986546516418457 107
0.7023959159851074 107
0.707007884979248 108
0.7130670547485352 109
0.7171671390533447 110
0.7209384441375732 110
0.7252347469329834 111
0.728783130645752 112
0.734830379486084 113
0.7383987903594971 113
0.7421629428863525 114
0.7484958171844482 115
0.7523057460784912 116
0.7569468021392822 116
0.7606940269470215 117
0.7650141716003418 118
0.7708311080932617 119
0.7751810550689697 119
0.7787313461303711 120
0.7825155258178711 121
0.7869713306427002 122
0.7925894260406494 122
0.7971699237823486 123
0.8009469509124756 124
0.8052506446838379 124
0.8088383674621582 125
0.8158464431762695 126
0.8195748329162598 127
0.8238532543182373 127
0.827653169631958 128
0.8311574459075928 129
0.837188720703125 130
0.8409483432769775 130
0.845250129699707 131
0.851078987121582 132
0.8556792736053467 133
0.8591291904449463 133
0.8631298542022705 134
0.8672327995300293 135
0.8738055229187012 136
0.8777551651000977 136
0.8812837600708008 137
0.8858797550201416 137
0.8916440010070801 139
0.90000319480896 140
0.9046540260314941 141
0.9082415103912354 141
0.9120044708251953 142
0.916877031326294 143
0.9225258827209473 144
0.9272525310516357 145
0.9310381412506104 145
0.9357743263244629 146
0.9393010139465332 147
0.9460585117340088 148
0.9497478008270264 148
0.9540309906005859 149
0.9578309059143066 150
0.9645860195159912 151
0.9681711196899414 151
0.9719185829162598 152
0.9764573574066162 153
0.9800724983215332 153
0.9861733913421631 154
0.9897708892822266 155
0.9940519332885742 156
