0 0 
0.0024399757385253906 0
0.007318019866943359 0
0.012293338775634766 0
0.01676774024963379 0
0.020528554916381836 -1
0.025140762329101562 -2
0.03096604347229004 -3
0.035272836685180664 -4
0.038899898529052734 -5
0.04265761375427246 -7
0.047128915786743164 -9
0.05278801918029785 -10
0.05729079246520996 -12
0.061018943786621094 -14
0.0654454231262207 -16
0.06899070739746094 -19
0.07584571838378906 -21
0.07928824424743652 -23
0.08329939842224121 -26
0.08738446235656738 -28
0.0911402702331543 -32
0.09699106216430664 -34
0.10072469711303711 -35
0.10506081581115723 -40
0.1109161376953125 -43
0.11532378196716309 -46
0.11891484260559082 -49
0.12266349792480469 -52
0.1273033618927002 -56
0.13336443901062012 -59
0.13793134689331055 -62
0.14145135879516602 -65
0.1460268497467041 -68
0.14952826499938965 -72
0.15630698204040527 -76
0.16002535820007324 -78
0.1642897129058838 -82
0.16812682151794434 -85
0.17329812049865723 -90
0.17747879028320312 -93
0.18123483657836914 -96
0.18713831901550293 -101
0.1909024715423584 -104
0.19523930549621582 -107
0.2010636329650879 -112
0.20541119575500488 -116
0.20900869369506836 -119
0.21276021003723145 -122
0.21721601486206055 -126
0.22285676002502441 -130
0.22734618186950684 -134
0.2311086654663086 -137
0.2354273796081543 -140
0.23896574974060059 -144
0.2451775074005127 -149
0.24873590469360352 -152
0.2525055408477783 -156
0.25892210006713867 -161
0.26276183128356934 -164
0.2673981189727783 -168
0.27115583419799805 -171
0.275454044342041 -176
0.2812974452972412 -180
0.28583788871765137 -183
0.2893106937408447 -187
0.2933194637298584 -190
0.2974221706390381 -195
0.30396223068237305 -199
0.3079335689544678 -202
0.3114495277404785 -206
0.31605958938598633 -209
0.31957387924194336 -214
0.32649707794189453 -218
0.3300948143005371 -221
0.33457279205322266 -225
0.3381636142730713 -228
0.34336304664611816 -237
0.35129237174987793 -240
0.3559911251068115 -244
0.3594839572906494 -249
0.3666398525238037 -253
0.3702585697174072 -256
0.3748776912689209 -261
0.378467321395874 -263
0.38431262969970703 -268
0.3881046772003174 -272
0.39159369468688965 -275
0.39752197265625 -280
0.4013793468475342 -284
0.4059567451477051 -288
0.411513090133667 -293
0.41609835624694824 -296
0.4196004867553711 -300
0.4241001605987549 -303
0.4280850887298584 -307
0.43468451499938965 -312
0.4382767677307129 -316
0.4420332908630371 -319
0.4465165138244629 -322
0.45009422302246094 -326
0.4559969902038574 -331
0.45949840545654297 -335
0.46592187881469727 -340
0.46948814392089844 -344
0.47393202781677246 -347
0.4774808883666992 -351
0.4813525676727295 -354
0.4881627559661865 -359
0.49195408821105957 -363
0.49643468856811523 -366
0.5000040531158447 -370
0.5042879581451416 -374
0.5101122856140137 -378
0.5146684646606445 -382
0.5182652473449707 -386
0.5220375061035156 -389
0.5267179012298584 -393
0.5324094295501709 -400
0.5368752479553223 -403
0.540565013885498 -405
0.5451133251190186 -410
0.5487046241760254 -414
0.5547714233398438 -419
0.5583546161651611 -421
0.5621068477630615 -424
0.5684769153594971 -430
0.5723533630371094 -435
0.5768656730651855 -438
0.5805690288543701 -440
0.5849471092224121 -446
0.5907888412475586 -451
0.5950906276702881 -454
0.5986840724945068 -458
0.6025004386901855 -461
0.6071593761444092 -466
0.6128110885620117 -470
0.6172990798950195 -474
0.6210553646087646 -477
0.6253511905670166 -480
0.628899097442627 -486
0.635490894317627 -489
0.6390395164489746 -493
0.6427874565124512 -496
0.6472511291503906 -500
0.650991678237915 -505
0.6569952964782715 -509
0.6607334613800049 -510
0.6652250289916992 -518
0.6711826324462891 -521
0.6754984855651855 -524
0.6790561676025391 -528
0.6828017234802246 -532
0.6872856616973877 -537
0.693303108215332 -540
0.6973726749420166 -544
0.7011327743530273 -547
0.7054424285888672 -551
0.7089927196502686 -556
0.7155933380126953 -560
0.7193117141723633 -563
0.7233364582061768 -567
0.7279090881347656 -570
0.7326874732971191 -576
0.737389326095581 -579
0.7411365509033203 -582
0.7484116554260254 -588
0.7533085346221924 -593
0.757537841796875 -596
0.7612860202789307 -600
0.7660083770751953 -604
0.7695555686950684 -607
0.7740528583526611 -611
0.7779881954193115 -614
0.7816047668457031 -620
0.7871944904327393 -623
0.7909305095672607 -626
0.7960729598999023 -630
0.799835205078125 -634
0.8041088581085205 -637
0.8078701496124268 -640
0.811408519744873 -644
0.8159441947937012 -648
0.8194613456726074 -651
0.8238935470581055 -654
0.8274815082550049 -658
0.8312482833862305 -664
0.8367969989776611 -667
0.8404614925384521 -668
0.8450419902801514 -674
0.84859299659729 -678
0.8523142337799072 -681
0.8568150997161865 -684
0.8604652881622314 -686
0.8648676872253418 -692
0.868427038192749 -693
0.8721597194671631 -698
0.8766822814941406 -700
0.8802645206451416 -704
0.885420560836792 -709
0.8889875411987305 -712
0.892749547958374 -716
0.8973057270050049 -720
0.901066780090332 -723
0.9055144786834717 -727
0.9090666770935059 -730
0.9127991199493408 -734
0.9174704551696777 -737
0.9212329387664795 -741
0.9255547523498535 -744
0.9291260242462158 -748
0.9332776069641113 -753
0.9384253025054932 -755
0.9421911239624023 -760
0.9467079639434814 -762
0.9502909183502197 -765
0.9547734260559082 -770
0.9583773612976074 -772
0.9621613025665283 -778
0.9668259620666504 -781
0.9704935550689697 -783
0.974895715713501 -788
0.9784431457519531 -790
0.982203483581543 -795
0.9875023365020752 -799
0.9912927150726318 -802
0.995603084564209 -806
0.9992866516113281 -810
