0 0 
0.002233266830444336 0
0.00853109359741211 -1
0.012108325958251953 -1
0.015886783599853516 -1
0.020984649658203125 -1
0.027642488479614258 -3
0.03144121170043945 -3
0.03497147560119629 -4
0.039603233337402344 -5
0.04312419891357422 -7
0.04897880554199219 -8
0.05253934860229492 -9
0.05630612373352051 -11
0.06266021728515625 -13
0.06642270088195801 -15
0.07107853889465332 -17
0.07490944862365723 -19
0.07945513725280762 -20
0.08501291275024414 -23
0.08966422080993652 -25
0.0931696891784668 -27
0.09767317771911621 -29
0.10148143768310547 -31
0.10787224769592285 -34
0.11170434951782227 -36
0.11553788185119629 -39
0.1202230453491211 -41
0.1238102912902832 -43
0.13003945350646973 -47
0.1336207389831543 -49
0.1400771141052246 -52
0.1436917781829834 -55
0.14815735816955566 -57
0.15174126625061035 -59
0.1554865837097168 -62
0.1618959903717041 -65
0.16569852828979492 -68
0.17023181915283203 -70
0.173814058303833 -73
0.17828011512756348 -75
0.18401312828063965 -79
0.192138671875 -85
0.1959514617919922 -88
0.20055007934570312 -91
0.2042849063873291 -92
0.21034550666809082 -97
0.214080810546875 -98
0.21862173080444336 -103
0.2245035171508789 -106
0.2288360595703125 -109
0.23239398002624512 -111
0.2361586093902588 -114
0.24065637588500977 -118
0.24633073806762695 -121
0.250995397567749 -123
0.25477075576782227 -126
0.25908827781677246 -128
0.26265525817871094 -132
0.2695798873901367 -135
0.27312445640563965 -137
0.27762842178344727 -140
0.28116512298583984 -143
0.2849557399749756 -147
0.290816068649292 -149
0.294539213180542 -152
0.2988269329071045 -156
0.30464959144592285 -159
0.3091154098510742 -161
0.31286191940307617 -164
0.31687021255493164 -167
0.3209688663482666 -171
0.3275125026702881 -173
0.33115530014038086 -176
0.3349425792694092 -179
0.33949995040893555 -181
0.3430607318878174 -186
0.34986138343811035 -188
0.35352182388305664 -191
0.3577992916107178 -194
0.3615992069244385 -197
0.3651270866394043 -201
0.3714320659637451 -203
0.37498021125793457 -206
0.38087987899780273 -210
0.38464975357055664 -213
0.3889882564544678 -215
0.39476561546325684 -219
0.39914608001708984 -222
0.40300607681274414 -225
0.4069368839263916 -227
0.4110400676727295 -231
0.41759324073791504 -234
0.4211413860321045 -237
0.42491960525512695 -239
0.4298105239868164 -242
0.4355325698852539 -246
0.4401125907897949 -249
0.44370508193969727 -251
0.4481844902038574 -254
0.45178890228271484 -257
0.4576091766357422 -261
0.46117162704467773 -264
0.4649531841278076 -267
0.47153520584106445 -271
0.47512173652648926 -273
0.4798154830932617 -276
0.4835684299468994 -279
0.4882497787475586 -281
0.49402928352355957 -285
0.49845099449157715 -289
0.5019960403442383 -291
0.5057463645935059 -295
0.5104422569274902 -297
0.5161266326904297 -301
0.5206122398376465 -304
0.5243642330169678 -307
0.5286540985107422 -310
0.5322372913360596 -313
0.538327693939209 -317
0.5419018268585205 -318
0.5457103252410889 -322
0.5516488552093506 -325
0.5551717281341553 -327
0.559882402420044 -330
0.5656003952026367 -334
0.570120096206665 -337
0.5738174915313721 -339
0.5782938003540039 -343
0.5819048881530762 -345
0.5884990692138672 -352
0.5960934162139893 -356
0.6007492542266846 -359
0.6045091152191162 -361
0.6099762916564941 -364
0.6136047840118408 -367
0.6196482181549072 -371
0.6233832836151123 -373
0.6277015209197998 -376
0.6336085796356201 -380
0.638279914855957 -384
0.641890287399292 -385
0.6456437110900879 -388
0.6501367092132568 -391
0.6557960510253906 -396
0.6603176593780518 -399
0.6640214920043945 -400
0.668590784072876 -405
0.6721382141113281 -409
0.678856611251831 -411
0.6823971271514893 -414
0.686140775680542 -417
0.6906147003173828 -419
0.6943845748901367 -422
0.7002782821655273 -425
0.7039899826049805 -427
0.7084121704101562 -433
0.7142846584320068 -434
0.718653678894043 -438
0.722235918045044 -441
0.7259862422943115 -444
0.7306561470031738 -448
0.7363402843475342 -451
0.740816593170166 -453
0.7445762157440186 -456
0.7488787174224854 -459
0.7524538040161133 -463
0.7590603828430176 -465
0.7626144886016846 -468
0.7663593292236328 -471
0.7710044384002686 -473
0.7747969627380371 -477
0.7806699275970459 -480
0.784414529800415 -483
0.7904167175292969 -487
0.7941427230834961 -488
0.7985281944274902 -493
0.8043506145477295 -497
0.8087456226348877 -499
0.8123304843902588 -502
0.8161046504974365 -505
0.8205924034118652 -507
0.8262441158294678 -511
0.830707311630249 -514
0.8344736099243164 -517
0.8388214111328125 -519
0.8423891067504883 -523
0.8490798473358154 -526
0.8526573181152344 -529
0.8563902378082275 -532
0.8609085083007812 -534
0.8646836280822754 -539
0.8705523014068604 -541
0.8743112087249756 -544
0.8794558048248291 -547
0.8842909336090088 -549
0.8886141777038574 -553
0.8922019004821777 -556
0.8959708213806152 -559
0.9005997180938721 -561
0.9043543338775635 -564
0.9088129997253418 -567
0.9124672412872314 -569
0.9162154197692871 -572
0.920743465423584 -575
0.9244813919067383 -578
0.9287962913513184 -580
0.9336044788360596 -583
0.9381129741668701 -586
0.9417219161987305 -589
0.9454524517059326 -591
0.949998140335083 -594
0.9535996913909912 -597
0.9578874111175537 -599
0.961674690246582 -602
0.9654057025909424 -605
0.9701077938079834 -607
0.9737021923065186 -610
0.9782023429870605 -613
0.9818127155303955 -615
0.986351490020752 -619
0.994743824005127 -625
0.9994778633117676 -628
