0 0 
0.0028243064880371094 0
0.0072438716888427734 0
0.010841608047485352 0
0.015074968338012695 0
0.019140243530273438 0
0.022896289825439453 1
0.027545690536499023 2
0.03244304656982422 3
0.037663936614990234 4
0.04122471809387207 5
0.04568338394165039 7
0.05138206481933594 8
0.0558168888092041 9
0.05933094024658203 10
0.06309795379638672 12
0.07508206367492676 16
0.07914257049560547 17
0.08493328094482422 20
0.08851933479309082 21
0.09227871894836426 23
0.09896445274353027 25
0.10249781608581543 27
0.10720109939575195 29
0.11085152626037598 31
0.11512899398803711 32
0.12104225158691406 35
0.12558603286743164 37
0.12918806076049805 39
0.13296794891357422 41
0.13762903213500977 43
0.14572978019714355 48
0.14929914474487305 49
0.15604138374328613 53
0.15963244438171387 55
0.16342878341674805 57
0.1679990291595459 59
0.17173075675964355 61
0.17764568328857422 63
0.18133997917175293 66
0.18575406074523926 70
0.19633793830871582 74
0.19988179206848145 76
0.2036449909210205 78
0.20826411247253418 80
0.21203207969665527 84
0.21808910369873047 86
0.22188377380371094 88
0.22617173194885254 91
0.23199963569641113 94
0.23633170127868652 96
0.2398676872253418 98
0.24361920356750488 100
0.24814200401306152 103
0.25377535820007324 106
0.2584340572357178 108
0.26216959953308105 110
0.2664921283721924 112
0.2723119258880615 115
0.2769780158996582 118
0.2805008888244629 120
0.2849905490875244 122
0.28896641731262207 124
0.295581579208374 128
0.29916858673095703 130
0.30292749404907227 132
0.30749034881591797 134
0.31107521057128906 136
0.3172287940979004 140
0.3208775520324707 142
0.32514500617980957 144
0.33103036880493164 148
0.33551907539367676 150
0.33919405937194824 152
0.34295201301574707 154
0.3474452495574951 156
0.3530898094177246 161
0.3576173782348633 162
0.3612043857574463 164
0.36571764945983887 168
0.369279146194458 169
0.37603187561035156 174
0.37963032722473145 176
0.38341617584228516 178
0.387925386428833 180
0.39170098304748535 182
0.39763903617858887 185
0.40123653411865234 187
0.40572643280029297 192
0.41169214248657227 194
0.4161698818206787 196
0.4197101593017578 198
0.42347168922424316 200
0.42792344093322754 204
0.4335339069366455 206
0.43815135955810547 208
0.4418962001800537 210
0.44619011878967285 213
0.44974279403686523 216
0.4563639163970947 218
0.45990824699401855 221
0.4636716842651367 223
0.4681234359741211 225
0.4737281799316406 228
0.4782686233520508 231
0.48204874992370605 233
0.4863581657409668 235
0.4900083541870117 238
0.49619364738464355 241
0.4997541904449463 243
0.5034878253936768 246
0.5098025798797607 249
0.513566255569458 251
0.5180041790008545 253
0.5217669010162354 256
0.5260303020477295 258
0.531836748123169 261
0.5361697673797607 263
0.5397133827209473 266
0.5449349880218506 268
0.5489025115966797 270
0.5556285381317139 275
0.5592300891876221 276
0.5629696846008301 278
0.567469596862793 280
0.5710470676422119 282
0.5769064426422119 286
0.5804791450500488 288
0.5849790573120117 290
0.5950431823730469 296
0.5989913940429688 298
0.6024892330169678 300
0.607386589050293 303
0.6129732131958008 306
0.6177725791931152 310
0.6214423179626465 311
0.6258316040039062 314
0.6294543743133545 315
0.6354858875274658 318
0.6390748023986816 321
0.6428155899047852 323
0.649167537689209 326
0.6529593467712402 328
0.6574399471282959 331
0.661003589630127 333
0.6654601097106934 335
0.671034574508667 339
0.6757571697235107 342
0.679314136505127 343
0.683175802230835 347
0.687664270401001 349
0.6932928562164307 352
0.697770357131958 354
0.7014026641845703 356
0.7057931423187256 359
0.709343671798706 360
0.7158567905426025 365
0.7194468975067139 366
0.7231969833374023 369
0.7276670932769775 371
0.7313344478607178 372
0.7374908924102783 376
0.7410750389099121 378
0.7455787658691406 380
0.7512185573577881 384
0.7557063102722168 387
0.759251594543457 388
0.7629973888397217 390
0.7675056457519531 393
0.7731499671936035 397
0.7776484489440918 398
0.7812240123748779 400
0.7857046127319336 404
0.7892565727233887 405
0.796093225479126 410
0.7996518611907959 412
0.8034331798553467 414
0.8080837726593018 416
0.8118326663970947 420
0.8176801204681396 422
0.8213434219360352 423
0.8257606029510498 428
0.8314902782440186 429
0.8358778953552246 432
0.8394639492034912 434
0.843224287033081 436
0.8495521545410156 440
0.853325366973877 442
0.857935905456543 444
0.8616535663604736 446
0.8659534454345703 449
0.8717265129089355 452
0.8760082721710205 454
0.8795545101165771 457
0.8833234310150146 459
0.887779951095581 462
0.8933727741241455 465
0.897883415222168 467
0.9016053676605225 468
0.9059102535247803 472
0.9094655513763428 472
0.9157087802886963 477
0.9193823337554932 478
0.9231572151184082 482
0.929506778717041 485
0.933283805847168 487
0.9379045963287354 490
0.9416689872741699 492
0.9459915161132812 494
0.9518046379089355 497
0.9561371803283691 500
0.9596962928771973 502
0.9634363651275635 504
0.9678876399993896 508
0.9735414981842041 510
0.9781718254089355 512
0.9819273948669434 514
0.9862165451049805 516
0.9897518157958984 521
0.999004602432251 523
