0 0 
0.005560159683227539 0
0.009557008743286133 0
0.014824151992797852 0
0.019040584564208984 0
0.02361464500427246 -1
0.029427766799926758 -1
0.034070491790771484 -2
0.03763079643249512 -2
0.04179883003234863 -2
0.04605507850646973 -3
0.052507638931274414 -4
0.056519508361816406 -4
0.06004524230957031 -6
0.06586384773254395 -6
0.06960868835449219 -7
0.07587242126464844 -8
0.07967638969421387 -9
0.08393573760986328 -10
0.08749818801879883 -10
0.09123539924621582 -12
0.09795284271240234 -13
0.10239696502685547 -14
0.10596132278442383 -15
0.10969066619873047 -16
0.11396908760070801 -17
0.11983513832092285 -18
0.12461209297180176 -19
0.12808442115783691 -20
0.13257956504821777 -21
0.13639616966247559 -22
0.1427769660949707 -24
0.14655685424804688 -25
0.1500551700592041 -26
0.1549825668334961 -27
0.15854310989379883 -28
0.16449737548828125 -30
0.16799664497375488 -31
0.1724238395690918 -32
0.17830443382263184 -34
0.18259406089782715 -35
0.18638300895690918 -36
0.1898946762084961 -37
0.19650721549987793 -39
0.2000579833984375 -40
0.20473814010620117 -41
0.20835638046264648 -42
0.21267127990722656 -43
0.21865582466125488 -45
0.22320222854614258 -46
0.22679877281188965 -47
0.2305448055267334 -48
0.23502397537231445 -50
0.24069666862487793 -52
0.24520492553710938 -52
0.24878787994384766 -54
0.25347399711608887 -55
0.2570369243621826 -56
0.26305699348449707 -58
0.2667238712310791 -59
0.2704811096191406 -60
0.27704668045043945 -62
0.28084707260131836 -63
0.28531503677368164 -64
0.28897595405578613 -65
0.29337286949157715 -67
0.29906582832336426 -68
0.3034815788269043 -70
0.307049036026001 -71
0.3108096122741699 -72
0.3152949810028076 -73
0.32093381881713867 -75
0.3254432678222656 -76
0.3292512893676758 -77
0.3337080478668213 -78
0.3372626304626465 -80
0.3433091640472412 -82
0.3468797206878662 -82
0.3506300449371338 -84
0.3570404052734375 -86
0.36081409454345703 -87
0.3652782440185547 -88
0.36893725395202637 -88
0.37332987785339355 -91
0.3791935443878174 -91
0.3836686611175537 -93
0.38721752166748047 -94
0.3909871578216553 -96
0.3956582546234131 -98
0.4051218032836914 -99
0.41076111793518066 -101
0.41542720794677734 -102
0.41918230056762695 -103
0.423647403717041 -105
0.4272153377532959 -106
0.43329358100891113 -108
0.43686914443969727 -108
0.4406256675720215 -110
0.446988582611084 -111
0.45078086853027344 -113
0.4554257392883301 -114
0.45917558670043945 -115
0.4634983539581299 -116
0.4692995548248291 -118
0.4735901355743408 -119
0.4771723747253418 -120
0.4809610843658447 -122
0.4855632781982422 -123
0.49118757247924805 -124
0.4957163333892822 -126
0.4994509220123291 -127
0.5037429332733154 -128
0.507282018661499 -129
0.5135135650634766 -131
0.517075777053833 -132
0.5207972526550293 -134
0.5271320343017578 -135
0.5309066772460938 -136
0.5353877544403076 -138
0.5391840934753418 -138
0.5434799194335938 -140
0.5492920875549316 -142
0.5535769462585449 -143
0.5571422576904297 -144
0.5608882904052734 -145
0.5653774738311768 -147
0.5710339546203613 -148
0.575747013092041 -149
0.5794711112976074 -150
0.5837535858154297 -152
0.5872848033905029 -153
0.5938146114349365 -154
0.5974156856536865 -156
0.6011641025543213 -157
0.6056365966796875 -158
0.6093776226043701 -160
0.6152360439300537 -161
0.6189043521881104 -162
0.6233267784118652 -164
0.6291863918304443 -164
0.6336848735809326 -166
0.6372623443603516 -167
0.6410062313079834 -168
0.6456475257873535 -170
0.6512618064880371 -171
0.6557626724243164 -172
0.6595256328582764 -174
0.6638057231903076 -175
0.6673808097839355 -176
0.6740579605102539 -178
0.6776101589202881 -179
0.681727409362793 -180
0.6858675479888916 -181
0.6923973560333252 -183
0.6963901519775391 -184
0.6999025344848633 -185
0.7044634819030762 -186
0.7079720497131348 -188
0.7138381004333496 -190
0.7174079418182373 -190
0.7211518287658691 -192
0.7274982929229736 -194
0.7312724590301514 -195
0.7358074188232422 -196
0.7395524978637695 -197
0.7438793182373047 -198
0.7496678829193115 -200
0.7543914318084717 -201
0.757826566696167 -202
0.761812686920166 -204
0.7659125328063965 -205
0.7725427150726318 -206
0.776536226272583 -208
0.7800357341766357 -209
0.7848305702209473 -210
0.7884807586669922 -211
0.7940857410430908 -213
0.7977766990661621 -215
0.8067538738250732 -216
0.813626766204834 -219
0.8172039985656738 -220
0.8209810256958008 -221
0.8256232738494873 -222
0.8293991088867188 -224
0.835296630859375 -225
0.8389482498168945 -226
0.8433525562286377 -228
0.849205732345581 -229
0.8535277843475342 -230
0.8571245670318604 -232
0.8608853816986084 -233
0.8653430938720703 -234
0.870985746383667 -236
0.8756332397460938 -237
0.8793916702270508 -238
0.8837177753448486 -239
0.8895308971405029 -241
0.8938350677490234 -242
0.8973853588104248 -243
0.9011373519897461 -244
0.9057903289794922 -246
0.9118697643280029 -247
0.9160735607147217 -248
0.9198451042175293 -250
0.9244098663330078 -251
0.9278559684753418 -252
0.9339399337768555 -254
0.9374983310699463 -255
0.9412455558776855 -256
0.9478013515472412 -258
0.9518215656280518 -259
0.9558777809143066 -260
0.9596474170684814 -262
0.9639482498168945 -262
0.9697556495666504 -264
0.9743263721466064 -266
0.9778056144714355 -266
0.9817991256713867 -268
0.9859256744384766 -269
0.9925417900085449 -271
0.9965226650238037 -272
