0 0 
0.00333404541015625 0
0.008999109268188477 0
0.012614250183105469 1
0.01632976531982422 1
0.02085113525390625 1
0.02444624900817871 2
0.028800487518310547 3
0.03449106216430664 4
0.03894305229187012 5
0.042505502700805664 6
0.04626607894897461 8
0.05076122283935547 10
0.05733823776245117 14
0.06737232208251953 15
0.07396888732910156 18
0.07827138900756836 20
0.0843348503112793 23
0.08893966674804688 25
0.09254980087280273 27
0.09630680084228516 29
0.10079646110534668 33
0.10645604133605957 35
0.11094141006469727 37
0.11461019515991211 38
0.11896920204162598 41
0.12262201309204102 45
0.1294100284576416 47
0.13295555114746094 49
0.1367490291595459 52
0.141218900680542 54
0.14492297172546387 58
0.1507863998413086 60
0.1543283462524414 61
0.15880250930786133 67
0.16460394859313965 67
0.16907739639282227 71
0.1726529598236084 74
0.1763918399810791 76
0.18084383010864258 80
0.19123530387878418 85
0.19500279426574707 88
0.19945240020751953 90
0.2029895782470703 93
0.209273099899292 97
0.21282410621643066 99
0.21657729148864746 102
0.2232983112335205 106
0.2273106575012207 109
0.23137784004211426 111
0.23514199256896973 114
0.23944616317749023 117
0.24524283409118652 121
0.2500185966491699 123
0.25351810455322266 126
0.2579634189605713 128
0.2614932060241699 131
0.26811933517456055 135
0.27193522453308105 138
0.2755293846130371 141
0.28024864196777344 143
0.28391456604003906 146
0.2895169258117676 150
0.2930595874786377 153
0.2967965602874756 155
0.3031320571899414 159
0.3073253631591797 162
0.31156396865844727 165
0.3153266906738281 167
0.31989359855651855 170
0.3254697322845459 174
0.3300967216491699 177
0.3335905075073242 179
0.33818554878234863 182
0.34421300888061523 186
0.34873127937316895 189
0.35234522819519043 191
0.3561246395111084 194
0.36060023307800293 197
0.36624646186828613 202
0.37093186378479004 205
0.3747260570526123 207
0.37905359268188477 211
0.3825950622558594 213
0.38860225677490234 216
0.39220547676086426 219
0.395998477935791 221
0.4023871421813965 225
0.40616726875305176 229
0.4108119010925293 232
0.414470911026001 233
0.418898344039917 237
0.4245891571044922 240
0.42915987968444824 244
0.4327564239501953 247
0.436521053314209 250
0.4409787654876709 253
0.44660019874572754 257
0.45113492012023926 259
0.45490407943725586 262
0.4592301845550537 265
0.4627697467803955 269
0.4694845676422119 271
0.4730229377746582 274
0.47677183151245117 277
0.4812498092651367 280
0.48497962951660156 284
0.49114441871643066 287
0.4949219226837158 289
0.49922776222229004 293
0.5050430297851562 296
0.5093474388122559 299
0.512894868850708 301
0.5166435241699219 304
0.5211067199707031 308
0.5267212390899658 311
0.5311927795410156 314
0.5349199771881104 317
0.5392534732818604 319
0.5427958965301514 323
0.5494921207427979 326
0.5530238151550293 329
0.5567643642425537 331
0.5612328052520752 334
0.5649721622467041 338
0.570824384689331 341
0.5744781494140625 342
0.57893967628479 348
0.5847620964050293 353
0.5926713943481445 356
0.5964386463165283 359
0.6011500358581543 361
0.6067769527435303 365
0.6115207672119141 368
0.6152782440185547 371
0.6199631690979004 373
0.6234800815582275 376
0.6293175220489502 381
0.6328980922698975 383
0.636629581451416 386
0.6429798603057861 390
0.6467502117156982 393
0.6512045860290527 395
0.6549675464630127 398
0.6592426300048828 401
0.6650147438049316 405
0.6694662570953369 408
0.6730184555053711 410
0.6767573356628418 413
0.6813404560089111 416
0.6873481273651123 420
0.6914541721343994 423
0.6951916217803955 425
0.6994614601135254 428
0.7029917240142822 431
0.7090482711791992 435
0.7126398086547852 438
0.7163629531860352 442
0.72261643409729 445
0.7263791561126709 447
0.7310605049133301 450
0.7347986698150635 453
0.7391109466552734 457
0.7449319362640381 459
0.7492513656616211 462
0.7527804374694824 465
0.7565186023712158 468
0.760995626449585 472
0.7666091918945312 475
0.7711181640625 477
0.7748641967773438 480
0.7791378498077393 483
0.7849283218383789 487
0.7894186973571777 489
0.7930591106414795 492
0.7967917919158936 495
0.8012862205505371 498
0.8073086738586426 502
0.8113899230957031 505
0.8151378631591797 507
0.8194403648376465 510
0.8229520320892334 513
0.8289618492126465 517
0.8325450420379639 518
0.8363008499145508 522
0.8426284790039062 526
0.8464200496673584 529
0.851006269454956 532
0.854731559753418 533
0.8592319488525391 537
0.8649954795837402 541
0.8692967891693115 544
0.8728406429290771 547
0.8765971660614014 549
0.8810710906982422 552
0.8866815567016602 556
0.891165018081665 559
0.8948955535888672 562
0.8992049694061279 565
0.9027671813964844 569
0.909496545791626 571
0.9130418300628662 574
0.917255163192749 577
0.921356201171875 579
0.9250867366790771 583
0.9309842586517334 586
0.9346926212310791 587
0.9390051364898682 593
0.9448285102844238 596
0.9491045475006104 599
0.9526913166046143 601
0.956416130065918 604
0.9608731269836426 608
0.9665038585662842 611
0.9711568355560303 613
0.9749255180358887 616
0.979233980178833 619
0.9827706813812256 623
0.9931185245513916 629
0.9972679615020752 631
