0 0 
0.00223541259765625 0
0.008142948150634766 0
0.01168680191040039 0
0.015379905700683594 0
0.01992321014404297 -1
0.02555108070373535 -2
0.030237197875976562 -3
0.03391075134277344 -3
0.03851747512817383 -4
0.042093753814697266 -6
0.04622006416320801 -7
0.053620338439941406 -8
0.05836033821105957 -11
0.06196928024291992 -11
0.06572508811950684 -14
0.07022309303283691 -16
0.07594990730285645 -18
0.0804452896118164 -20
0.08417820930480957 -20
0.08852100372314453 -23
0.0920875072479248 -26
0.09867644309997559 -28
0.10224103927612305 -30
0.1060025691986084 -32
0.1104743480682373 -34
0.11429953575134277 -36
0.12038588523864746 -39
0.1241445541381836 -40
0.12846803665161133 -44
0.13428711891174316 -46
0.13859152793884277 -48
0.14216303825378418 -50
0.14596915245056152 -53
0.15047812461853027 -56
0.15611839294433594 -58
0.16060972213745117 -60
0.16437029838562012 -63
0.1686851978302002 -65
0.17449092864990234 -68
0.18276023864746094 -73
0.18678736686706543 -76
0.19102811813354492 -78
0.1948108673095703 -80
0.1999349594116211 -82
0.2055978775024414 -87
0.21025872230529785 -90
0.21399450302124023 -91
0.21841788291931152 -94
0.22200679779052734 -98
0.22858357429504395 -100
0.23218512535095215 -103
0.23593807220458984 -105
0.24061822891235352 -108
0.24436068534851074 -111
0.25038695335388184 -114
0.2541534900665283 -115
0.26046180725097656 -120
0.26422834396362305 -122
0.268571138381958 -124
0.27214789390563965 -127
0.2758967876434326 -130
0.28228092193603516 -133
0.2860550880432129 -136
0.2905557155609131 -138
0.294295072555542 -140
0.2987215518951416 -143
0.3045036792755127 -146
0.308821439743042 -149
0.3123664855957031 -152
0.31611180305480957 -154
0.3206210136413574 -156
0.3262643814086914 -160
0.3308560848236084 -162
0.3346242904663086 -165
0.33891916275024414 -168
0.3424654006958008 -170
0.3485395908355713 -174
0.3521549701690674 -176
0.3559274673461914 -178
0.3618738651275635 -181
0.3656322956085205 -185
0.37019991874694824 -188
0.37589454650878906 -191
0.3805501461029053 -193
0.38432765007019043 -196
0.38863325119018555 -198
0.3922109603881836 -202
0.39878177642822266 -204
0.40242934226989746 -207
0.4062180519104004 -210
0.41067957878112793 -212
0.416304349899292 -216
0.42098140716552734 -218
0.4247426986694336 -220
0.4292941093444824 -223
0.4327571392059326 -226
0.43874263763427734 -229
0.44231319427490234 -232
0.44606828689575195 -234
0.4524228572845459 -238
0.4562065601348877 -240
0.46068501472473145 -243
0.46445560455322266 -245
0.4687497615814209 -248
0.4745502471923828 -252
0.47904348373413086 -254
0.48280811309814453 -256
0.48679399490356445 -259
0.49091029167175293 -262
0.49755072593688965 -265
0.5013670921325684 -268
0.504913330078125 -270
0.5097861289978027 -272
0.5134310722351074 -275
0.5193002223968506 -279
0.5227830410003662 -281
0.526806116104126 -284
0.532973051071167 -287
0.5374619960784912 -290
0.5414443016052246 -292
0.544968843460083 -295
0.5495650768280029 -297
0.5553696155548096 -301
0.5599443912506104 -304
0.5635371208190918 -306
0.5680058002471924 -308
0.5716948509216309 -311
0.5783329010009766 -316
0.5858747959136963 -321
0.5905251502990723 -323
0.5942819118499756 -326
0.5995702743530273 -328
0.6033186912536621 -331
0.6093571186065674 -334
0.612823486328125 -337
0.6168079376220703 -339
0.62302565574646 -343
0.6283764839172363 -347
0.631981372833252 -348
0.635767936706543 -352
0.6404078006744385 -356
0.6460638046264648 -358
0.6505630016326904 -360
0.6543247699737549 -363
0.6588225364685059 -365
0.6623711585998535 -369
0.6690247058868408 -372
0.6725943088531494 -374
0.6768157482147217 -376
0.6809041500091553 -379
0.6846582889556885 -383
0.6905484199523926 -385
0.6943607330322266 -388
0.698688268661499 -391
0.7045011520385742 -394
0.7087991237640381 -396
0.7123658657073975 -399
0.7161064147949219 -401
0.7207503318786621 -405
0.7267658710479736 -408
0.7308690547943115 -410
0.7346212863922119 -412
0.7389121055603027 -415
0.7424840927124023 -418
0.7493219375610352 -421
0.7528140544891357 -424
0.756821870803833 -426
0.760915994644165 -428
0.7646663188934326 -432
0.7706959247589111 -435
0.774456262588501 -437
0.7803361415863037 -441
0.7840433120727539 -442
0.7885727882385254 -446
0.7944262027740479 -450
0.7987525463104248 -452
0.8023166656494141 -454
0.8060827255249023 -457
0.8105943202972412 -459
0.8162796497344971 -463
0.8208014965057373 -466
0.8245682716369629 -468
0.8289003372192383 -470
0.8324642181396484 -473
0.8386807441711426 -477
0.8422517776489258 -479
0.8460547924041748 -483
0.8522891998291016 -485
0.8560323715209961 -488
0.8605396747589111 -490
0.864311695098877 -493
0.868675947189331 -496
0.8744862079620361 -499
0.878791332244873 -502
0.8823518753051758 -504
0.8861067295074463 -506
0.8905892372131348 -510
0.8962359428405762 -512
0.9008958339691162 -515
0.9046645164489746 -518
0.9089581966400146 -520
0.914886474609375 -524
0.9194915294647217 -526
0.9230086803436279 -529
0.9275388717651367 -531
0.9313316345214844 -534
0.9377272129058838 -537
0.9415218830108643 -540
0.9450230598449707 -542
0.9497208595275879 -545
0.9534075260162354 -547
0.9577200412750244 -550
0.9616572856903076 -552
0.965430736541748 -554
0.9698820114135742 -557
0.9734771251678467 -560
0.9777538776397705 -562
0.98441481590271 -568
0.9906206130981445 -570
0.994375467300415 -573
0.9988372325897217 -576
