0 0 
0.0024194717407226562 0
0.008304834365844727 0
0.012010812759399414 0
0.01640009880065918 0
0.020088672637939453 1
0.02501845359802246 2
0.03079819679260254 3
0.03520631790161133 4
0.03879594802856445 5
0.04252815246582031 6
0.04715871810913086 7
0.05130600929260254 9
0.057286739349365234 10
0.061036109924316406 12
0.06689977645874023 14
0.07057476043701172 14
0.07501339912414551 18
0.08084774017333984 19
0.08532500267028809 21
0.08889412879943848 22
0.09261870384216309 24
0.0972757339477539 27
0.10326552391052246 29
0.10734701156616211 31
0.11110067367553711 33
0.11546587944030762 34
0.12122297286987305 38
0.1255481243133545 40
0.12909364700317383 42
0.1332254409790039 44
0.13734793663024902 46
0.14335179328918457 49
0.14786171913146973 51
0.15137362480163574 53
0.1559443473815918 55
0.1595306396484375 57
0.16539621353149414 60
0.16896843910217285 62
0.17273521423339844 65
0.17910122871398926 68
0.18323349952697754 70
0.187330961227417 72
0.19107937812805176 75
0.19542717933654785 77
0.20426297187805176 83
0.20831775665283203 84
0.2151169776916504 88
0.21868515014648438 90
0.22247624397277832 93
0.22724246978759766 95
0.23097848892211914 99
0.23682284355163574 101
0.24048066139221191 102
0.244873046875 107
0.25073814392089844 109
0.255054235458374 111
0.25863027572631836 114
0.2623867988586426 116
0.26897406578063965 120
0.2727630138397217 122
0.27722907066345215 124
0.28101348876953125 126
0.28529906272888184 129
0.29111742973327637 132
0.2954404354095459 134
0.29898643493652344 137
0.30274343490600586 139
0.30719709396362305 142
0.31327366828918457 145
0.3173666000366211 148
0.3211228847503662 150
0.32558107376098633 152
0.3293631076812744 154
0.3352539539337158 158
0.3388211727142334 160
0.34256863594055176 163
0.3489351272583008 166
0.352719783782959 169
0.35732555389404297 171
0.36107373237609863 174
0.36540675163269043 176
0.371232271194458 179
0.37554240226745605 182
0.37909793853759766 184
0.3828582763671875 186
0.38751959800720215 189
0.39420580863952637 192
0.3980681896209717 195
0.40189504623413086 197
0.40639591217041016 199
0.40998172760009766 202
0.41585206985473633 205
0.4193084239959717 208
0.42330217361450195 210
0.4295172691345215 214
0.4340355396270752 216
0.4375579357147217 218
0.44133663177490234 221
0.44809484481811523 224
0.45188426971435547 226
0.4564018249511719 229
0.45998597145080566 231
0.4642789363861084 234
0.4700777530670166 237
0.47463345527648926 240
0.4782218933105469 242
0.4820735454559326 244
0.4867699146270752 248
0.49242210388183594 252
0.4969139099121094 254
0.5006809234619141 255
0.5051460266113281 258
0.5087110996246338 261
0.5147509574890137 264
0.5183160305023193 266
0.5220639705657959 268
0.528400182723999 272
0.5321822166442871 275
0.536712646484375 276
0.5402801036834717 279
0.5448012351989746 282
0.5504822731018066 284
0.5548977851867676 288
0.5584821701049805 290
0.5622355937957764 293
0.5668840408325195 295
0.5726070404052734 299
0.5770747661590576 301
0.5808179378509521 304
0.5850682258605957 306
0.5886263847351074 310
0.5951895713806152 312
0.598738431930542 317
0.6070263385772705 319
0.6107785701751709 321
0.615342378616333 325
0.6211419105529785 327
0.625967264175415 330
0.6294708251953125 332
0.6339137554168701 334
0.6374566555023193 338
0.6439859867095947 340
0.6475427150726318 343
0.6513035297393799 345
0.6558618545532227 348
0.6592965126037598 351
0.6659715175628662 354
0.6694521903991699 356
0.6740102767944336 358
0.6775352954864502 360
0.6812691688537598 364
0.6873114109039307 366
0.6910457611083984 369
0.6953155994415283 372
0.7011251449584961 375
0.705437183380127 377
0.7089791297912598 380
0.7127106189727783 382
0.7190628051757812 386
0.7228140830993652 388
0.7272987365722656 390
0.731043815612793 392
0.7353174686431885 395
0.741095781326294 398
0.7458317279815674 401
0.7491235733032227 403
0.7528507709503174 406
0.7573051452636719 408
0.7633247375488281 412
0.7674095630645752 414
0.7711782455444336 416
0.7754664421081543 418
0.7790064811706543 421
0.7851381301879883 424
0.788689374923706 427
0.792457103729248 429
0.7987911701202393 433
0.8025641441345215 435
0.807222843170166 438
0.8109509944915771 440
0.8152437210083008 442
0.8209958076477051 446
0.8252913951873779 448
0.8288464546203613 450
0.8326137065887451 453
0.837066650390625 456
0.8427090644836426 459
0.8471662998199463 461
0.8508803844451904 464
0.8551909923553467 466
0.8587403297424316 470
0.8655166625976562 472
0.8690879344940186 474
0.8728139400482178 476
0.8774421215057373 479
0.8811843395233154 483
0.8870968818664551 485
0.8908655643463135 487
0.8951609134674072 491
0.9009594917297363 493
0.9052579402923584 496
0.9089086055755615 498
0.9126415252685547 500
0.9171037673950195 504
0.9227375984191895 506
0.927361011505127 509
0.9310829639434814 511
0.9365630149841309 514
0.9421865940093994 518
0.9467322826385498 520
0.9503028392791748 522
0.9548015594482422 525
0.958357572555542 526
0.9641673564910889 530
0.967963695526123 532
0.9714834690093994 535
0.9779701232910156 538
0.9814960956573486 541
0.9864089488983154 543
0.9900002479553223 545
0.994274377822876 548
