0 0 
0.0024061203002929688 0
0.00706171989440918 0
0.01203012466430664 -1
0.016573429107666016 -1
0.02034449577331543 -1
0.02495551109313965 -2
0.030767440795898438 -3
0.035117149353027344 -4
0.03875446319580078 -5
0.04253578186035156 -6
0.047211408615112305 -8
0.058295249938964844 -11
0.062072038650512695 -13
0.06673979759216309 -14
0.07044291496276855 -15
0.0754387378692627 -18
0.07921266555786133 -20
0.08530044555664062 -22
0.08885407447814941 -24
0.0926215648651123 -26
0.09896516799926758 -29
0.10271430015563965 -31
0.10738182067871094 -33
0.11111998558044434 -35
0.11587929725646973 -37
0.12175655364990234 -40
0.126298189163208 -42
0.12987780570983887 -44
0.13419008255004883 -46
0.13798809051513672 -49
0.14459919929504395 -52
0.14822101593017578 -54
0.15197086334228516 -57
0.15648293495178223 -59
0.16006708145141602 -61
0.1663360595703125 -65
0.1699354648590088 -67
0.1741940975189209 -70
0.18007159233093262 -73
0.18460416793823242 -76
0.18819642066955566 -78
0.19194269180297852 -80
0.19644713401794434 -83
0.20210909843444824 -88
0.20662713050842285 -89
0.21033215522766113 -91
0.21483445167541504 -95
0.22066831588745117 -98
0.2251431941986084 -101
0.22870373725891113 -104
0.23245549201965332 -106
0.23694229125976562 -108
0.2426159381866455 -112
0.24727940559387207 -114
0.2510569095611572 -117
0.2553539276123047 -120
0.25891566276550293 -122
0.2649672031402588 -126
0.2686300277709961 -128
0.27245211601257324 -131
0.2788248062133789 -135
0.28258657455444336 -137
0.2872583866119385 -140
0.29102182388305664 -142
0.2953324317932129 -145
0.3011331558227539 -148
0.3054463863372803 -151
0.3090047836303711 -154
0.312760591506958 -156
0.31723976135253906 -159
0.32381629943847656 -162
0.32739734649658203 -165
0.33124876022338867 -168
0.3358280658721924 -170
0.3393526077270508 -172
0.34537577629089355 -176
0.348956823348999 -179
0.35268688201904297 -182
0.35932421684265137 -185
0.3638122081756592 -188
0.3673853874206543 -190
0.3711583614349365 -193
0.37589192390441895 -196
0.3814554214477539 -199
0.3861551284790039 -202
0.389847993850708 -204
0.3941330909729004 -207
0.3999297618865967 -211
0.4046940803527832 -214
0.40830278396606445 -216
0.41205835342407227 -220
0.41661500930786133 -221
0.42226576805114746 -226
0.4267725944519043 -229
0.4304649829864502 -230
0.43486833572387695 -234
0.43845510482788086 -236
0.44451212882995605 -239
0.4481360912322998 -241
0.4518918991088867 -246
0.46117067337036133 -250
0.46611595153808594 -253
0.47188448905944824 -257
0.4765739440917969 -259
0.48017358779907227 -262
0.4848358631134033 -266
0.4885084629058838 -270
0.4951295852661133 -272
0.4986727237701416 -274
0.5024628639221191 -277
0.5071046352386475 -280
0.510857105255127 -284
0.5166988372802734 -286
0.5203635692596436 -287
0.5249531269073486 -292
0.5308454036712646 -295
0.5351729393005371 -298
0.5387403964996338 -300
0.5424931049346924 -302
0.5469603538513184 -306
0.5526223182678223 -309
0.5570940971374512 -312
0.5608782768249512 -314
0.5651891231536865 -317
0.5687696933746338 -320
0.5753624439239502 -323
0.5789952278137207 -326
0.5831360816955566 -328
0.5874283313751221 -331
0.5912528038024902 -334
0.5971033573150635 -337
0.6008522510528564 -340
0.607109785079956 -344
0.6108713150024414 -346
0.615180253982544 -348
0.6187636852264404 -351
0.6225214004516602 -354
0.628875732421875 -358
0.6326541900634766 -360
0.6372742652893066 -362
0.6410691738128662 -365
0.6458961963653564 -368
0.6514832973480225 -372
0.6562154293060303 -374
0.6598715782165527 -376
0.6641707420349121 -379
0.6679751873016357 -382
0.6746273040771484 -387
0.6783316135406494 -388
0.6821165084838867 -392
0.6866395473480225 -394
0.6903395652770996 -396
0.6963040828704834 -400
0.6999101638793945 -402
0.7057714462280273 -406
0.7093722820281982 -408
0.7147119045257568 -412
0.720444917678833 -415
0.7248580455780029 -419
0.7284536361694336 -421
0.732219934463501 -424
0.7367596626281738 -426
0.7424304485321045 -430
0.7469406127929688 -433
0.75071120262146 -435
0.7549700736999512 -438
0.7585666179656982 -440
0.7647855281829834 -444
0.7684168815612793 -446
0.7721951007843018 -450
0.7784786224365234 -453
0.7822444438934326 -456
0.7867581844329834 -458
0.7906675338745117 -461
0.7949817180633545 -465
0.8008413314819336 -467
0.8051536083221436 -470
0.8087313175201416 -472
0.8124585151672363 -475
0.81693434715271 -478
0.822573184967041 -481
0.8272192478179932 -484
0.8309657573699951 -486
0.8353381156921387 -489
0.8389134407043457 -493
0.8454911708831787 -495
0.8491969108581543 -498
0.8571112155914307 -503
0.8609414100646973 -506
0.8658947944641113 -508
0.8714547157287598 -512
0.8764193058013916 -514
0.8800268173217773 -517
0.8847551345825195 -521
0.8883867263793945 -522
0.8951268196105957 -527
0.8986778259277344 -530
0.9024536609649658 -532
0.9069802761077881 -535
0.9107458591461182 -538
0.9166321754455566 -541
0.9204163551330566 -542
0.9248166084289551 -548
0.9306087493896484 -549
0.9349653720855713 -552
0.9385461807250977 -555
0.9423110485076904 -558
0.946948766708374 -560
0.9506931304931641 -563
0.9549720287322998 -566
0.9585728645324707 -568
0.9623501300811768 -570
0.9668581485748291 -573
0.9706170558929443 -574
0.9749467372894287 -578
0.9797544479370117 -581
0.9840424060821533 -583
0.9878299236297607 -586
0.9913613796234131 -588
0.9959602355957031 -591
0.9997038841247559 -593
