0 0 
0.004877567291259766 0
0.008499622344970703 0
0.012865543365478516 0
0.016547203063964844 0
0.02041792869567871 -1
0.026787281036376953 -1
0.030651330947875977 -2
0.03514742851257324 -3
0.03895735740661621 -4
0.043303728103637695 -5
0.04909777641296387 -6
0.05339455604553223 -7
0.05695700645446777 -9
0.060689449310302734 -10
0.06536388397216797 -11
0.07146644592285156 -13
0.07604432106018066 -15
0.07956171035766602 -17
0.08415770530700684 -18
0.08785676956176758 -20
0.09347653388977051 -22
0.09701180458068848 -24
0.10082221031188965 -26
0.10717201232910156 -28
0.11134004592895508 -30
0.11550569534301758 -32
0.11926078796386719 -34
0.1259775161743164 -37
0.12959599494934082 -39
0.13418316841125488 -41
0.13791227340698242 -43
0.14218378067016602 -45
0.1479806900024414 -47
0.15234136581420898 -50
0.15612387657165527 -52
0.15993595123291016 -54
0.1643848419189453 -56
0.17009639739990234 -59
0.17463088035583496 -61
0.17819929122924805 -63
0.18286728858947754 -66
0.1893455982208252 -71
0.19620466232299805 -73
0.1999657154083252 -75
0.20475387573242188 -77
0.21042084693908691 -81
0.21517562866210938 -83
0.21894073486328125 -85
0.2232668399810791 -88
0.2268204689025879 -91
0.2333838939666748 -93
0.23696041107177734 -95
0.24069666862487793 -98
0.24535894393920898 -100
0.2490983009338379 -103
0.254974365234375 -105
0.2586486339569092 -107
0.26303958892822266 -111
0.2689237594604492 -113
0.2733042240142822 -115
0.2768571376800537 -117
0.2806262969970703 -120
0.2851428985595703 -123
0.29081273078918457 -125
0.29526519775390625 -127
0.29901123046875 -130
0.3034851551055908 -132
0.30704164505004883 -135
0.3146486282348633 -137
0.3182544708251953 -140
0.3228123188018799 -143
0.32642602920532227 -144
0.3327596187591553 -149
0.3364102840423584 -150
0.3401784896850586 -153
0.34655308723449707 -155
0.35036158561706543 -159
0.3548707962036133 -161
0.35855722427368164 -162
0.3631284236907959 -166
0.3689401149749756 -169
0.3732895851135254 -171
0.37685346603393555 -173
0.38060832023620605 -176
0.3850984573364258 -179
0.39228367805480957 -181
0.39609360694885254 -183
0.3996093273162842 -186
0.4044647216796875 -188
0.41011929512023926 -191
0.4146537780761719 -194
0.41825389862060547 -196
0.42290592193603516 -199
0.4264967441558838 -201
0.43233418464660645 -204
0.4361753463745117 -206
0.43990254402160645 -209
0.4463050365447998 -212
0.4501023292541504 -214
0.4545891284942627 -216
0.458162784576416 -219
0.46279168128967285 -222
0.4685230255126953 -224
0.4729499816894531 -227
0.47655653953552246 -229
0.4803128242492676 -232
0.4850301742553711 -234
0.49070239067077637 -238
0.4951927661895752 -240
0.49895644187927246 -242
0.503286600112915 -245
0.5068540573120117 -247
0.5127499103546143 -249
0.5163717269897461 -251
0.5231502056121826 -256
0.5267536640167236 -258
0.5305321216583252 -260
0.5352344512939453 -263
0.5408656597137451 -266
0.5455255508422852 -268
0.5492687225341797 -270
0.553574800491333 -273
0.5571000576019287 -276
0.563957929611206 -278
0.5674083232879639 -281
0.5714035034179688 -283
0.5755822658538818 -285
0.5793552398681641 -289
0.5852155685424805 -291
0.5935962200164795 -295
0.5976173877716064 -299
0.6047558784484863 -301
0.6083366870880127 -303
0.6129748821258545 -307
0.6165997982025146 -309
0.622711181640625 -311
0.6263003349304199 -313
0.6300473213195801 -315
0.6364281177520752 -319
0.640216588973999 -322
0.6447370052337646 -323
0.648364782333374 -325
0.6528432369232178 -329
0.6585736274719238 -331
0.6631536483764648 -335
0.6667492389678955 -337
0.6704773902893066 -339
0.674933910369873 -341
0.6807262897491455 -345
0.6852374076843262 -347
0.6889770030975342 -349
0.6932938098907471 -351
0.6968402862548828 -354
0.7029008865356445 -357
0.7065150737762451 -358
0.7103078365325928 -363
0.7165653705596924 -364
0.7203359603881836 -367
0.7250237464904785 -369
0.7287907600402832 -372
0.7331199645996094 -375
0.7389736175537109 -377
0.7433309555053711 -380
0.746884822845459 -382
0.7506177425384521 -384
0.755112886428833 -388
0.7607579231262207 -390
0.7652533054351807 -392
0.7689914703369141 -395
0.7733139991760254 -397
0.776862382888794 -400
0.7835886478424072 -402
0.7871572971343994 -405
0.7914035320281982 -407
0.7955408096313477 -409
0.7993106842041016 -413
0.8051457405090332 -415
0.8089210987091064 -417
0.8152041435241699 -420
0.818976879119873 -423
0.8233580589294434 -425
0.8269362449645996 -427
0.8306810855865479 -429
0.8370556831359863 -433
0.8408255577087402 -435
0.8454680442810059 -437
0.8492324352264404 -439
0.8539924621582031 -442
0.8595468997955322 -445
0.8641445636749268 -447
0.8678712844848633 -450
0.8721556663513184 -452
0.875957727432251 -454
0.8823201656341553 -458
0.8861193656921387 -460
0.8896224498748779 -462
0.8943359851837158 -464
0.8979806900024414 -467
0.9040477275848389 -470
0.9075400829315186 -472
0.9120383262634277 -475
0.9180245399475098 -478
0.9223411083221436 -480
0.9261322021484375 -483
0.9296355247497559 -485
0.9362607002258301 -488
0.9400861263275146 -490
0.9446065425872803 -493
0.9481887817382812 -495
0.9527063369750977 -497
0.958322286605835 -501
0.9630224704742432 -504
0.9666156768798828 -506
0.9703903198242188 -508
0.9748890399932861 -511
0.9805028438568115 -514
0.9851744174957275 -516
0.9932873249053955 -521
0.9968516826629639 -523
