0 0 
0.002604961395263672 0
0.008399248123168945 0
0.012092113494873047 1
0.016546964645385742 1
0.02015233039855957 2
0.02619457244873047 3
0.029761314392089844 3
0.03351163864135742 5
0.03992629051208496 7
0.04367661476135254 8
0.048085689544677734 10
0.051740169525146484 11
0.0561680793762207 14
0.06194329261779785 15
0.06627392768859863 18
0.06982707977294922 20
0.07364344596862793 23
0.07826900482177734 25
0.08389806747436523 29
0.09279251098632812 34
0.09769582748413086 36
0.10126495361328125 39
0.10555171966552734 43
0.11072111129760742 46
0.11462903022766113 49
0.12119936943054199 53
0.1255476474761963 56
0.12952589988708496 59
0.1333019733428955 62
0.1380140781402588 67
0.14363646507263184 72
0.14812970161437988 75
0.15181970596313477 76
0.15622973442077637 82
0.15981531143188477 85
0.16597437858581543 88
0.16959905624389648 91
0.1733551025390625 95
0.1797037124633789 100
0.18349862098693848 105
0.1880173683166504 108
0.19168472290039062 110
0.1962897777557373 117
0.20212483406066895 120
0.2064824104309082 124
0.21003508567810059 127
0.21387147903442383 130
0.21835684776306152 136
0.224029541015625 140
0.22853803634643555 143
0.2323155403137207 146
0.23659014701843262 150
0.24017119407653809 155
0.2467787265777588 159
0.2503204345703125 162
0.2540731430053711 166
0.25878000259399414 170
0.2625441551208496 175
0.26845717430114746 178
0.2722034454345703 182
0.2765183448791504 188
0.2823300361633301 191
0.28664088249206543 195
0.29018735885620117 198
0.2939426898956299 202
0.2983996868133545 208
0.30400657653808594 211
0.3084716796875 215
0.31223559379577637 218
0.3167150020599365 222
0.3202700614929199 228
0.3268613815307617 231
0.3306429386138916 235
0.3346259593963623 238
0.3387265205383301 242
0.34249329566955566 248
0.3483750820159912 251
0.3521239757537842 255
0.35642385482788086 261
0.3622415065765381 264
0.36652350425720215 268
0.3700728416442871 272
0.3738274574279785 275
0.3784613609313965 281
0.38406991958618164 285
0.38872575759887695 288
0.39248156547546387 292
0.3967776298522949 296
0.4026823043823242 301
0.4072728157043457 305
0.4107661247253418 308
0.41521716117858887 312
0.41878366470336914 316
0.42543458938598633 322
0.429257869720459 325
0.43277573585510254 329
0.43768787384033203 333
0.4412813186645508 336
0.4471418857574463 342
0.45058631896972656 346
0.4545867443084717 350
0.4607880115509033 355
0.46527838706970215 359
0.4688386917114258 362
0.472606897354126 366
0.47714734077453613 370
0.4827749729156494 375
0.48748159408569336 383
0.4964563846588135 388
0.5000030994415283 392
0.5037665367126465 396
0.5086374282836914 401
0.5152130126953125 405
0.5193328857421875 409
0.522817850112915 412
0.5274817943572998 416
0.5331540107727051 422
0.5377075672149658 426
0.5413002967834473 429
0.545792818069458 433
0.5494275093078613 437
0.5561323165893555 444
0.5597105026245117 446
0.5634551048278809 452
0.5679795742034912 454
0.5715799331665039 457
0.5777080059051514 463
0.5812969207763672 466
0.5865492820739746 472
0.5923244953155518 478
0.5966427326202393 481
0.6002051830291748 485
0.6039984226226807 489
0.6084556579589844 494
0.6140820980072021 498
0.6187350749969482 502
0.6224954128265381 506
0.6267979145050049 509
0.6303527355194092 515
0.6371383666992188 518
0.6405773162841797 522
0.6445724964141846 526
0.6488308906555176 530
0.6526074409484863 535
0.658484935760498 539
0.6622374057769775 543
0.6665294170379639 548
0.6723248958587646 552
0.6771457195281982 556
0.6806330680847168 560
0.6846015453338623 563
0.6887221336364746 569
0.6952660083770752 572
0.6987917423248291 576
0.7025456428527832 580
0.7068476676940918 584
0.7103931903839111 589
0.7172436714172363 593
0.7207357883453369 597
0.7251708507537842 600
0.7287695407867432 604
0.7353677749633789 610
0.739323616027832 614
0.7428169250488281 617
0.7475447654724121 621
0.7511787414550781 625
0.7567811012268066 630
0.7603154182434082 634
0.7640485763549805 638
0.7703778743743896 643
0.7745342254638672 647
0.7788181304931641 651
0.7825677394866943 654
0.7872495651245117 658
0.7928121089935303 664
0.7977287769317627 668
0.8013031482696533 671
0.8058412075042725 675
0.8094403743743896 679
0.8160526752471924 686
0.8196213245391846 688
0.8233842849731445 692
0.8278729915618896 696
0.8314158916473389 699
0.8372776508331299 705
0.8407833576202393 708
0.8452415466308594 712
0.851083517074585 718
0.8553571701049805 722
0.8593010902404785 725
0.862830400466919 729
0.8694491386413574 734
0.8732459545135498 738
0.8777384757995605 742
0.8813292980194092 746
0.8857834339141846 750
0.892301082611084 759
0.8982930183410645 764
0.9039275646209717 768
0.9086813926696777 772
0.9124507904052734 776
0.9174835681915283 780
0.9231905937194824 785
0.9277286529541016 789
0.9313039779663086 792
0.9355754852294922 796
0.9393529891967773 800
0.9428355693817139 806
0.9487037658691406 809
0.9524552822113037 813
0.9567761421203613 818
0.9625999927520752 822
0.9671478271484375 826
0.970590353012085 830
0.9745686054229736 834
0.9788341522216797 839
0.9854226112365723 843
0.9892230033874512 846
0.9927554130554199 850
0.9973394870758057 854
