0 0 
0.002234220504760742 0
0.008230447769165039 0
0.011773347854614258 0
0.015496969223022461 1
0.02346181869506836 2
0.02967977523803711 3
0.035425424575805664 5
0.03984808921813965 6
0.04477572441101074 9
0.05102801322937012 11
0.05490374565124512 13
0.06087923049926758 15
0.06461381912231445 17
0.06889653205871582 20
0.07471442222595215 22
0.07901811599731445 25
0.08262825012207031 27
0.08638143539428711 29
0.0910041332244873 33
0.09755396842956543 38
0.10490679740905762 40
0.10967826843261719 43
0.1133873462677002 45
0.1191413402557373 49
0.12269425392150879 52
0.126906156539917 55
0.13344812393188477 59
0.13774847984313965 62
0.1415855884552002 65
0.14508581161499023 68
0.15001225471496582 71
0.15563440322875977 75
0.16011667251586914 78
0.16370344161987305 81
0.1682286262512207 84
0.17186236381530762 87
0.1784381866455078 93
0.18200469017028809 95
0.18574976921081543 99
0.19042491912841797 103
0.194105863571167 104
0.2000741958618164 109
0.20366358757019043 112
0.20953726768493652 117
0.21312737464904785 120
0.21761703491210938 123
0.22354364395141602 128
0.22811079025268555 131
0.2317190170288086 134
0.23544859886169434 137
0.23987770080566406 141
0.24559354782104492 146
0.25014185905456543 149
0.25373220443725586 152
0.2582559585571289 155
0.26186704635620117 159
0.26767659187316895 163
0.2716348171234131 167
0.2754089832305908 170
0.2817208766937256 175
0.2854933738708496 178
0.2899930477142334 181
0.29358792304992676 185
0.298065185546875 188
0.3037731647491455 193
0.30826258659362793 197
0.31186389923095703 200
0.3156471252441406 203
0.3203105926513672 209
0.3259620666503906 213
0.33058953285217285 216
0.33435559272766113 220
0.338731050491333 223
0.34229445457458496 228
0.3489212989807129 231
0.35247325897216797 235
0.3562164306640625 238
0.3606746196746826 241
0.36444568634033203 246
0.37032008171081543 249
0.37401580810546875 251
0.37842845916748047 258
0.38428235054016113 259
0.38881826400756836 265
0.3923795223236084 268
0.39611363410949707 271
0.4006204605102539 276
0.40626955032348633 279
0.4108419418334961 283
0.4145817756652832 286
0.41886448860168457 290
0.4247016906738281 295
0.42900848388671875 298
0.4326052665710449 301
0.4363393783569336 305
0.44079065322875977 308
0.44643163681030273 313
0.45111989974975586 317
0.454913854598999 321
0.46027326583862305 323
0.4639897346496582 327
0.46996450424194336 331
0.47356343269348145 335
0.47785401344299316 338
0.4837653636932373 343
0.4882619380950928 347
0.491924524307251 350
0.49567675590515137 353
0.5029149055480957 362
0.5100483894348145 365
0.5136408805847168 368
0.5194532871246338 373
0.5230445861816406 377
0.5274937152862549 380
0.5334348678588867 385
0.5377697944641113 389
0.5415539741516113 392
0.5450875759124756 395
0.5496361255645752 399
0.5531468391418457 403
0.5598676204681396 407
0.5634961128234863 410
0.5677785873413086 414
0.571758508682251 417
0.5775370597839355 422
0.5815553665161133 425
0.5851290225982666 429
0.5917520523071289 434
0.595543384552002 437
0.6000411510467529 441
0.6036443710327148 444
0.6080880165100098 447
0.6137607097625732 452
0.6182389259338379 455
0.6218183040618896 459
0.6255795955657959 462
0.6302473545074463 466
0.6358828544616699 472
0.6403634548187256 476
0.6440243721008301 477
0.6484322547912598 483
0.6519873142242432 484
0.6585531234741211 491
0.6621146202087402 494
0.6658697128295898 497
0.6703581809997559 501
0.6740074157714844 503
0.6798944473266602 508
0.6836180686950684 511
0.6894769668579102 516
0.6930480003356934 519
0.6974935531616211 523
0.7010383605957031 528
0.7076091766357422 531
0.7115738391876221 535
0.7150759696960449 538
0.7197747230529785 541
0.7254266738891602 546
0.729973554611206 550
0.7335522174835205 553
0.7378387451171875 557
0.7416701316833496 560
0.7484302520751953 567
0.7520046234130859 568
0.755772590637207 573
0.7602598667144775 575
0.7638359069824219 578
0.7697939872741699 583
0.773430585861206 587
0.7776985168457031 590
0.7835733890533447 595
0.7878501415252686 599
0.7916533946990967 602
0.7954788208007812 605
0.799978494644165 609
0.8056557178497314 613
0.8103363513946533 619
0.813988447189331 620
0.8183770179748535 625
0.8219351768493652 627
0.8284926414489746 634
0.8320813179016113 635
0.8358745574951172 641
0.8405144214630127 644
0.844245433807373 645
0.8501157760620117 651
0.8536820411682129 654
0.8581218719482422 657
0.8638021945953369 662
0.868445873260498 667
0.8720488548278809 669
0.8758106231689453 674
0.8821370601654053 679
0.8859028816223145 683
0.8903920650482178 686
0.8940436840057373 687
0.8984348773956299 693
0.9084651470184326 701
0.912067174911499 703
0.91581130027771 708
0.9223136901855469 713
0.9261636734008789 716
0.930903434753418 719
0.9346473217010498 723
0.9389746189117432 726
0.9447252750396729 731
0.9490616321563721 735
0.952622652053833 738
0.9563536643981934 741
0.9608211517333984 745
0.9668421745300293 750
0.9711160659790039 753
0.9748697280883789 756
0.9794600009918213 760
0.9829232692718506 763
0.9889969825744629 768
0.9925355911254883 771
0.9963006973266602 775
