0 0 
0.0023832321166992188 0
0.007546186447143555 0
0.011962175369262695 0
0.015588760375976562 0
0.021816015243530273 2
0.025487661361694336 2
0.029877901077270508 4
0.035736083984375 5
0.04026031494140625 6
0.043807268142700195 8
0.04755258560180664 9
0.05199241638183594 12
0.05764007568359375 14
0.06214737892150879 15
0.06591391563415527 17
0.07023954391479492 19
0.0738523006439209 22
0.08059287071228027 25
0.08432698249816895 27
0.08834981918334961 30
0.09242844581604004 32
0.09619927406311035 36
0.1020667552947998 38
0.10581278800964355 41
0.11010193824768066 45
0.11603116989135742 48
0.12036323547363281 51
0.12392687797546387 54
0.12767362594604492 56
0.13218069076538086 61
0.1378159523010254 64
0.14249968528747559 67
0.1462860107421875 70
0.15059804916381836 73
0.15640568733215332 77
0.16109585762023926 80
0.16484785079956055 84
0.16914677619934082 87
0.17316055297851562 90
0.17983627319335938 96
0.18342804908752441 98
0.18719983100891113 103
0.19172191619873047 104
0.19543027877807617 108
0.20160794258117676 112
0.20520234107971191 116
0.2097489833831787 122
0.21550559997558594 124
0.2199234962463379 129
0.223541259765625 132
0.22732257843017578 136
0.23184418678283691 141
0.23751401901245117 144
0.2419905662536621 148
0.24572300910949707 151
0.2508664131164551 154
0.25432467460632324 160
0.26142311096191406 163
0.2650928497314453 166
0.2695438861846924 170
0.27315592765808105 173
0.27834367752075195 178
0.2825357913970947 182
0.28629446029663086 185
0.29291653633117676 190
0.29651546478271484 194
0.30143094062805176 197
0.30501270294189453 200
0.3092951774597168 204
0.31513476371765137 214
0.3233931064605713 216
0.3271355628967285 221
0.33185553550720215 225
0.33555150032043457 226
0.3416891098022461 232
0.3452942371368408 235
0.349928617477417 242
0.35579347610473633 246
0.3600950241088867 249
0.3636782169342041 252
0.3674182891845703 256
0.37190937995910645 261
0.37757062911987305 265
0.382190465927124 268
0.385936975479126 272
0.39025259017944336 275
0.39380645751953125 280
0.4003767967224121 284
0.40401244163513184 287
0.4077646732330322 291
0.4122292995452881 294
0.41596364974975586 300
0.4218170642852783 303
0.4254586696624756 305
0.43001675605773926 312
0.435866117477417 315
0.44031763076782227 319
0.44390130043029785 322
0.4476339817047119 326
0.45210933685302734 331
0.4577465057373047 335
0.46223020553588867 338
0.46598076820373535 342
0.4702949523925781 345
0.4738657474517822 350
0.4804675579071045 354
0.4840700626373291 357
0.48778247833251953 361
0.49230337142944336 364
0.4960517883300781 370
0.5020854473114014 373
0.5058341026306152 377
0.5101034641265869 382
0.5159304141998291 386
0.5202748775482178 389
0.5238251686096191 392
0.5275616645812988 396
0.5320291519165039 401
0.5376331806182861 405
0.54209303855896 408
0.5458605289459229 412
0.5501937866210938 415
0.555976152420044 420
0.5604662895202637 424
0.5640110969543457 428
0.567753791809082 431
0.5723011493682861 435
0.5783321857452393 440
0.5824241638183594 444
0.5861754417419434 447
0.5904815196990967 450
0.5940268039703369 454
0.6000597476959229 459
0.6036324501037598 463
0.6074013710021973 466
0.6132817268371582 470
0.617011547088623 473
0.6216669082641602 477
0.6272954940795898 484
0.6317946910858154 488
0.6354637145996094 489
0.6398539543151855 494
0.6434030532836914 496
0.649946928024292 503
0.6535351276397705 507
0.6573095321655273 510
0.6617939472198486 514
0.6654548645019531 516
0.6715223789215088 521
0.6751072406768799 524
0.6801936626434326 530
0.6837599277496338 533
0.6899478435516357 538
0.6935534477233887 542
0.6973061561584473 546
0.7036397457122803 551
0.707392692565918 554
0.7118337154388428 558
0.7154576778411865 563
0.7235546112060547 568
0.7297618389129639 574
0.7333617210388184 575
0.7371296882629395 580
0.7423427104949951 584
0.7461035251617432 588
0.7510607242584229 591
0.7565889358520508 596
0.761289119720459 600
0.7649440765380859 604
0.7692146301269531 607
0.7750113010406494 612
0.7795512676239014 616
0.7831442356109619 619
0.7869970798492432 623
0.7914814949035645 626
0.7971272468566895 633
0.8018183708190918 637
0.8055019378662109 639
0.8099124431610107 644
0.8135015964508057 646
0.8196671009063721 651
0.823279857635498 654
0.8270275592803955 658
0.8333485126495361 663
0.8371684551239014 668
0.8416833877563477 670
0.8452558517456055 674
0.8497054576873779 677
0.8554184436798096 683
0.86000657081604 688
0.8635613918304443 692
0.867342472076416 695
0.871807336807251 700
0.8774294853210449 704
0.8818652629852295 707
0.8855569362640381 709
0.8899359703063965 714
0.8935515880584717 720
0.9000821113586426 723
0.9036850929260254 726
0.9074249267578125 730
0.9119844436645508 734
0.9157390594482422 737
0.921807050704956 742
0.9254665374755859 744
0.9298439025878906 751
0.935570240020752 753
0.9399745464324951 758
0.9435460567474365 762
0.9473216533660889 765
0.9519665241241455 770
0.9575965404510498 774
0.9620802402496338 778
0.9658229351043701 781
0.9700956344604492 785
0.9759268760681152 790
0.9804761409759521 794
0.9840371608734131 797
0.9877715110778809 800
0.9922409057617188 804
0.9978597164154053 809
