0 0 
0.0022878646850585938 0
0.00848841667175293 0
0.012085437774658203 0
0.01576828956604004 0
0.02048349380493164 0
0.026098012924194336 -1
0.03058791160583496 -2
0.03425288200378418 -2
0.038680315017700195 -3
0.04226064682006836 -3
0.04832816123962402 -4
0.051923274993896484 -5
0.055687904357910156 -6
0.06205892562866211 -8
0.06580710411071777 -8
0.07046008110046387 -10
0.07420015335083008 -11
0.07860159873962402 -12
0.08431148529052734 -14
0.08871889114379883 -15
0.09226679801940918 -16
0.09602713584899902 -18
0.10048842430114746 -20
0.10612654685974121 -21
0.1105964183807373 -22
0.11441540718078613 -23
0.1187441349029541 -25
0.12227821350097656 -27
0.1290287971496582 -29
0.1325974464416504 -30
0.1363682746887207 -32
0.14082956314086914 -33
0.1445784568786621 -35
0.15061616897583008 -37
0.15428519248962402 -38
0.15870285034179688 -40
0.1645643711090088 -42
0.16887331008911133 -44
0.1724381446838379 -45
0.17618107795715332 -46
0.18065190315246582 -49
0.18631267547607422 -50
0.1910252571105957 -52
0.19478511810302734 -54
0.1990969181060791 -55
0.202620267868042 -57
0.20923352241516113 -59
0.21277999877929688 -60
0.21651196479797363 -62
0.2209787368774414 -64
0.22475218772888184 -66
0.23058605194091797 -68
0.23422622680664062 -68
0.23862123489379883 -72
0.2444612979888916 -73
0.24894928932189941 -75
0.2525053024291992 -76
0.25777196884155273 -78
0.2636125087738037 -80
0.26795125007629395 -82
0.27173519134521484 -84
0.2752382755279541 -85
0.280210018157959 -87
0.2858715057373047 -90
0.2904021739959717 -91
0.29398655891418457 -92
0.2984902858734131 -95
0.3020474910736084 -96
0.3078336715698242 -98
0.311826229095459 -100
0.31529879570007324 -101
0.3219277858734131 -104
0.32579994201660156 -105
0.33030128479003906 -107
0.3338584899902344 -108
0.3383653163909912 -110
0.34416842460632324 -112
0.34857726097106934 -115
0.35213685035705566 -116
0.3558847904205322 -118
0.3603847026824951 -119
0.3660316467285156 -122
0.37070727348327637 -125
0.3790276050567627 -127
0.38258910179138184 -129
0.386333703994751 -130
0.3911709785461426 -133
0.39777326583862305 -134
0.40182065963745117 -136
0.40529966354370117 -138
0.4102187156677246 -139
0.41585516929626465 -142
0.42043590545654297 -143
0.4241302013397217 -145
0.4287271499633789 -148
0.43229103088378906 -149
0.43833279609680176 -151
0.44193053245544434 -152
0.4456655979156494 -154
0.45203351974487305 -156
0.4558541774749756 -158
0.460341215133667 -160
0.463916540145874 -161
0.46840643882751465 -163
0.47415781021118164 -165
0.4785628318786621 -168
0.48226499557495117 -169
0.48602962493896484 -171
0.4906635284423828 -173
0.4962930679321289 -175
0.5007927417755127 -176
0.5045485496520996 -178
0.5088355541229248 -180
0.5124349594116211 -182
0.5190165042877197 -184
0.5225841999053955 -186
0.52634596824646 -187
0.5307974815368652 -189
0.5345726013183594 -191
0.5406522750854492 -193
0.5444149971008301 -194
0.5503015518188477 -196
0.5539066791534424 -198
0.5583999156951904 -199
0.5640285015106201 -202
0.568565845489502 -204
0.5721895694732666 -205
0.5759656429290771 -208
0.5808136463165283 -209
0.5864813327789307 -212
0.5910012722015381 -213
0.5950989723205566 -215
0.5997264385223389 -216
0.6032369136810303 -218
0.6092102527618408 -220
0.612778902053833 -222
0.6164977550506592 -224
0.6228418350219727 -226
0.6270198822021484 -228
0.6311087608337402 -230
0.6348459720611572 -231
0.6391417980194092 -232
0.6449418067932129 -235
0.6492798328399658 -237
0.6528434753417969 -238
0.6569750308990479 -240
0.6610925197601318 -242
0.6676571369171143 -244
0.6717448234558105 -246
0.6752753257751465 -247
0.6799521446228027 -249
0.6856586933135986 -251
0.6902103424072266 -253
0.6937663555145264 -254
0.6982357501983643 -256
0.70184326171875 -258
0.7070014476776123 -260
0.7111926078796387 -262
0.7149922847747803 -264
0.719287633895874 -266
0.7251338958740234 -268
0.7299659252166748 -269
0.7336330413818359 -271
0.7379207611083984 -272
0.743762731552124 -275
0.748248815536499 -276
0.751840353012085 -278
0.7553112506866455 -280
0.7599906921386719 -281
0.7656991481781006 -284
0.7702353000640869 -285
0.7785489559173584 -290
0.7821822166442871 -290
0.7860867977142334 -293
0.7919964790344238 -294
0.7957549095153809 -296
0.8005259037017822 -299
0.8062000274658203 -301
0.8107130527496338 -302
0.8144588470458984 -303
0.8188002109527588 -306
0.8246068954467773 -308
0.8289749622344971 -310
0.8325161933898926 -311
0.8362548351287842 -313
0.8407120704650879 -314
0.8463661670684814 -317
0.8510098457336426 -319
0.8547613620758057 -320
0.8590350151062012 -322
0.8626086711883545 -324
0.8686404228210449 -326
0.8722398281097412 -327
0.8760323524475098 -329
0.8823831081390381 -332
0.8861904144287109 -333
0.8906643390655518 -335
0.8944177627563477 -336
0.8987329006195068 -338
0.9045193195343018 -340
0.9089620113372803 -342
0.9126095771789551 -344
0.9164023399353027 -346
0.9208667278289795 -347
0.9265391826629639 -350
0.9311954975128174 -351
0.9349532127380371 -353
0.9392590522766113 -354
0.9428160190582275 -356
0.9488968849182129 -358
0.9524576663970947 -360
0.9562253952026367 -362
0.9624760150909424 -364
0.966242790222168 -366
0.9708638191223145 -367
0.9746520519256592 -369
0.9789714813232422 -372
0.9847815036773682 -373
0.9890570640563965 -375
0.9926238059997559 -376
0.996340274810791 -378
