0 0 
0.008915901184082031 0
0.014435529708862305 0
0.018570661544799805 0
0.02451920509338379 0
0.02906322479248047 0
0.03224945068359375 0
0.0359039306640625 -1
0.04056572914123535 -1
0.046962738037109375 -1
0.0512392520904541 -2
0.054859161376953125 -2
0.05904960632324219 -2
0.06226801872253418 -3
0.06848359107971191 -3
0.0719602108001709 -4
0.07558989524841309 -4
0.08000445365905762 -4
0.0853421688079834 -5
0.08957076072692871 -5
0.09324359893798828 -6
0.09699535369873047 -6
0.1012566089630127 -7
0.10750102996826172 -8
0.11125040054321289 -8
0.11489343643188477 -8
0.11915135383605957 -9
0.12238597869873047 -10
0.12606096267700195 -10
0.13296103477478027 -11
0.13627195358276367 -11
0.14089155197143555 -12
0.14429759979248047 -12
0.14847850799560547 -13
0.1544501781463623 -14
0.15903282165527344 -14
0.1623392105102539 -15
0.1660153865814209 -16
0.1703786849975586 -16
0.17571544647216797 -17
0.18009710311889648 -17
0.1835627555847168 -18
0.18768763542175293 -18
0.1913914680480957 -19
0.19700050354003906 -20
0.20111918449401855 -20
0.20455551147460938 -21
0.2092430591583252 -21
0.21248316764831543 -22
0.21943974494934082 -23
0.22305512428283691 -24
0.2263174057006836 -24
0.2309558391571045 -24
0.2343428134918213 -25
0.2409346103668213 -26
0.24439144134521484 -26
0.24854159355163574 -27
0.25202298164367676 -28
0.2556753158569336 -28
0.26024365425109863 -29
0.2660505771636963 -30
0.2704336643218994 -30
0.27390003204345703 -31
0.27841782569885254 -32
0.2819178104400635 -32
0.2881629467010498 -33
0.29166316986083984 -33
0.29529452323913574 -34
0.2995285987854004 -34
0.30499958992004395 -35
0.3092639446258545 -36
0.3124661445617676 -36
0.31612443923950195 -37
0.3208296298980713 -38
0.3241724967956543 -39
0.3343963623046875 -40
0.33907389640808105 -40
0.3423292636871338 -41
0.3459899425506592 -42
0.35242176055908203 -42
0.3561067581176758 -43
0.3608677387237549 -44
0.36418867111206055 -44
0.3684511184692383 -45
0.3744487762451172 -46
0.3788728713989258 -46
0.38213038444519043 -47
0.38578271865844727 -47
0.39033985137939453 -48
0.3938760757446289 -49
0.40056514739990234 -49
0.4041478633880615 -50
0.4083719253540039 -50
0.4118947982788086 -51
0.4184141159057617 -52
0.4219043254852295 -53
0.4255504608154297 -53
0.4297208786010742 -54
0.43337225914001465 -54
0.4375784397125244 -55
0.4436354637145996 -56
0.4477965831756592 -56
0.45151281356811523 -57
0.4551975727081299 -58
0.4595670700073242 -58
0.46509218215942383 -59
0.46932458877563477 -60
0.4731905460357666 -60
0.4764540195465088 -61
0.4810667037963867 -61
0.4861774444580078 -62
0.49057698249816895 -63
0.4941549301147461 -63
0.49842405319213867 -64
0.5019071102142334 -65
0.5081219673156738 -65
0.5116331577301025 -66
0.5152699947357178 -66
0.5196554660797119 -67
0.5233078002929688 -67
0.5298676490783691 -68
0.5334310531616211 -69
0.537524938583374 -70
0.5412695407867432 -70
0.5449321269989014 -70
0.5513136386871338 -72
0.5550248622894287 -72
0.5593385696411133 -72
0.5625414848327637 -73
0.5662147998809814 -74
0.5732359886169434 -75
0.5769972801208496 -76
0.5812578201293945 -76
0.5849196910858154 -76
0.589118480682373 -77
0.5923340320587158 -78
0.5995571613311768 -78
0.6032021045684814 -79
0.606428861618042 -80
0.6110334396362305 -80
0.6144740581512451 -81
0.6210532188415527 -82
0.624459981918335 -82
0.628852128982544 -83
0.6320874691009521 -84
0.6357412338256836 -84
0.6410531997680664 -85
0.6444807052612305 -86
0.6513082981109619 -86
0.6550774574279785 -87
0.6592822074890137 -87
0.6625025272369385 -88
0.6661615371704102 -88
0.6729421615600586 -90
0.6762518882751465 -90
0.6808745861053467 -90
0.6841838359832764 -91
0.6884257793426514 -92
0.6943888664245605 -92
0.6989762783050537 -93
0.7022607326507568 -94
0.7059040069580078 -94
0.7102618217468262 -95
0.714869499206543 -96
0.7190897464752197 -96
0.7223219871520996 -97
0.7260115146636963 -97
0.7335779666900635 -98
0.7377290725708008 -99
0.7415750026702881 -99
0.7452256679534912 -100
0.7495832443237305 -101
0.7532413005828857 -101
0.7569704055786133 -102
0.7614195346832275 -102
0.7659032344818115 -103
0.7702882289886475 -104
0.7737412452697754 -104
0.7778887748718262 -105
0.781731128692627 -105
0.7853794097900391 -106
0.7895834445953369 -107
0.7932357788085938 -107
0.7974853515625 -108
0.8012001514434814 -108
0.8048481941223145 -109
0.8090803623199463 -110
0.8123214244842529 -110
0.8177287578582764 -111
0.8216140270233154 -111
0.8252596855163574 -112
0.8294699192047119 -112
0.8330643177032471 -113
0.8363015651702881 -114
0.8409502506256104 -114
0.8444068431854248 -115
0.8485898971557617 -115
0.8520634174346924 -116
0.8557140827178955 -116
0.8600642681121826 -117
0.863544225692749 -117
0.8689217567443848 -118
0.8723249435424805 -119
0.8759992122650146 -119
0.8805351257324219 -120
0.8841006755828857 -120
0.88832688331604 -121
0.8918149471282959 -122
0.8954687118530273 -122
0.8996999263763428 -123
0.9033694267272949 -123
0.9074497222900391 -124
0.9113357067108154 -124
0.9150083065032959 -125
0.9201555252075195 -126
0.9236130714416504 -126
0.9277703762054443 -127
0.9315011501312256 -127
0.9351832866668701 -128
0.9395487308502197 -128
0.9432289600372314 -129
0.9464631080627441 -130
0.9510781764984131 -130
0.954500675201416 -131
0.9589040279388428 -132
0.9621360301971436 -132
0.9658024311065674 -133
0.9710958003997803 -133
0.9745144844055176 -134
0.9790456295013428 -134
0.9822828769683838 -135
0.9859395027160645 -136
0.9903311729431152 -136
0.9937927722930908 -137
0.998363733291626 -137
