0 0 
0.0037992000579833984 0
0.009049654006958008 1
0.012821197509765625 1
0.017397165298461914 1
0.02118372917175293 2
0.025481700897216797 3
0.03127622604370117 4
0.03578901290893555 5
0.03942370414733887 6
0.043195247650146484 7
0.04781293869018555 9
0.053827524185180664 11
0.05793619155883789 13
0.061682701110839844 15
0.07179570198059082 19
0.07638263702392578 21
0.08202052116394043 24
0.0867156982421875 26
0.09043240547180176 28
0.09473514556884766 31
0.09873580932617188 33
0.10532689094543457 37
0.10890746116638184 39
0.11269450187683105 42
0.11719250679016113 43
0.12100529670715332 46
0.1270291805267334 49
0.13059735298156738 52
0.13511300086975098 55
0.14450573921203613 61
0.1483149528503418 64
0.15184307098388672 67
0.1567220687866211 69
0.16244006156921387 73
0.16696572303771973 76
0.170637845993042 79
0.17531180381774902 83
0.17892026901245117 84
0.18501543998718262 89
0.18863654136657715 91
0.19240880012512207 94
0.1988365650177002 99
0.20263099670410156 103
0.20716500282287598 104
0.210892915725708 107
0.21546578407287598 111
0.22134757041931152 116
0.22570395469665527 119
0.22925019264221191 121
0.23300433158874512 125
0.23749375343322754 127
0.2431964874267578 132
0.24768996238708496 135
0.2514677047729492 138
0.2557554244995117 141
0.25931882858276367 143
0.26537632942199707 148
0.2690296173095703 151
0.2728443145751953 154
0.27881336212158203 157
0.282604455947876 161
0.2870934009552002 163
0.29271483421325684 169
0.29723238945007324 172
0.3009042739868164 173
0.30547666549682617 178
0.30904483795166016 182
0.315671443939209 185
0.31920862197875977 188
0.32298946380615234 191
0.3275272846221924 194
0.3365345001220703 201
0.34036779403686523 203
0.3464388847351074 208
0.34998250007629395 211
0.354511022567749 214
0.3605659008026123 219
0.36504411697387695 221
0.36864566802978516 225
0.37239837646484375 227
0.3768894672393799 231
0.3825802803039551 237
0.38724350929260254 239
0.39090704917907715 241
0.3954908847808838 246
0.39903903007507324 250
0.40567827224731445 253
0.4092273712158203 256
0.4130563735961914 259
0.4175589084625244 262
0.42129945755004883 267
0.4271998405456543 270
0.4308755397796631 271
0.4354407787322998 277
0.441314697265625 281
0.4456489086151123 283
0.4492042064666748 287
0.4529449939727783 289
0.45760631561279297 294
0.4632253646850586 297
0.4677274227142334 300
0.47148633003234863 303
0.4757692813873291 306
0.47933459281921387 311
0.4858825206756592 314
0.4894285202026367 317
0.4932267665863037 320
0.4977247714996338 323
0.5014820098876953 327
0.5073294639587402 331
0.5110101699829102 332
0.5169377326965332 337
0.5205557346343994 339
0.5250289440155029 343
0.5306544303894043 347
0.5351974964141846 352
0.5387721061706543 353
0.5425000190734863 356
0.5469541549682617 359
0.552598237991333 365
0.5571527481079102 367
0.5607173442840576 370
0.5653672218322754 375
0.5689828395843506 376
0.575695276260376 382
0.5792500972747803 385
0.5830528736114502 388
0.5875380039215088 391
0.5912833213806152 396
0.5971691608428955 397
0.6008503437042236 400
0.6052606105804443 407
0.610994815826416 408
0.6153862476348877 413
0.6189782619476318 414
0.622748851776123 419
0.6272356510162354 423
0.6328589916229248 426
0.6374990940093994 429
0.6412379741668701 432
0.645545244216919 435
0.6491210460662842 440
0.6556801795959473 443
0.6592104434967041 446
0.662961483001709 449
0.6674244403839111 452
0.6711649894714355 453
0.677109956741333 458
0.6808955669403076 461
0.6854665279388428 466
0.6912622451782227 470
0.6957399845123291 473
0.699296236038208 477
0.7030751705169678 479
0.7075276374816895 483
0.7131760120391846 487
0.7176313400268555 490
0.7213654518127441 493
0.7256743907928467 496
0.7292206287384033 502
0.7379074096679688 505
0.7416646480560303 510
0.7477073669433594 513
0.7537229061126709 517
0.7583670616149902 521
0.7619001865386963 523
0.7665104866027832 527
0.7700197696685791 529
0.7758653163909912 534
0.7793958187103271 537
0.7831578254699707 540
0.7895324230194092 545
0.7932555675506592 548
0.7978250980377197 551
0.8015851974487305 554
0.8058786392211914 557
0.8116612434387207 562
0.8164346218109131 565
0.8199136257171631 568
0.8243460655212402 571
0.8283226490020752 574
0.8346891403198242 578
0.8384706974029541 581
0.8419911861419678 584
0.8467066287994385 587
0.8503470420837402 591
0.8559584617614746 595
0.8594937324523926 598
0.863224983215332 601
0.8695509433746338 606
0.873302698135376 609
0.877981424331665 612
0.8817276954650879 615
0.8860304355621338 618
0.8918323516845703 623
0.8963980674743652 625
0.8999195098876953 629
0.9044089317321777 632
0.9079582691192627 636
0.9145689010620117 639
0.9183504581451416 642
0.9219686985015869 645
0.9266624450683594 648
0.9323279857635498 653
0.9370522499084473 656
0.9406201839447021 659
0.9451119899749756 662
0.9487171173095703 665
0.9545173645019531 670
0.958491325378418 673
0.9619998931884766 676
0.9686505794525146 680
0.9724364280700684 683
0.9769368171691895 686
0.9805295467376709 689
0.9849703311920166 693
0.9906001091003418 697
0.9953024387359619 701
0.9988563060760498 703
