0 0 
0.0024678707122802734 0
0.008289575576782227 0
0.011996984481811523 0
0.018399953842163086 0
0.02222275733947754 -1
0.026735305786132812 -2
0.03038191795349121 -2
0.0350184440612793 -4
0.0409090518951416 -6
0.04535484313964844 -7
0.04888153076171875 -8
0.05260634422302246 -9
0.057071685791015625 -11
0.06394028663635254 -13
0.06747627258300781 -15
0.07123088836669922 -16
0.07615303993225098 -18
0.08187007904052734 -21
0.08635759353637695 -23
0.08998656272888184 -25
0.09460234642028809 -27
0.09823060035705566 -29
0.10485720634460449 -33
0.10845780372619629 -34
0.11220145225524902 -38
0.11679744720458984 -40
0.12047791481018066 -41
0.12643051147460938 -44
0.13001656532287598 -46
0.13446760177612305 -49
0.1401517391204834 -52
0.14465045928955078 -55
0.14825916290283203 -57
0.15199875831604004 -60
0.15667438507080078 -65
0.16243672370910645 -67
0.16692256927490234 -70
0.17064118385314941 -71
0.17513704299926758 -75
0.18093132972717285 -78
0.18523073196411133 -81
0.1888139247894287 -84
0.1925492286682129 -86
0.197037935256958 -89
0.20271062850952148 -93
0.20723724365234375 -95
0.21105718612670898 -98
0.21550989151000977 -100
0.21905255317687988 -103
0.22513437271118164 -107
0.22869324684143066 -110
0.2324514389038086 -112
0.23881173133850098 -116
0.2425689697265625 -119
0.24703168869018555 -122
0.25078630447387695 -124
0.25511670112609863 -127
0.2609233856201172 -131
0.2653062343597412 -134
0.26886796951293945 -136
0.2726302146911621 -139
0.2772812843322754 -142
0.28383374214172363 -146
0.28739142417907715 -149
0.29114770889282227 -151
0.2954750061035156 -154
0.2990381717681885 -157
0.30530524253845215 -161
0.3088490962982178 -164
0.31257033348083496 -166
0.31896495819091797 -170
0.32274889945983887 -173
0.3272998332977295 -177
0.33602285385131836 -181
0.34179067611694336 -185
0.3471543788909912 -189
0.350935697555542 -192
0.355419397354126 -195
0.3589742183685303 -198
0.3626985549926758 -200
0.36738014221191406 -204
0.3739337921142578 -207
0.3775186538696289 -210
0.38129091262817383 -212
0.3858792781829834 -215
0.3914022445678711 -219
0.3963499069213867 -222
0.3999483585357666 -225
0.40454769134521484 -228
0.40813660621643066 -230
0.4147458076477051 -236
0.41832613945007324 -237
0.4226367473602295 -241
0.4271211624145508 -244
0.4308621883392334 -248
0.43689990043640137 -251
0.44065046310424805 -252
0.44498229026794434 -258
0.45082902908325195 -260
0.45531249046325684 -263
0.4588592052459717 -266
0.46260952949523926 -268
0.46711015701293945 -271
0.47208333015441895 -275
0.476733922958374 -280
0.4823455810546875 -282
0.48708176612854004 -285
0.490825891494751 -288
0.4953038692474365 -292
0.5011560916900635 -294
0.5054926872253418 -297
0.5090444087982178 -300
0.5131676197052002 -303
0.5174558162689209 -307
0.5240974426269531 -310
0.5279040336608887 -312
0.5314450263977051 -315
0.5360183715820312 -318
0.5395309925079346 -322
0.5463385581970215 -325
0.549945592880249 -328
0.5542323589324951 -330
0.5580368041992188 -333
0.5632104873657227 -337
0.5677993297576904 -340
0.5713281631469727 -342
0.5773043632507324 -346
0.5811178684234619 -349
0.5854194164276123 -352
0.591235876083374 -356
0.595773458480835 -359
0.599212646484375 -362
0.603193998336792 -364
0.6072747707366943 -367
0.6138596534729004 -371
0.617422342300415 -374
0.6211493015289307 -377
0.6254532337188721 -380
0.6289987564086914 -382
0.6351816654205322 -386
0.6387629508972168 -389
0.6424975395202637 -393
0.6487424373626709 -396
0.6524772644042969 -399
0.6569521427154541 -402
0.6607060432434082 -404
0.6650197505950928 -408
0.6708507537841797 -411
0.6752657890319824 -414
0.6788332462310791 -416
0.6825692653656006 -419
0.6870331764221191 -423
0.6926782131195068 -426
0.6973690986633301 -429
0.7011232376098633 -432
0.7054333686828613 -434
0.7112441062927246 -438
0.715811014175415 -441
0.7192409038543701 -444
0.7232589721679688 -447
0.7273843288421631 -449
0.7368686199188232 -456
0.7408616542816162 -459
0.7453446388244629 -463
0.7512078285217285 -466
0.7560534477233887 -468
0.7597799301147461 -471
0.7640423774719238 -474
0.7698302268981934 -478
0.7742087841033936 -481
0.7780015468597412 -484
0.7815110683441162 -486
0.7861933708190918 -489
0.7920258045196533 -494
0.796602725982666 -496
0.8001699447631836 -499
0.8046586513519287 -503
0.8082432746887207 -504
0.8140981197357178 -508
0.8180861473083496 -511
0.8218255043029785 -514
0.8283531665802002 -518
0.832127571105957 -522
0.8366491794586182 -523
0.8403503894805908 -526
0.8447544574737549 -530
0.8504416942596436 -533
0.8548781871795654 -537
0.8584563732147217 -538
0.8622264862060547 -542
0.8667283058166504 -545
0.8723418712615967 -549
0.8769783973693848 -552
0.8807237148284912 -555
0.8850071430206299 -558
0.8885698318481445 -560
0.8945891857147217 -563
0.8982129096984863 -566
0.9019825458526611 -568
0.9064736366271973 -571
0.9100546836853027 -574
0.9146652221679688 -578
0.9182593822479248 -580
0.9220221042633057 -582
0.9265336990356445 -585
0.9301087856292725 -588
0.9347658157348633 -592
0.938338041305542 -593
0.942084550857544 -597
0.9472424983978271 -600
0.951005220413208 -603
0.955491304397583 -606
0.9590432643890381 -608
0.9631824493408203 -611
0.967268705368042 -614
0.9710040092468262 -616
0.9753284454345703 -619
0.9788646697998047 -622
0.9826264381408691 -625
0.9871368408203125 -628
0.9909136295318604 -630
0.9964766502380371 -633
