0 0 
0.0039844512939453125 0
0.008440256118774414 0
0.011958122253417969 0
0.015671491622924805 0
0.022156953811645508 -1
0.026003122329711914 -2
0.030684947967529297 -3
0.03444409370422363 -3
0.03895759582519531 -5
0.04381895065307617 -6
0.05006861686706543 -7
0.05367231369018555 -9
0.05955386161804199 -11
0.06336522102355957 -15
0.07227969169616699 -17
0.07851219177246094 -20
0.08216166496276855 -22
0.08593368530273438 -24
0.09181594848632812 -26
0.09559059143066406 -28
0.10009503364562988 -30
0.10576128959655762 -35
0.11045718193054199 -37
0.1142270565032959 -38
0.11870980262756348 -41
0.12236404418945312 -45
0.12897706031799316 -47
0.13253450393676758 -50
0.13628697395324707 -53
0.14079689979553223 -55
0.1445615291595459 -59
0.15042757987976074 -61
0.15419793128967285 -63
0.15853261947631836 -68
0.16436505317687988 -70
0.16877961158752441 -73
0.17232561111450195 -75
0.17609381675720215 -78
0.18236303329467773 -82
0.18684911727905273 -85
0.19096612930297852 -87
0.19764494895935059 -92
0.2016150951385498 -94
0.20511484146118164 -97
0.20981955528259277 -100
0.21347641944885254 -103
0.21939635276794434 -107
0.22295570373535156 -109
0.2274184226989746 -112
0.2333369255065918 -117
0.23762106895446777 -119
0.24161601066589355 -122
0.2453620433807373 -125
0.2498455047607422 -128
0.2555842399597168 -132
0.26009654998779297 -135
0.2636725902557373 -137
0.26817774772644043 -140
0.2718186378479004 -143
0.2784712314605713 -149
0.28206825256347656 -152
0.2858400344848633 -155
0.29033517837524414 -157
0.2939934730529785 -159
0.3001058101654053 -163
0.30369019508361816 -166
0.3082249164581299 -169
0.31398963928222656 -173
0.31839895248413086 -177
0.32198071479797363 -179
0.3257598876953125 -183
0.3304321765899658 -187
0.3362143039703369 -190
0.3407323360443115 -193
0.3444828987121582 -196
0.3487832546234131 -199
0.3546018600463867 -203
0.3590998649597168 -206
0.3627908229827881 -209
0.3668246269226074 -212
0.3709225654602051 -215
0.377483606338501 -219
0.38102030754089355 -222
0.3847846984863281 -225
0.3893907070159912 -227
0.3928647041320801 -231
0.39878368377685547 -235
0.4023435115814209 -238
0.40617847442626953 -241
0.41251659393310547 -245
0.41631340980529785 -248
0.42095422744750977 -251
0.4247419834136963 -253
0.42906904220581055 -257
0.43489813804626465 -261
0.4394712448120117 -264
0.4429945945739746 -267
0.44748663902282715 -269
0.45104408264160156 -272
0.4576563835144043 -277
0.4616739749908447 -279
0.470461368560791 -287
0.4742462635040283 -288
0.4801950454711914 -293
0.4838128089904785 -295
0.48847389221191406 -301
0.4943864345550537 -304
0.4988830089569092 -307
0.502436637878418 -310
0.5061535835266113 -313
0.5106680393218994 -317
0.516308069229126 -320
0.5208272933959961 -323
0.5245814323425293 -326
0.5289227962493896 -329
0.532480001449585 -333
0.53952956199646 -336
0.5430305004119873 -339
0.5475168228149414 -341
0.5510799884796143 -345
0.5548779964447021 -349
0.5607240200042725 -352
0.564476728439331 -355
0.5687940120697021 -359
0.574648380279541 -362
0.5789456367492676 -365
0.5825796127319336 -367
0.5882439613342285 -372
0.5940229892730713 -375
0.5986216068267822 -379
0.6022419929504395 -382
0.6060409545898438 -385
0.6105372905731201 -388
0.6161983013153076 -392
0.620701789855957 -395
0.624455451965332 -398
0.6287598609924316 -401
0.6323232650756836 -404
0.6383762359619141 -408
0.6419515609741211 -409
0.645719051361084 -414
0.6521105766296387 -418
0.6559133529663086 -421
0.6605391502380371 -424
0.6643228530883789 -427
0.6686191558837891 -430
0.674475908279419 -434
0.6788115501403809 -437
0.6824896335601807 -440
0.6862859725952148 -443
0.6907613277435303 -447
0.6967673301696777 -450
0.7008862495422363 -453
0.7046585083007812 -456
0.7089602947235107 -459
0.7125256061553955 -463
0.7195987701416016 -466
0.723360538482666 -469
0.7276444435119629 -471
0.7314436435699463 -475
0.7349889278411865 -479
0.7408533096313477 -482
0.7446448802947998 -485
0.7489566802978516 -489
0.754828691482544 -492
0.7593870162963867 -495
0.7628505229949951 -497
0.7668719291687012 -501
0.7710099220275879 -505
0.7776188850402832 -508
0.7815790176391602 -511
0.785071849822998 -513
0.7897467613220215 -516
0.7955629825592041 -521
0.8001279830932617 -523
0.8037335872650146 -527
0.808229923248291 -529
0.811840295791626 -532
0.8176333904266357 -537
0.8214528560638428 -539
0.8249688148498535 -542
0.8316655158996582 -547
0.835458517074585 -549
0.8401274681091309 -553
0.8437047004699707 -555
0.8483767509460449 -560
0.8525660037994385 -563
0.8563313484191895 -565
0.8608529567718506 -568
0.8645951747894287 -571
0.8722913265228271 -577
0.8760695457458496 -580
0.8806881904602051 -583
0.8855335712432861 -585
0.8902111053466797 -589
0.8937942981719971 -591
0.8985633850097656 -596
0.9021480083465576 -599
0.9059131145477295 -601
0.9103848934173584 -605
0.9140956401824951 -606
0.9186186790466309 -610
0.922210693359375 -613
0.925945520401001 -616
0.9303929805755615 -619
0.9349477291107178 -622
0.9395534992218018 -625
0.9431023597717285 -627
0.9476091861724854 -631
0.951408863067627 -633
0.9549160003662109 -636
0.9597389698028564 -639
0.9634318351745605 -642
0.9677348136901855 -645
0.9715976715087891 -648
0.9753613471984863 -651
0.9800384044647217 -654
0.9845335483551025 -658
0.988886833190918 -661
0.9924242496490479 -664
0.9961917400360107 -667
