0 0 
0.002229928970336914 0
0.01155853271484375 0
0.015104532241821289 1
0.019637584686279297 1
0.023415327072143555 1
0.02907109260559082 3
0.03482365608215332 5
0.03959965705871582 5
0.0454249382019043 7
0.05009770393371582 9
0.053646087646484375 11
0.059406280517578125 14
0.06894111633300781 18
0.07255911827087402 20
0.07630467414855957 22
0.08073782920837402 25
0.08680462837219238 27
0.0908968448638916 30
0.09464406967163086 32
0.09909939765930176 34
0.10267806053161621 38
0.10951375961303711 41
0.11300444602966309 43
0.11694121360778809 45
0.12099957466125488 48
0.12486672401428223 52
0.13074064254760742 55
0.13769912719726562 59
0.1454918384552002 64
0.15033555030822754 69
0.15400338172912598 70
0.1585557460784912 74
0.16211867332458496 77
0.1681532859802246 80
0.17172813415527344 83
0.17556500434875488 85
0.18216323852539062 91
0.18596100807189941 95
0.19041776657104492 97
0.19410920143127441 99
0.19848275184631348 103
0.20430827140808105 108
0.2086641788482666 111
0.21226859092712402 114
0.21603846549987793 117
0.2207190990447998 121
0.22989130020141602 126
0.2356100082397461 131
0.240311861038208 135
0.24398207664489746 137
0.2485511302947998 141
0.25211286544799805 145
0.2581937313079834 148
0.26180505752563477 151
0.26558446884155273 154
0.27185559272766113 159
0.27562975883483887 162
0.28032898902893066 167
0.28406643867492676 168
0.2884712219238281 174
0.29434657096862793 177
0.29863572120666504 181
0.3021976947784424 183
0.30592942237854004 187
0.3105621337890625 191
0.31618714332580566 195
0.3206961154937744 198
0.32445549964904785 201
0.3287816047668457 204
0.3323221206665039 209
0.33906054496765137 212
0.3426249027252197 215
0.3468003273010254 219
0.3509340286254883 221
0.3546900749206543 227
0.3605375289916992 229
0.36428093910217285 231
0.3686058521270752 237
0.37444567680358887 241
0.37880897521972656 244
0.38236403465270996 247
0.38611459732055664 250
0.3906064033508301 255
0.39621710777282715 258
0.4008655548095703 261
0.40461063385009766 265
0.4089241027832031 268
0.4147191047668457 273
0.4191272258758545 275
0.42267847061157227 279
0.42680954933166504 282
0.43091821670532227 285
0.43694567680358887 290
0.44147205352783203 293
0.4449927806854248 296
0.44957590103149414 299
0.4530954360961914 303
0.4590601921081543 307
0.4626185894012451 311
0.46634960174560547 314
0.4728851318359375 319
0.47688817977905273 322
0.48097777366638184 325
0.48474669456481934 328
0.4890439510345459 331
0.49483394622802734 336
0.499528169631958 339
0.5030002593994141 343
0.5074455738067627 346
0.5110106468200684 349
0.5175931453704834 354
0.5215449333190918 357
0.5250897407531738 360
0.5296742916107178 363
0.5333771705627441 367
0.5390269756317139 371
0.5425877571105957 375
0.5463290214538574 378
0.5526530742645264 383
0.556816577911377 386
0.5609006881713867 389
0.5646283626556396 392
0.569098711013794 395
0.5748834609985352 400
0.5796158313751221 403
0.583153247833252 407
0.5877029895782471 410
0.5934882164001465 415
0.597825288772583 418
0.6015961170196533 421
0.6051101684570312 426
0.610426664352417 429
0.6160933971405029 434
0.6206309795379639 437
0.6289060115814209 443
0.6326677799224854 447
0.6368091106414795 450
0.6435294151306152 455
0.6478126049041748 458
0.6517677307128906 461
0.6555440425872803 464
0.6600131988525391 467
0.6656506061553955 472
0.6701555252075195 475
0.6737163066864014 479
0.6781785488128662 482
0.6817612648010254 485
0.6882781982421875 490
0.6919691562652588 493
0.6957316398620605 498
0.7004499435424805 501
0.7041201591491699 503
0.7100551128387451 507
0.7136147022247314 511
0.7180793285369873 514
0.7237570285797119 519
0.7282555103302002 522
0.7318320274353027 525
0.7355856895446777 528
0.7400546073913574 531
0.7456800937652588 536
0.7501506805419922 539
0.7537131309509277 543
0.7583739757537842 547
0.7640783786773682 551
0.7684838771820068 555
0.7720816135406494 557
0.7758417129516602 562
0.7803187370300293 565
0.785984992980957 570
0.7904770374298096 573
0.7941484451293945 575
0.7985196113586426 579
0.8021910190582275 583
0.8082313537597656 586
0.8118202686309814 589
0.8156182765960693 592
0.8215272426605225 597
0.8250718116760254 600
0.8299713134765625 603
0.8356001377105713 608
0.8401057720184326 611
0.8436825275421143 615
0.8481476306915283 618
0.8517477512359619 621
0.8582899570465088 626
0.8619112968444824 629
0.8656964302062988 634
0.8702504634857178 635
0.873833179473877 639
0.8800215721130371 643
0.8836085796356201 647
0.8900172710418701 651
0.8936269283294678 655
0.8980813026428223 658
0.9017248153686523 661
0.9054520130157471 664
0.9117872714996338 669
0.9155750274658203 673
0.9200336933135986 676
0.9235954284667969 679
0.9281909465789795 682
0.9337835311889648 687
0.9384734630584717 692
0.9420721530914307 693
0.9458365440368652 698
0.9503040313720703 701
0.9559321403503418 706
0.9606039524078369 709
0.9643635749816895 713
0.9686398506164551 716
0.9722411632537842 719
0.978290319442749 724
0.9818832874298096 725
0.9856438636779785 729
0.9919061660766602 733
0.9956958293914795 738
