0 0 
0.0048770904541015625 0
0.008647680282592773 0
0.013542652130126953 -1
0.01753091812133789 -1
0.022150278091430664 -1
0.02805805206298828 -2
0.032553911209106445 -3
0.036148786544799805 -3
0.03998517990112305 -4
0.04443693161010742 -5
0.05005598068237305 -7
0.0545198917388916 -8
0.058090925216674805 -9
0.0627748966217041 -11
0.0663597583770752 -12
0.07293009757995605 -15
0.0765681266784668 -17
0.08035922050476074 -18
0.08483457565307617 -20
0.08852553367614746 -21
0.0944986343383789 -23
0.09806084632873535 -25
0.10251045227050781 -27
0.1082158088684082 -30
0.11271333694458008 -33
0.11638021469116211 -33
0.12016749382019043 -37
0.12483930587768555 -39
0.13053011894226074 -41
0.13505291938781738 -43
0.13883686065673828 -46
0.14317536354064941 -48
0.14673352241516113 -51
0.15329527854919434 -53
0.15686464309692383 -55
0.16066980361938477 -57
0.16516470909118652 -59
0.16889142990112305 -63
0.17475032806396484 -65
0.17841362953186035 -66
0.18341898918151855 -71
0.1908109188079834 -74
0.19754910469055176 -77
0.20206785202026367 -79
0.20604896545410156 -82
0.20954680442810059 -84
0.2145366668701172 -86
0.22022080421447754 -91
0.22470879554748535 -93
0.22838091850280762 -94
0.2328040599822998 -98
0.23635578155517578 -99
0.24307012557983398 -103
0.2466742992401123 -106
0.25048232078552246 -108
0.25513768196105957 -111
0.25887441635131836 -114
0.2647368907928467 -116
0.26844120025634766 -117
0.2728424072265625 -122
0.2787332534790039 -125
0.28304433822631836 -127
0.28664112091064453 -129
0.29039669036865234 -131
0.2948453426361084 -135
0.3005208969116211 -137
0.305159330368042 -139
0.30892038345336914 -142
0.3132190704345703 -144
0.31676435470581055 -148
0.32332849502563477 -150
0.32687854766845703 -153
0.33072590827941895 -155
0.3352317810058594 -157
0.3390049934387207 -161
0.3448798656463623 -163
0.3486628532409668 -164
0.35321807861328125 -168
0.35903334617614746 -171
0.3635430335998535 -174
0.36728858947753906 -176
0.37128734588623047 -179
0.37539148330688477 -181
0.38195252418518066 -184
0.38591933250427246 -187
0.38947033882141113 -189
0.3940701484680176 -191
0.39780378341674805 -194
0.4035344123840332 -197
0.4072721004486084 -200
0.4112997055053711 -202
0.41747570037841797 -205
0.422029972076416 -208
0.42596435546875 -210
0.42948412895202637 -213
0.4340660572052002 -215
0.43982362747192383 -219
0.44425511360168457 -221
0.4479212760925293 -223
0.45223045349121094 -226
0.45806431770324707 -229
0.46262526512145996 -232
0.46622610092163086 -234
0.46997880935668945 -237
0.4744551181793213 -239
0.48012518882751465 -243
0.4849355220794678 -246
0.4886970520019531 -247
0.493030309677124 -251
0.4966001510620117 -253
0.5026412010192871 -255
0.506270170211792 -258
0.510047435760498 -260
0.5165650844573975 -265
0.5203511714935303 -267
0.5248527526855469 -269
0.5285308361053467 -271
0.5329272747039795 -274
0.5387945175170898 -278
0.5433342456817627 -280
0.5468790531158447 -283
0.5506234169006348 -285
0.5550920963287354 -287
0.5607659816741943 -291
0.565281867980957 -293
0.569044828414917 -296
0.5734119415283203 -298
0.576991081237793 -300
0.5830118656158447 -304
0.5894768238067627 -309
0.5951261520385742 -312
0.6007659435272217 -315
0.6055324077606201 -317
0.6093137264251709 -319
0.6140398979187012 -322
0.6198012828826904 -325
0.6244168281555176 -327
0.6280062198638916 -330
0.632469654083252 -332
0.6360659599304199 -335
0.6412646770477295 -338
0.6458771228790283 -341
0.6494231224060059 -343
0.6560883522033691 -347
0.6598896980285645 -349
0.6646039485931396 -351
0.6681833267211914 -353
0.6726710796356201 -356
0.6785118579864502 -359
0.6829438209533691 -363
0.6865298748016357 -365
0.6902844905853271 -368
0.6947832107543945 -370
0.7004172801971436 -374
0.7049543857574463 -376
0.7087209224700928 -379
0.7130484580993652 -381
0.7166318893432617 -383
0.7228262424468994 -387
0.7264349460601807 -388
0.7301952838897705 -391
0.7365951538085938 -395
0.7404153347015381 -397
0.7449278831481934 -400
0.7486696243286133 -401
0.752988338470459 -405
0.7587704658508301 -408
0.7630674839019775 -411
0.7666511535644531 -413
0.7704813480377197 -415
0.7751386165618896 -418
0.78078293800354 -421
0.7854478359222412 -423
0.789313554763794 -426
0.7938563823699951 -428
0.797321081161499 -431
0.8032422065734863 -434
0.8068046569824219 -437
0.8105549812316895 -440
0.816842794418335 -443
0.8205835819244385 -445
0.8250589370727539 -447
0.8288600444793701 -449
0.8332028388977051 -453
0.8390419483184814 -455
0.8435549736022949 -458
0.8472738265991211 -460
0.8512763977050781 -463
0.855402946472168 -466
0.8619472980499268 -469
0.8655011653900146 -471
0.8692703247070312 -473
0.8738470077514648 -475
0.8773317337036133 -479
0.884040117263794 -481
0.8877782821655273 -484
0.8920762538909912 -487
0.895885705947876 -489
0.8993954658508301 -492
0.9054415225982666 -495
0.909207820892334 -497
0.9157998561859131 -501
0.9193394184112549 -503
0.9239161014556885 -505
0.9274392127990723 -508
0.9318833351135254 -510
0.9377892017364502 -513
0.9420738220214844 -516
0.9459764957427979 -518
0.9495041370391846 -521
0.9541914463043213 -523
0.9590415954589844 -527
0.9630734920501709 -529
0.9669504165649414 -531
0.9728069305419922 -535
0.9769644737243652 -537
0.9831879138946533 -541
0.9908032417297363 -547
0.9963598251342773 -548
