0 0 
0.003350496292114258 0
0.0068645477294921875 0
0.010600805282592773 0
0.015030622482299805 0
0.022792339324951172 1
0.02655482292175293 2
0.0300295352935791 3
0.0366060733795166 4
0.0404202938079834 6
0.04482316970825195 7
0.04847097396850586 9
0.05273604393005371 10
0.058786869049072266 13
0.0633232593536377 16
0.0668787956237793 16
0.07063102722167969 20
0.07521510124206543 21
0.08087420463562012 25
0.08533143997192383 28
0.08898735046386719 29
0.0933692455291748 32
0.0969533920288086 34
0.10350871086120605 39
0.1070871353149414 41
0.11082315444946289 44
0.11553692817687988 47
0.11928367614746094 50
0.12528491020202637 54
0.12894868850708008 55
0.13335585594177246 61
0.13916802406311035 62
0.14350676536560059 66
0.1470644474029541 70
0.15080761909484863 72
0.155287504196167 77
0.1609814167022705 80
0.1654672622680664 83
0.16921257972717285 85
0.173691987991333 89
0.1818075180053711 96
0.1883389949798584 100
0.19272899627685547 104
0.19669437408447266 107
0.2004547119140625 110
0.2051398754119873 113
0.2107856273651123 120
0.2153482437133789 123
0.2190403938293457 124
0.22345662117004395 129
0.2270345687866211 131
0.23331212997436523 138
0.2368936538696289 139
0.24063992500305176 144
0.24705958366394043 149
0.25089049339294434 152
0.2556145191192627 156
0.25937938690185547 159
0.26371145248413086 162
0.26957058906555176 167
0.2739272117614746 171
0.27745580673217773 174
0.28124260902404785 178
0.28571057319641113 181
0.2913672924041748 186
0.29602742195129395 189
0.29981493949890137 192
0.3043844699859619 196
0.30785202980041504 199
0.313753604888916 204
0.31728696823120117 208
0.3225221633911133 211
0.32842230796813965 216
0.3328070640563965 220
0.33663439750671387 223
0.3403964042663574 226
0.344806432723999 230
0.3505210876464844 235
0.3552134037017822 238
0.35878610610961914 242
0.36328601837158203 247
0.36689114570617676 248
0.37348008155822754 255
0.37704944610595703 258
0.3808097839355469 262
0.38546133041381836 266
0.38921213150024414 267
0.3951277732849121 272
0.3986949920654297 276
0.40325212478637695 282
0.4090602397918701 284
0.41358518600463867 289
0.41718268394470215 293
0.4209308624267578 296
0.42543721199035645 301
0.4310948848724365 305
0.4355957508087158 308
0.4393324851989746 312
0.44357848167419434 315
0.44718360900878906 320
0.4538283348083496 324
0.4573850631713867 327
0.4611086845397949 330
0.46558570861816406 334
0.46935176849365234 339
0.47539639472961426 342
0.4791722297668457 344
0.48360323905944824 351
0.4894719123840332 354
0.4937455654144287 358
0.4972691535949707 361
0.5010232925415039 365
0.5073747634887695 370
0.5111470222473145 373
0.5157930850982666 377
0.5195255279541016 380
0.5237941741943359 384
0.5295610427856445 389
0.5340240001678467 392
0.5375709533691406 396
0.5413253307342529 399
0.5458071231842041 402
0.5518128871917725 408
0.555901288986206 411
0.5596520900726318 414
0.5639355182647705 418
0.5674850940704346 421
0.5736157894134521 426
0.577181339263916 432
0.5858211517333984 437
0.591850996017456 442
0.5964994430541992 446
0.600017786026001 449
0.6048214435577393 452
0.6084616184234619 456
0.6140909194946289 461
0.6177840232849121 464
0.6217474937438965 468
0.627875566482544 473
0.6318507194519043 476
0.6359236240386963 480
0.6396670341491699 483
0.6463217735290527 488
0.6499156951904297 492
0.6547958850860596 495
0.6584384441375732 499
0.662710428237915 502
0.6684830188751221 507
0.6728079319000244 511
0.6766941547393799 514
0.6804683208465576 518
0.6849746704101562 521
0.6905739307403564 526
0.6951031684875488 530
0.698674201965332 533
0.7031469345092773 536
0.7067432403564453 540
0.7125592231750488 545
0.716524600982666 548
0.7200255393981934 552
0.7266249656677246 557
0.7304229736328125 560
0.7349624633789062 564
0.738541841506958 568
0.7430179119110107 571
0.7486696243286133 576
0.7531533241271973 580
0.7567298412322998 583
0.760500431060791 586
0.764970064163208 590
0.7706153392791748 597
0.7752971649169922 600
0.7789480686187744 602
0.7833280563354492 607
0.7870147228240967 609
0.7935764789581299 616
0.7971229553222656 619
0.8008966445922852 622
0.8053412437438965 626
0.8089745044708252 628
0.8149023056030273 633
0.818497896194458 636
0.8227782249450684 640
0.8286585807800293 645
0.8333096504211426 650
0.8368911743164062 652
0.8406493663787842 657
0.8470277786254883 662
0.8508052825927734 666
0.8552939891815186 669
0.8589720726013184 670
0.8633558750152588 676
0.8690261840820312 679
0.8734228610992432 684
0.8770060539245605 686
0.880760669708252 691
0.8852427005767822 695
0.890906810760498 700
0.8955168724060059 704
0.899249792098999 707
0.9037091732025146 710
0.9072678089141846 714
0.9134101867675781 719
0.9170334339141846 720
0.9208409786224365 726
0.9271857738494873 731
0.9309577941894531 734
0.9354398250579834 738
0.9391844272613525 740
0.9435443878173828 745
0.949343204498291 750
0.9538333415985107 753
0.9573917388916016 757
0.9611234664916992 760
0.9655721187591553 765
0.9712140560150146 769
0.9756872653961182 772
0.9837319850921631 779
0.9872794151306152 782
0.9910256862640381 786
0.9958648681640625 791
