0 0 
0.0024061203002929688 0
0.007496833801269531 0
0.011922121047973633 0
0.015565633773803711 0
0.01995682716369629 0
0.02572798728942871 1
0.030066967010498047 1
0.03361058235168457 1
0.03739142417907715 2
0.041831254959106445 3
0.047449350357055664 3
0.05217099189758301 4
0.055916547775268555 5
0.06038188934326172 5
0.06392097473144531 6
0.06993269920349121 7
0.0735478401184082 7
0.07728123664855957 9
0.08351898193359375 9
0.08726644515991211 11
0.09176254272460938 11
0.09545159339904785 12
0.0998375415802002 14
0.10556292533874512 14
0.11014509201049805 16
0.11381220817565918 17
0.11757755279541016 17
0.12203049659729004 19
0.12765216827392578 20
0.13211655616760254 21
0.13588356971740723 22
0.1402432918548584 23
0.1437976360321045 25
0.1503756046295166 25
0.15391874313354492 27
0.15772366523742676 27
0.16605591773986816 29
0.17113256454467773 31
0.17695283889770508 32
0.18163275718688965 33
0.18518996238708496 34
0.18993902206420898 36
0.19355416297912598 36
0.20010852813720703 39
0.20371198654174805 39
0.20748519897460938 41
0.21204805374145508 42
0.2157907485961914 43
0.2216188907623291 44
0.2252054214477539 45
0.23105907440185547 47
0.23484373092651367 47
0.2391374111175537 49
0.24489879608154297 50
0.24951982498168945 51
0.2531697750091553 53
0.25688958168029785 53
0.26132893562316895 55
0.2671084403991699 56
0.27160048484802246 57
0.2751731872558594 59
0.27962231636047363 59
0.28324031829833984 61
0.2900364398956299 63
0.2935829162597656 64
0.29732537269592285 65
0.3018336296081543 66
0.30547189712524414 67
0.31145405769348145 68
0.3150482177734375 69
0.3202686309814453 71
0.3260684013366699 73
0.33043622970581055 74
0.33397889137268066 75
0.3377408981323242 76
0.34221434593200684 77
0.3478574752807617 79
0.3525078296661377 80
0.35623860359191895 81
0.3605496883392334 82
0.36408495903015137 84
0.3709828853607178 85
0.37448644638061523 86
0.3789398670196533 87
0.38248205184936523 88
0.38621950149536133 90
0.39208054542541504 91
0.3958125114440918 92
0.40022850036621094 94
0.406078577041626 95
0.41049790382385254 96
0.41403698921203613 97
0.4177896976470947 98
0.4222421646118164 99
0.42786169052124023 101
0.43234896659851074 102
0.4360995292663574 103
0.4404001235961914 104
0.4439544677734375 106
0.45099520683288574 107
0.454512357711792 108
0.45900559425354004 109
0.4625382423400879 110
0.4662930965423584 112
0.4723184108734131 113
0.4760622978210449 114
0.4804062843322754 115
0.4862327575683594 117
0.49053478240966797 118
0.49407172203063965 119
0.4978029727935791 120
0.5041608810424805 121
0.5083103179931641 123
0.5123958587646484 124
0.5161983966827393 125
0.5204756259918213 126
0.5262477397918701 128
0.5309813022613525 129
0.5344774723052979 130
0.5389339923858643 131
0.542494535446167 132
0.5491251945495605 134
0.5529358386993408 135
0.5564589500427246 136
0.5610387325286865 137
0.5692524909973145 140
0.5744767189025879 141
0.5789141654968262 142
0.5850372314453125 143
0.5898256301879883 145
0.5934295654296875 146
0.5971932411193848 147
0.6017370223999023 148
0.6073670387268066 150
0.6118483543395996 151
0.6155092716217041 152
0.6199040412902832 153
0.6234798431396484 154
0.6295316219329834 156
0.6331291198730469 157
0.6368756294250488 158
0.6432476043701172 159
0.6470191478729248 161
0.651695728302002 162
0.6552531719207764 163
0.6597297191619873 164
0.6654632091522217 166
0.6698625087738037 167
0.673529863357544 168
0.677293062210083 169
0.6817507743835449 170
0.6874370574951172 172
0.6919314861297607 173
0.6956076622009277 174
0.7000036239624023 175
0.7035589218139648 176
0.7102947235107422 178
0.7138442993164062 179
0.7176389694213867 181
0.722097635269165 181
0.7258422374725342 183
0.7316904067993164 184
0.7352771759033203 185
0.7397279739379883 186
0.7454993724822998 188
0.7498927116394043 189
0.7534403800964355 190
0.7571990489959717 191
0.761693000793457 192
0.7673234939575195 194
0.7719807624816895 195
0.7757554054260254 196
0.7800698280334473 197
0.7859485149383545 199
0.7902605533599854 200
0.7941579818725586 201
0.7991974353790283 203
0.8030061721801758 203
0.8095512390136719 205
0.8131618499755859 207
0.8169064521789551 207
0.8213157653808594 209
0.8249509334564209 210
0.8310091495513916 211
0.8345077037811279 213
0.8389239311218262 213
0.8449985980987549 215
0.8492934703826904 216
0.8530912399291992 217
0.8566069602966309 219
0.8613111972808838 219
0.8670125007629395 221
0.8715014457702637 222
0.8750567436218262 223
0.8793387413024902 225
0.8831231594085693 225
0.8898515701293945 228
0.8934128284454346 228
0.8971652984619141 230
0.9016640186309814 231
0.9052329063415527 232
0.9114234447479248 233
0.9150161743164062 235
0.9214580059051514 236
0.9250595569610596 237
0.9293322563171387 238
0.9331169128417969 239
0.9365973472595215 241
0.9432017803192139 242
0.9470231533050537 243
0.9516952037811279 244
0.9552650451660156 245
0.9597563743591309 247
0.9674978256225586 249
0.9732816219329834 250
0.9770200252532959 251
0.9818987846374512 254
0.987562894821167 255
0.9921817779541016 256
0.9959208965301514 257
