0 0 
0.002596139907836914 0
0.008328914642333984 0
0.012032508850097656 -1
0.01652359962463379 -1
0.020145416259765625 -1
0.026201486587524414 -2
0.02984023094177246 -3
0.0335845947265625 -3
0.03999662399291992 -5
0.04379558563232422 -6
0.04825758934020996 -7
0.051991939544677734 -7
0.05657458305358887 -9
0.062408447265625 -11
0.06673550605773926 -14
0.07406973838806152 -15
0.07878637313842773 -17
0.08255147933959961 -19
0.08858108520507812 -20
0.09235024452209473 -22
0.09685683250427246 -24
0.10269308090209961 -26
0.10726308822631836 -28
0.11078763008117676 -29
0.11531233787536621 -31
0.1213834285736084 -34
0.12593793869018555 -35
0.12956500053405762 -37
0.13333368301391602 -39
0.1378631591796875 -41
0.14354944229125977 -45
0.14824700355529785 -47
0.15198755264282227 -48
0.1563127040863037 -51
0.15987777709960938 -53
0.166001558303833 -55
0.1696009635925293 -57
0.17337441444396973 -58
0.17845487594604492 -61
0.18221402168273926 -64
0.18807721138000488 -66
0.19173502922058105 -67
0.19617724418640137 -71
0.2020721435546875 -73
0.20638751983642578 -75
0.2099752426147461 -77
0.21380186080932617 -79
0.21827936172485352 -83
0.22391343116760254 -85
0.22841453552246094 -87
0.23216795921325684 -89
0.2366621494293213 -91
0.24243474006652832 -94
0.24774384498596191 -96
0.25136232376098633 -98
0.25583910942077637 -100
0.2594630718231201 -102
0.2660689353942871 -106
0.26969361305236816 -107
0.2734663486480713 -110
0.2781825065612793 -113
0.2819540500640869 -113
0.28786563873291016 -117
0.29145050048828125 -119
0.29610276222229004 -123
0.30198097229003906 -124
0.3063316345214844 -127
0.3099024295806885 -129
0.31366395950317383 -131
0.31819868087768555 -134
0.32386112213134766 -137
0.3283820152282715 -139
0.3322262763977051 -141
0.33655691146850586 -143
0.34014010429382324 -146
0.34677648544311523 -148
0.3503577709197998 -150
0.35411930084228516 -152
0.3587932586669922 -154
0.36258578300476074 -157
0.36849308013916016 -159
0.37224507331848145 -161
0.37658119201660156 -165
0.38246679306030273 -167
0.386810302734375 -169
0.39035654067993164 -171
0.3941352367401123 -173
0.39862751960754395 -176
0.405292272567749 -179
0.40926194190979004 -181
0.412792444229126 -183
0.41768646240234375 -185
0.4233283996582031 -188
0.4278733730316162 -190
0.4314839839935303 -192
0.43598413467407227 -194
0.4395925998687744 -196
0.4454500675201416 -199
0.4492921829223633 -201
0.4528236389160156 -203
0.45937323570251465 -207
0.46319079399108887 -209
0.4676995277404785 -211
0.47624683380126953 -216
0.4798402786254883 -219
0.4866037368774414 -221
0.49024367332458496 -223
0.4940202236175537 -226
0.49866318702697754 -228
0.502450704574585 -231
0.5082910060882568 -233
0.5120387077331543 -235
0.518322229385376 -239
0.5220756530761719 -241
0.5263690948486328 -243
0.5299737453460693 -245
0.5337626934051514 -247
0.5403141975402832 -250
0.5440754890441895 -252
0.5486187934875488 -254
0.5523905754089355 -256
0.556706428527832 -258
0.562507152557373 -261
0.5668294429779053 -264
0.5704066753387451 -266
0.5745818614959717 -268
0.5787642002105713 -271
0.5853817462921143 -273
0.5891895294189453 -275
0.5927166938781738 -277
0.5975818634033203 -279
0.6033463478088379 -283
0.607933521270752 -285
0.6115083694458008 -287
0.6160452365875244 -290
0.6196315288543701 -291
0.625481128692627 -294
0.6292934417724609 -296
0.6328377723693848 -299
0.639531135559082 -301
0.6433348655700684 -303
0.6478221416473389 -306
0.6513950824737549 -308
0.6560623645782471 -311
0.661839485168457 -313
0.6664218902587891 -316
0.6700124740600586 -319
0.6737816333770752 -321
0.6783926486968994 -323
0.6840834617614746 -326
0.6885843276977539 -328
0.6923935413360596 -330
0.6967029571533203 -332
0.7002687454223633 -334
0.7063241004943848 -337
0.7099177837371826 -339
0.7136745452880859 -342
0.719592809677124 -344
0.7233521938323975 -346
0.727839469909668 -348
0.7334856986999512 -352
0.7380094528198242 -354
0.7417166233062744 -355
0.7461416721343994 -359
0.7497618198394775 -359
0.7563588619232178 -364
0.7599692344665527 -366
0.7637600898742676 -368
0.7682638168334961 -370
0.772017240524292 -372
0.778069019317627 -375
0.7817308902740479 -376
0.786135196685791 -381
0.7921147346496582 -383
0.7966506481170654 -385
0.8002157211303711 -387
0.8039867877960205 -389
0.8105499744415283 -392
0.8146073818206787 -394
0.8186988830566406 -396
0.8224680423736572 -399
0.8267905712127686 -401
0.8326420783996582 -404
0.83754563331604 -406
0.8411941528320312 -408
0.8454995155334473 -410
0.8493199348449707 -412
0.855931282043457 -415
0.8595330715179443 -417
0.8633019924163818 -419
0.8678348064422607 -422
0.8761904239654541 -428
0.8820219039916992 -430
0.8865015506744385 -432
0.8900556564331055 -434
0.8938374519348145 -437
0.8985886573791504 -439
0.9051637649536133 -442
0.908757209777832 -444
0.9125080108642578 -446
0.916832447052002 -448
0.9206995964050293 -451
0.9276950359344482 -453
0.9313113689422607 -455
0.9357819557189941 -457
0.9394094944000244 -459
0.9446048736572266 -463
0.9487819671630859 -465
0.9525802135467529 -467
0.9579935073852539 -469
0.9617047309875488 -471
0.9676878452301025 -474
0.9712851047515869 -477
0.9755744934082031 -479
0.9814324378967285 -482
0.9859793186187744 -484
0.9895873069763184 -486
0.9933395385742188 -488
0.997854471206665 -490
