0 0 
0.002378225326538086 0
0.008203506469726562 0
0.012012004852294922 -1
0.015536069869995117 -1
0.02030205726623535 -1
0.0260469913482666 -2
0.030793428421020508 -3
0.03458428382873535 -4
0.039029836654663086 -6
0.04264187812805176 -7
0.04865598678588867 -9
0.052256107330322266 -10
0.05603647232055664 -12
0.06238436698913574 -14
0.06618356704711914 -17
0.07065987586975098 -18
0.07431459426879883 -20
0.07879066467285156 -27
0.09058666229248047 -29
0.09417510032653809 -32
0.09892082214355469 -36
0.10251879692077637 -37
0.10628771781921387 -41
0.11115407943725586 -45
0.11683130264282227 -48
0.12141180038452148 -51
0.12519502639770508 -54
0.12951159477233887 -57
0.13309001922607422 -61
0.13992881774902344 -64
0.14339303970336914 -67
0.14794325828552246 -70
0.15190458297729492 -73
0.15543627738952637 -78
0.16126537322998047 -81
0.1650981903076172 -84
0.1713414192199707 -89
0.17512917518615723 -92
0.17989802360534668 -95
0.18334460258483887 -99
0.18733811378479004 -102
0.19358110427856445 -107
0.1981217861175537 -110
0.2018887996673584 -113
0.20544791221618652 -117
0.210280179977417 -120
0.21604371070861816 -125
0.22054243087768555 -129
0.224104642868042 -132
0.228743314743042 -135
0.23236870765686035 -139
0.2390003204345703 -145
0.24260234832763672 -149
0.24637866020202637 -153
0.25087475776672363 -156
0.25452351570129395 -157
0.2611119747161865 -165
0.2649085521697998 -168
0.26949143409729004 -173
0.2753615379333496 -177
0.2799417972564697 -180
0.28340983390808105 -183
0.2874143123626709 -187
0.2915334701538086 -192
0.2981593608856201 -196
0.30198073387145996 -199
0.3055083751678467 -203
0.3101015090942383 -206
0.3136289119720459 -211
0.3204832077026367 -215
0.32409000396728516 -219
0.3287191390991211 -222
0.3324089050292969 -225
0.33832764625549316 -231
0.3421778678894043 -234
0.3488154411315918 -241
0.35241079330444336 -243
0.35617780685424805 -247
0.3608698844909668 -252
0.3645212650299072 -253
0.37049317359924316 -259
0.3741161823272705 -263
0.37862181663513184 -266
0.38406991958618164 -271
0.38835668563842773 -277
0.39243483543395996 -278
0.39667272567749023 -284
0.4015793800354004 -289
0.4083092212677002 -293
0.4122624397277832 -296
0.4160475730895996 -299
0.42060065269470215 -303
0.42626190185546875 -310
0.4308042526245117 -313
0.43448328971862793 -315
0.43893933296203613 -321
0.44251465797424316 -323
0.4483668804168701 -328
0.45238590240478516 -331
0.4561498165130615 -335
0.46253228187561035 -340
0.46634554862976074 -345
0.47084593772888184 -349
0.47451043128967285 -351
0.47890448570251465 -358
0.4893515110015869 -365
0.4942629337310791 -369
0.4989302158355713 -374
0.5025360584259033 -375
0.506317138671875 -381
0.5112433433532715 -386
0.5168945789337158 -390
0.5214405059814453 -393
0.525242805480957 -397
0.5295276641845703 -401
0.5353620052337646 -406
0.5399818420410156 -409
0.543510913848877 -413
0.5479674339294434 -417
0.5515336990356445 -420
0.5582032203674316 -425
0.5620071887969971 -429
0.56553053855896 -433
0.5703766345977783 -436
0.574054479598999 -439
0.5799369812011719 -445
0.5835399627685547 -448
0.5880274772644043 -452
0.5939266681671143 -457
0.5982327461242676 -461
0.6020848751068115 -464
0.605614423751831 -468
0.6103181838989258 -471
0.6160573959350586 -477
0.6207513809204102 -480
0.6243429183959961 -484
0.629011869430542 -489
0.6325898170471191 -491
0.6392130851745605 -498
0.6428060531616211 -501
0.6465697288513184 -505
0.6510558128356934 -509
0.6547970771789551 -512
0.6607065200805664 -515
0.6642696857452393 -519
0.6688270568847656 -526
0.6746382713317871 -528
0.6790544986724854 -533
0.6827330589294434 -537
0.6865251064300537 -541
0.6911852359771729 -546
0.6968786716461182 -549
0.7013726234436035 -553
0.7051405906677246 -557
0.7094874382019043 -560
0.7152907848358154 -565
0.7196197509765625 -569
0.7233350276947021 -573
0.7273898124694824 -576
0.7315051555633545 -579
0.7364039421081543 -585
0.7408814430236816 -589
0.7445616722106934 -590
0.7491376399993896 -595
0.7527623176574707 -599
0.7565908432006836 -603
0.7620632648468018 -606
0.7655901908874512 -610
0.7701659202575684 -613
0.7738969326019287 -617
0.7782304286956787 -621
0.7820260524749756 -624
0.7865726947784424 -629
0.7911889553070068 -633
0.7949690818786621 -637
0.7992944717407227 -640
0.802842378616333 -643
0.8110811710357666 -651
0.8148519992828369 -654
0.8192853927612305 -658
0.8228447437286377 -661
0.8266036510467529 -665
0.8312385082244873 -669
0.8349883556365967 -672
0.8407740592956543 -675
0.8444900512695312 -679
0.8489105701446533 -684
0.8525006771087646 -686
0.8562588691711426 -691
0.8607723712921143 -693
0.8643412590026855 -697
0.8690452575683594 -702
0.8726255893707275 -705
0.8763871192932129 -709
0.8810482025146484 -713
0.8900365829467773 -719
0.8936254978179932 -723
0.8981139659881592 -727
0.9020686149597168 -730
0.9056041240692139 -733
0.9105072021484375 -737
0.9142212867736816 -741
0.9188699722290039 -746
0.9224913120269775 -748
0.9262478351593018 -753
0.9308900833129883 -757
0.9345567226409912 -759
0.9396116733551025 -764
0.9433424472808838 -767
0.947354793548584 -771
0.9514596462249756 -775
0.9552350044250488 -778
0.959528923034668 -782
0.9630722999572754 -785
0.9668383598327637 -789
0.9712986946105957 -792
0.9750697612762451 -796
0.9793784618377686 -799
0.9829716682434082 -803
0.9867286682128906 -807
0.9922704696655273 -810
0.9960448741912842 -813
