0 0 
0.002590656280517578 0
0.006868839263916016 0
0.010360956192016602 0
0.014090299606323242 0
0.018829822540283203 0
0.022551536560058594 1
0.0289156436920166 2
0.03740382194519043 3
0.04096531867980957 4
0.04540848731994629 4
0.05006718635559082 6
0.05677914619445801 8
0.060329437255859375 8
0.06407737731933594 10
0.06878161430358887 11
0.07478928565979004 12
0.07935047149658203 14
0.08288192749023438 15
0.087432861328125 16
0.0908651351928711 18
0.09756994247436523 20
0.10108470916748047 21
0.10558032989501953 22
0.1093437671661377 24
0.11287546157836914 26
0.12015295028686523 28
0.12396907806396484 30
0.13031888008117676 32
0.13409638404846191 34
0.13874554634094238 35
0.14248347282409668 37
0.1468358039855957 38
0.1526496410369873 41
0.15694546699523926 42
0.1605052947998047 44
0.16429901123046875 46
0.16879701614379883 48
0.17480111122131348 50
0.1789100170135498 52
0.18268084526062012 53
0.18697381019592285 56
0.19551849365234375 58
0.2016434669494629 61
0.20634984970092773 63
0.20993518829345703 64
0.21370959281921387 67
0.21845364570617676 68
0.22409629821777344 71
0.2286374568939209 73
0.23238492012023926 74
0.23675131797790527 76
0.24030280113220215 79
0.24699091911315918 80
0.25055789947509766 82
0.25431036949157715 84
0.2589545249938965 86
0.26268839836120605 88
0.2674589157104492 89
0.2730984687805176 92
0.2777726650238037 94
0.2814180850982666 96
0.28566575050354004 97
0.2914769649505615 100
0.29617953300476074 102
0.29980993270874023 103
0.30356431007385254 105
0.3082447052001953 107
0.3124983310699463 110
0.3197932243347168 112
0.32360172271728516 114
0.3281092643737793 116
0.3316936492919922 117
0.3362414836883545 120
0.3419525623321533 122
0.34637999534606934 124
0.34995007514953613 125
0.3537423610687256 128
0.35822534561157227 129
0.3638572692871094 132
0.368358850479126 134
0.3719971179962158 135
0.3765754699707031 138
0.3801419734954834 140
0.3862173557281494 141
0.3898162841796875 143
0.39357757568359375 145
0.3998301029205322 148
0.4036140441894531 149
0.40825819969177246 152
0.41196346282958984 153
0.4163703918457031 156
0.42221498489379883 157
0.42656469345092773 160
0.43015241622924805 162
0.4339141845703125 163
0.4385097026824951 166
0.44413256645202637 168
0.4486250877380371 170
0.45238566398620605 171
0.45671558380126953 173
0.46027493476867676 176
0.46682238578796387 178
0.47041869163513184 179
0.47417283058166504 181
0.47865867614746094 183
0.4824192523956299 186
0.48839235305786133 187
0.4920988082885742 188
0.4973762035369873 191
0.5008323192596436 192
0.5069334506988525 195
0.5104804039001465 197
0.5142278671264648 199
0.5205986499786377 201
0.5243618488311768 203
0.528857946395874 205
0.5325753688812256 207
0.5368499755859375 208
0.5426571369171143 211
0.5469510555267334 213
0.5504956245422363 214
0.5542411804199219 216
0.5588698387145996 218
0.5654280185699463 221
0.5689921379089355 222
0.572779655456543 224
0.5773682594299316 226
0.5806562900543213 228
0.5867197513580322 230
0.5930304527282715 234
0.5988633632659912 237
0.6053967475891113 238
0.6093544960021973 240
0.6128976345062256 242
0.6178255081176758 244
0.6235504150390625 246
0.6280925273895264 248
0.6316664218902588 250
0.6363227367401123 253
0.6399075984954834 254
0.6457223892211914 256
0.6495215892791748 258
0.6530377864837646 260
0.6596293449401855 262
0.6634078025817871 264
0.6678149700164795 266
0.6714801788330078 268
0.6757290363311768 270
0.6819403171539307 272
0.6863651275634766 275
0.6898963451385498 276
0.6936361789703369 278
0.6982252597808838 279
0.7038891315460205 283
0.7083587646484375 285
0.7120003700256348 286
0.716376781463623 288
0.7199239730834961 289
0.725712776184082 292
0.7295403480529785 294
0.7330551147460938 295
0.7389640808105469 298
0.7427244186401367 300
0.7470247745513916 302
0.7528092861175537 304
0.7573890686035156 306
0.7608015537261963 308
0.7647607326507568 310
0.7690436840057373 312
0.7756156921386719 314
0.7793941497802734 316
0.7828943729400635 318
0.7874641418457031 319
0.7910685539245605 322
0.7980189323425293 324
0.8016016483306885 326
0.8060510158538818 327
0.8096513748168945 329
0.814824104309082 332
0.8189797401428223 334
0.8227238655090332 335
0.8270232677459717 338
0.8328649997711182 340
0.8373832702636719 342
0.840808629989624 343
0.8448047637939453 345
0.8488492965698242 348
0.8548543453216553 350
0.8590779304504395 351
0.8628311157226562 353
0.8673651218414307 355
0.8729393482208252 358
0.8775286674499512 359
0.8810315132141113 361
0.8854978084564209 363
0.8890402317047119 365
0.8956468105316162 367
0.8996067047119141 369
0.9033544063568115 371
0.9077894687652588 373
0.9114127159118652 374
0.9175472259521484 377
0.9210541248321533 379
0.9255483150482178 381
0.9314141273498535 383
0.9356942176818848 385
0.9394853115081787 387
0.9429969787597656 389
0.9475700855255127 390
0.953096866607666 393
0.9579277038574219 395
0.961510181427002 397
0.9657900333404541 398
0.9695801734924316 400
0.9763057231903076 404
0.9798955917358398 405
0.9836621284484863 407
0.9882247447967529 408
0.9966423511505127 412
