0 0 
0.004579782485961914 0
0.008300304412841797 0
0.011756658554077148 0
0.0162813663482666 0
0.01975393295288086 -1
0.02566981315612793 -1
0.029206037521362305 -2
0.032952308654785156 -3
0.03881096839904785 -4
0.042551517486572266 -5
0.047379255294799805 -6
0.05443882942199707 -7
0.05838465690612793 -9
0.061901092529296875 -10
0.06682372093200684 -11
0.0704045295715332 -13
0.07651209831237793 -15
0.0802302360534668 -16
0.0844724178314209 -17
0.09036493301391602 -20
0.09467101097106934 -21
0.0984640121459961 -23
0.10195565223693848 -25
0.10686516761779785 -26
0.11251258850097656 -29
0.11708974838256836 -31
0.12067270278930664 -32
0.12518620491027832 -35
0.12874698638916016 -36
0.13535046577453613 -39
0.1389906406402588 -41
0.14272809028625488 -43
0.14720630645751953 -45
0.15087485313415527 -46
0.15683269500732422 -49
0.1605079174041748 -51
0.16634297370910645 -53
0.1699061393737793 -55
0.17434215545654297 -57
0.17789149284362793 -60
0.1844635009765625 -62
0.18799304962158203 -64
0.19175958633422852 -66
0.19630122184753418 -68
0.1997509002685547 -71
0.2068159580230713 -73
0.2104930877685547 -75
0.2149496078491211 -77
0.2185676097869873 -79
0.22376441955566406 -82
0.22837138175964355 -84
0.2318732738494873 -86
0.23848795890808105 -89
0.24226975440979004 -91
0.24672889709472656 -93
0.25037169456481934 -95
0.25464296340942383 -97
0.2605597972869873 -100
0.2651362419128418 -103
0.26874804496765137 -104
0.2725210189819336 -107
0.2771151065826416 -109
0.2827885150909424 -113
0.28742218017578125 -115
0.29117774963378906 -117
0.29550981521606445 -119
0.2990741729736328 -122
0.3056912422180176 -124
0.30924296379089355 -126
0.3130021095275879 -128
0.31749582290649414 -130
0.3212411403656006 -133
0.3271973133087158 -135
0.33084869384765625 -136
0.33541297912597656 -140
0.3412785530090332 -142
0.34911179542541504 -146
0.352952241897583 -149
0.3575732707977295 -151
0.3613138198852539 -154
0.36733460426330566 -156
0.37108922004699707 -157
0.3769996166229248 -160
0.3806321620941162 -162
0.38511061668395996 -164
0.39081835746765137 -167
0.3952617645263672 -170
0.3988187313079834 -171
0.4026651382446289 -174
0.40732550621032715 -176
0.41298770904541016 -179
0.41748929023742676 -181
0.4212629795074463 -183
0.4255790710449219 -186
0.42914438247680664 -189
0.4356977939605713 -191
0.43930506706237793 -193
0.44303393363952637 -195
0.4474787712097168 -197
0.45124268531799316 -200
0.4571089744567871 -201
0.46069931983947754 -203
0.46538805961608887 -207
0.47119832038879395 -209
0.47548437118530273 -211
0.4790668487548828 -213
0.4829399585723877 -215
0.487410306930542 -219
0.49301743507385254 -221
0.49751710891723633 -223
0.5012662410736084 -225
0.5055732727050781 -227
0.5091426372528076 -230
0.515728235244751 -232
0.5192856788635254 -234
0.5230395793914795 -236
0.5276901721954346 -238
0.5314490795135498 -241
0.5373120307922363 -243
0.5410776138305664 -245
0.5453851222991943 -249
0.5511982440948486 -251
0.5555422306060791 -253
0.5591137409210205 -255
0.562875509262085 -257
0.5692627429962158 -260
0.5731263160705566 -262
0.5775766372680664 -264
0.5813186168670654 -266
0.5858118534088135 -268
0.5916156768798828 -271
0.5963842868804932 -273
0.599921703338623 -275
0.6043641567230225 -278
0.6079092025756836 -280
0.6145975589752197 -283
0.6184041500091553 -285
0.6219272613525391 -287
0.6265168190002441 -289
0.6302385330200195 -291
0.6358449459075928 -294
0.6393988132476807 -296
0.6431663036346436 -299
0.6499943733215332 -301
0.6544885635375977 -303
0.6582851409912109 -305
0.6617982387542725 -308
0.666348934173584 -310
0.6722426414489746 -313
0.6766774654388428 -315
0.6803271770477295 -317
0.6846106052398682 -319
0.6884286403656006 -321
0.695021390914917 -324
0.698601245880127 -326
0.7023591995239258 -328
0.7070424556732178 -331
0.7106142044067383 -333
0.716667890548706 -336
0.7223258018493652 -339
0.7270798683166504 -341
0.7306995391845703 -343
0.7351949214935303 -346
0.738753080368042 -347
0.7445745468139648 -352
0.7519853115081787 -354
0.7569272518157959 -356
0.7625646591186523 -361
0.7673327922821045 -363
0.7710897922515869 -363
0.7755799293518066 -367
0.7791438102722168 -370
0.7857668399810791 -372
0.7894277572631836 -374
0.7931768894195557 -376
0.7976458072662354 -378
0.8013753890991211 -381
0.8072283267974854 -383
0.8108773231506348 -384
0.8153018951416016 -389
0.8211488723754883 -391
0.8256313800811768 -393
0.829169511795044 -395
0.8329174518585205 -397
0.8373966217041016 -400
0.8430547714233398 -402
0.8475246429443359 -404
0.851292610168457 -406
0.8557841777801514 -408
0.8593297004699707 -411
0.8659241199493408 -413
0.869481086730957 -415
0.8732120990753174 -417
0.8777093887329102 -419
0.8814659118652344 -423
0.8875155448913574 -425
0.8912665843963623 -427
0.8955926895141602 -430
0.901421070098877 -432
0.9057338237762451 -434
0.9092988967895508 -436
0.9131581783294678 -438
0.9176323413848877 -441
0.9232285022735596 -443
0.9277396202087402 -445
0.9315218925476074 -447
0.9358322620391846 -449
0.939382791519165 -453
0.9463732242584229 -455
0.949878454208374 -457
0.9543342590332031 -459
0.9578912258148193 -461
0.9616756439208984 -464
0.9675421714782715 -466
0.9713149070739746 -468
0.977545976638794 -471
0.9813084602355957 -473
0.9858005046844482 -475
0.9893817901611328 -477
0.9931519031524658 -479
0.9994866847991943 -483
