0 0 
0.009040117263793945 0
0.015886783599853516 0
0.019601821899414062 -1
0.0255129337310791 -1
0.029157400131225586 -2
0.033641815185546875 -3
0.03937935829162598 -4
0.043926239013671875 -5
0.04756498336791992 -6
0.05132293701171875 -8
0.05877518653869629 -10
0.06305074691772461 -13
0.06717324256896973 -14
0.07090163230895996 -16
0.07537841796875 -18
0.08102798461914062 -22
0.0856320858001709 -25
0.08928990364074707 -26
0.09366130828857422 -30
0.09723234176635742 -31
0.10379266738891602 -36
0.10738086700439453 -38
0.11114311218261719 -42
0.11564064025878906 -44
0.11929869651794434 -46
0.1254880428314209 -50
0.12904763221740723 -53
0.13355255126953125 -56
0.13932251930236816 -61
0.14389395713806152 -66
0.14745020866394043 -68
0.15117216110229492 -72
0.1557304859161377 -76
0.1614079475402832 -80
0.1658947467803955 -83
0.16970610618591309 -86
0.17406988143920898 -90
0.17761492729187012 -95
0.18433165550231934 -98
0.1878979206085205 -102
0.19163107872009277 -105
0.19608354568481445 -108
0.19985008239746094 -114
0.2057192325592041 -117
0.20940375328063965 -118
0.21533751487731934 -124
0.21900320053100586 -127
0.22348570823669434 -131
0.22916173934936523 -136
0.23368310928344727 -141
0.2372570037841797 -143
0.2410275936126709 -148
0.24570655822753906 -154
0.2513618469238281 -157
0.2558434009552002 -161
0.25960540771484375 -164
0.2639133930206299 -168
0.2674882411956787 -173
0.2742936611175537 -177
0.2778596878051758 -180
0.28161191940307617 -184
0.28607988357543945 -188
0.28984713554382324 -193
0.29569506645202637 -196
0.2993583679199219 -198
0.30533814430236816 -204
0.3089423179626465 -208
0.3133988380432129 -211
0.31905508041381836 -216
0.3235745429992676 -220
0.32721400260925293 -224
0.3309922218322754 -229
0.33556318283081055 -231
0.3412356376647949 -238
0.34981727600097656 -246
0.3543565273284912 -249
0.35790467262268066 -253
0.36162757873535156 -258
0.3675229549407959 -262
0.3712615966796875 -266
0.3814239501953125 -278
0.39017534255981445 -282
0.3953254222869873 -286
0.3989372253417969 -289
0.40358400344848633 -297
0.40936279296875 -298
0.41431212425231934 -304
0.41787099838256836 -308
0.42170119285583496 -311
0.4263617992401123 -315
0.4330108165740967 -320
0.4367995262145996 -324
0.4403266906738281 -328
0.4448986053466797 -332
0.44840502738952637 -337
0.4551572799682617 -340
0.45884132385253906 -344
0.46314454078674316 -348
0.46695947647094727 -352
0.4721353054046631 -357
0.4763331413269043 -361
0.48007845878601074 -364
0.48686742782592773 -370
0.49040842056274414 -374
0.4951133728027344 -377
0.49875497817993164 -381
0.5031218528747559 -384
0.5089585781097412 -390
0.513502836227417 -394
0.5171163082122803 -397
0.5208570957183838 -401
0.5253293514251709 -405
0.5309722423553467 -412
0.5357005596160889 -416
0.5393867492675781 -418
0.5439631938934326 -423
0.5475590229034424 -427
0.5536239147186279 -432
0.5572013854980469 -434
0.5610687732696533 -439
0.5674679279327393 -445
0.5712649822235107 -449
0.5757813453674316 -452
0.5795416831970215 -454
0.5838844776153564 -460
0.5897135734558105 -465
0.5941104888916016 -469
0.5976810455322266 -472
0.601445198059082 -476
0.6061255931854248 -480
0.6121697425842285 -485
0.6162793636322021 -489
0.6200442314147949 -492
0.624351978302002 -496
0.6278924942016602 -500
0.6339230537414551 -506
0.6374988555908203 -509
0.6412415504455566 -513
0.6475977897644043 -518
0.6513726711273193 -522
0.6558537483215332 -526
0.6596164703369141 -529
0.6641018390655518 -535
0.6699163913726807 -538
0.6742432117462158 -542
0.6777918338775635 -546
0.6815576553344727 -550
0.6860604286193848 -555
0.6921982765197754 -558
0.6962869167327881 -562
0.7000384330749512 -566
0.7043452262878418 -570
0.7078988552093506 -575
0.7147626876831055 -579
0.7182044982910156 -582
0.7227463722229004 -586
0.7267105579376221 -590
0.7302560806274414 -595
0.7360880374908447 -599
0.7398366928100586 -602
0.7441508769989014 -610
0.7516064643859863 -614
0.7562215328216553 -617
0.7600798606872559 -621
0.7648241519927979 -624
0.768352746963501 -628
0.7728073596954346 -632
0.7767410278320312 -636
0.7802624702453613 -639
0.7857944965362549 -645
0.7895488739013672 -646
0.7940199375152588 -652
0.7975964546203613 -656
0.8014662265777588 -660
0.8059556484222412 -663
0.8097224235534668 -667
0.8140599727630615 -670
0.8181986808776855 -674
0.8235018253326416 -678
0.8271000385284424 -682
0.830885648727417 -685
0.8360514640808105 -691
0.8397891521453857 -694
0.8442502021789551 -698
0.8477928638458252 -702
0.8515486717224121 -705
0.8560447692871094 -709
0.8598153591156006 -713
0.8641023635864258 -716
0.8676393032073975 -720
0.8713757991790771 -724
0.8758506774902344 -727
0.879610538482666 -731
0.8848533630371094 -735
0.8887126445770264 -738
0.8929858207702637 -742
0.896782636642456 -746
0.9002964496612549 -749
0.9051446914672852 -753
0.9088082313537598 -757
0.9131138324737549 -760
0.917067289352417 -764
0.9208152294158936 -768
0.9255099296569824 -772
0.9290835857391357 -775
0.9335575103759766 -779
0.9379236698150635 -784
0.9416654109954834 -788
0.9461705684661865 -792
0.9499044418334961 -795
0.9542617797851562 -799
0.9578263759613037 -802
0.9615707397460938 -806
0.9662120342254639 -810
0.9699788093566895 -814
0.974311113357544 -817
0.9778592586517334 -821
0.9816045761108398 -824
0.9871208667755127 -828
0.9909112453460693 -832
0.9953970909118652 -836
0.9989919662475586 -839
