0 0 
0.0035400390625 0
0.008595705032348633 0
0.013085603713989258 0
0.01663947105407715 0
0.020430803298950195 -1
0.027081012725830078 -2
0.03084111213684082 -2
0.035451650619506836 -3
0.03923821449279785 -4
0.04352712631225586 -5
0.04933357238769531 -7
0.0536501407623291 -8
0.05719137191772461 -9
0.060947418212890625 -10
0.06546306610107422 -12
0.07108259201049805 -14
0.07564544677734375 -16
0.07934999465942383 -17
0.08382797241210938 -19
0.08737564086914062 -20
0.09339022636413574 -23
0.09698700904846191 -24
0.10074353218078613 -26
0.1071169376373291 -29
0.11087703704833984 -31
0.1154184341430664 -33
0.11913061141967773 -34
0.12343692779541016 -38
0.12925434112548828 -40
0.13357257843017578 -42
0.13714218139648438 -44
0.14090442657470703 -46
0.14555788040161133 -49
0.15120720863342285 -51
0.155670166015625 -53
0.15950751304626465 -55
0.16396808624267578 -57
0.16749978065490723 -60
0.17429113388061523 -62
0.1777329444885254 -64
0.18169522285461426 -67
0.18580269813537598 -69
0.18953680992126465 -72
0.1954038143157959 -74
0.19921112060546875 -76
0.20368742942810059 -80
0.2095777988433838 -82
0.21387934684753418 -84
0.21740961074829102 -86
0.22118496894836426 -89
0.22564339637756348 -92
0.23127269744873047 -94
0.2357463836669922 -96
0.23949027061462402 -99
0.24376988410949707 -101
0.24733662605285645 -104
0.25392889976501465 -106
0.2574937343597412 -109
0.2613108158111572 -111
0.2659602165222168 -113
0.2697138786315918 -117
0.2755777835845947 -119
0.2793607711791992 -121
0.285625696182251 -125
0.28935956954956055 -127
0.29384827613830566 -129
0.2973940372467041 -132
0.30114269256591797 -134
0.3075401782989502 -137
0.3113269805908203 -140
0.3157968521118164 -142
0.3218350410461426 -146
0.32793426513671875 -150
0.33496642112731934 -152
0.3385460376739502 -154
0.3431589603424072 -158
0.3468024730682373 -159
0.35057806968688965 -162
0.3554255962371826 -166
0.36105966567993164 -168
0.36554908752441406 -170
0.3693070411682129 -172
0.37360119819641113 -175
0.3793938159942627 -178
0.3838624954223633 -180
0.3873884677886963 -183
0.39116525650024414 -185
0.3956284523010254 -188
0.4017143249511719 -191
0.40582823753356934 -193
0.40958356857299805 -195
0.4138798713684082 -198
0.4174365997314453 -200
0.4236464500427246 -204
0.4272134304046631 -206
0.4309549331665039 -208
0.4373147487640381 -212
0.4410891532897949 -214
0.4456946849822998 -216
0.4494776725769043 -218
0.45375871658325195 -220
0.4595479965209961 -224
0.4638838768005371 -226
0.46743178367614746 -228
0.47119665145874023 -231
0.4756302833557129 -234
0.48172545433044434 -237
0.48581838607788086 -239
0.48957395553588867 -241
0.49387121200561523 -244
0.49739980697631836 -247
0.5044443607330322 -249
0.5079617500305176 -252
0.5124509334564209 -254
0.5159885883331299 -256
0.5197484493255615 -260
0.5255849361419678 -262
0.5293288230895996 -264
0.5336606502532959 -268
0.5395123958587646 -270
0.5437905788421631 -272
0.547344446182251 -274
0.5510754585266113 -277
0.5557122230529785 -280
0.5617289543151855 -282
0.5660178661346436 -285
0.5698575973510742 -287
0.5744473934173584 -290
0.5779373645782471 -293
0.5847058296203613 -295
0.5883424282073975 -298
0.5926289558410645 -300
0.5964536666870117 -302
0.5999641418457031 -306
0.605816125869751 -308
0.609550952911377 -310
0.6138668060302734 -314
0.6197042465209961 -316
0.624455451965332 -318
0.6279468536376953 -320
0.6324079036712646 -323
0.6359536647796631 -326
0.642564058303833 -328
0.6463465690612793 -331
0.6498587131500244 -333
0.6544950008392334 -335
0.6600370407104492 -339
0.6647384166717529 -341
0.6685047149658203 -344
0.6729655265808105 -346
0.6765913963317871 -348
0.6834080219268799 -353
0.6869857311248779 -354
0.6907451152801514 -357
0.6952164173126221 -360
0.6989006996154785 -361
0.7048637866973877 -364
0.7084436416625977 -366
0.7129652500152588 -369
0.7186703681945801 -372
0.7268297672271729 -377
0.730597734451294 -380
0.7352180480957031 -382
0.7389082908630371 -384
0.7451615333557129 -387
0.7487595081329346 -389
0.7547402381896973 -393
0.7584342956542969 -395
0.7627227306365967 -398
0.7685408592224121 -401
0.7730545997619629 -403
0.7766401767730713 -406
0.7803652286529541 -408
0.7849440574645996 -410
0.7906017303466797 -414
0.7951705455780029 -416
0.7987546920776367 -418
0.8034100532531738 -422
0.8069870471954346 -424
0.8132140636444092 -427
0.8168046474456787 -428
0.8205661773681641 -431
0.8268840312957764 -434
0.8306312561035156 -438
0.8351390361785889 -439
0.838737964630127 -441
0.8432214260101318 -446
0.8490087985992432 -447
0.8533971309661865 -450
0.8569884300231934 -452
0.8607587814331055 -455
0.8654472827911377 -458
0.8710570335388184 -460
0.8755598068237305 -463
0.8793306350708008 -465
0.8836920261383057 -468
0.8872294425964355 -471
0.8937640190124512 -473
0.8973209857940674 -476
0.9010686874389648 -478
0.9055392742156982 -480
0.9094245433807373 -484
0.9152915477752686 -486
0.9189479351043701 -487
0.9239404201507568 -490
0.9275093078613281 -492
0.9417552947998047 -501
0.9460539817810059 -503
0.9497971534729004 -505
0.9544980525970459 -508
0.9610996246337891 -512
0.9699282646179199 -518
0.9758532047271729 -520
0.9796042442321777 -522
0.9859404563903809 -526
0.9903674125671387 -528
0.9951262474060059 -530
