0 0 
0.0035314559936523438 0
0.009126901626586914 0
0.013483047485351562 0
0.016999244689941406 0
0.023065805435180664 -1
0.02665090560913086 -1
0.030385732650756836 -2
0.03676772117614746 -3
0.04057931900024414 -4
0.045230865478515625 -4
0.04900217056274414 -5
0.05344033241271973 -6
0.05998730659484863 -8
0.06480717658996582 -9
0.06845688819885254 -10
0.07300972938537598 -11
0.07663536071777344 -13
0.08319854736328125 -14
0.08675312995910645 -16
0.09050202369689941 -17
0.0949552059173584 -18
0.09868359565734863 -19
0.10454797744750977 -21
0.10812568664550781 -22
0.1145777702331543 -24
0.11824560165405273 -26
0.12291145324707031 -28
0.1264939308166504 -29
0.1302645206451416 -31
0.13666009902954102 -33
0.14046621322631836 -35
0.14492177963256836 -36
0.14867949485778809 -37
0.15301036834716797 -40
0.15882468223571777 -42
0.16325163841247559 -44
0.16682052612304688 -45
0.170579195022583 -47
0.17502379417419434 -48
0.1806948184967041 -51
0.18532109260559082 -52
0.1891012191772461 -54
0.1933896541595459 -56
0.19693326950073242 -58
0.20311260223388672 -60
0.2066805362701416 -62
0.2105088233947754 -63
0.2168567180633545 -66
0.22063469886779785 -68
0.22510242462158203 -69
0.22885560989379883 -71
0.23317241668701172 -74
0.2390127182006836 -75
0.24345636367797852 -77
0.24701380729675293 -78
0.2507941722869873 -80
0.2552633285522461 -83
0.26129841804504395 -84
0.2654547691345215 -86
0.2692105770111084 -88
0.27351880073547363 -90
0.2771015167236328 -92
0.28394150733947754 -94
0.28743863105773926 -96
0.2918715476989746 -97
0.2954068183898926 -99
0.2991611957550049 -102
0.30520176887512207 -104
0.3089580535888672 -105
0.31324100494384766 -108
0.31908440589904785 -110
0.3233928680419922 -111
0.32702112197875977 -113
0.3307657241821289 -115
0.33542513847351074 -117
0.3420414924621582 -119
0.34581875801086426 -121
0.3493382930755615 -122
0.3539125919342041 -124
0.35742807388305664 -127
0.3644225597381592 -128
0.37270498275756836 -133
0.37630677223205566 -134
0.3800835609436035 -136
0.3859901428222656 -138
0.389509916305542 -140
0.39443087577819824 -142
0.4001007080078125 -145
0.40471625328063965 -147
0.4083738327026367 -148
0.41278576850891113 -150
0.416348934173584 -151
0.4230916500091553 -154
0.42667150497436523 -156
0.4304332733154297 -158
0.4349188804626465 -160
0.438678503036499 -160
0.44452810287475586 -163
0.4481375217437744 -165
0.45267462730407715 -166
0.45842719078063965 -169
0.4629983901977539 -172
0.46656322479248047 -174
0.47031426429748535 -175
0.4766671657562256 -178
0.48047852516174316 -180
0.48523807525634766 -181
0.48897767066955566 -183
0.4932706356048584 -185
0.49905896186828613 -187
0.5034084320068359 -189
0.5069797039031982 -191
0.5107362270355225 -192
0.515207052230835 -194
0.5207948684692383 -197
0.5253028869628906 -198
0.5290253162384033 -200
0.5333762168884277 -202
0.5369482040405273 -204
0.5431435108184814 -206
0.5467219352722168 -208
0.5504674911499023 -210
0.5568170547485352 -212
0.5605854988098145 -214
0.5651116371154785 -216
0.5688681602478027 -218
0.5732636451721191 -219
0.57906174659729 -222
0.5833663940429688 -224
0.5869197845458984 -226
0.5906786918640137 -227
0.5953502655029297 -230
0.6018970012664795 -232
0.6058433055877686 -233
0.6093673706054688 -235
0.6139256954193115 -237
0.6174416542053223 -239
0.6242437362670898 -241
0.6279199123382568 -243
0.6322178840637207 -244
0.6360125541687012 -246
0.6395208835601807 -249
0.6454071998596191 -250
0.649160623550415 -252
0.6534693241119385 -255
0.6593163013458252 -257
0.6640477180480957 -258
0.6677951812744141 -260
0.6722187995910645 -262
0.6780352592468262 -264
0.6825616359710693 -266
0.6861531734466553 -268
0.6898887157440186 -270
0.694446325302124 -271
0.7000951766967773 -275
0.7046337127685547 -276
0.7082173824310303 -278
0.7127389907836914 -280
0.7163162231445312 -281
0.7221665382385254 -284
0.7261710166931152 -285
0.7299416065216064 -287
0.7363302707672119 -290
0.7401666641235352 -292
0.7446939945220947 -293
0.7482786178588867 -295
0.7527918815612793 -297
0.7585113048553467 -299
0.7629420757293701 -302
0.7665112018585205 -304
0.7752211093902588 -307
0.778986930847168 -310
0.7851121425628662 -311
0.7889509201049805 -313
0.7934203147888184 -316
0.7992892265319824 -317
0.8039073944091797 -319
0.8073995113372803 -321
0.8113350868225098 -322
0.8153977394104004 -325
0.8219897747039795 -327
0.8255321979522705 -328
0.8293135166168213 -330
0.8338718414306641 -332
0.8373153209686279 -334
0.8443608283996582 -336
0.8479511737823486 -338
0.8522560596466064 -340
0.8562238216400146 -342
0.8620128631591797 -344
0.8655455112457275 -346
0.8693222999572754 -348
0.8765459060668945 -351
0.8803353309631348 -353
0.8848657608032227 -354
0.8885438442230225 -356
0.8929367065429688 -358
0.8987691402435303 -360
0.9032289981842041 -362
0.9067792892456055 -364
0.9105415344238281 -366
0.9151346683502197 -368
0.9207973480224609 -370
0.9253075122833252 -372
0.9290752410888672 -374
0.9333851337432861 -375
0.9369423389434814 -377
0.9430480003356934 -380
0.9466478824615479 -381
0.9503998756408691 -383
0.9567849636077881 -386
0.9605472087860107 -388
0.9652037620544434 -389
0.9689679145812988 -391
0.973261833190918 -392
0.9790554046630859 -395
0.983543872833252 -397
0.9870834350585938 -399
0.9912374019622803 -400
0.9953415393829346 -402
