0 0 
0.0022134780883789062 0
0.008417367935180664 0
0.012030601501464844 1
0.01577925682067871 1
0.02026653289794922 1
0.025879383087158203 2
0.030350923538208008 3
0.034004926681518555 3
0.038437604904174805 4
0.04201197624206543 5
0.048041582107543945 6
0.05164813995361328 7
0.055365800857543945 8
0.060988426208496094 10
0.064788818359375 11
0.06909322738647461 13
0.07500743865966797 15
0.07957983016967773 16
0.08309745788574219 17
0.08760476112365723 19
0.09342265129089355 21
0.09779214859008789 23
0.10162544250488281 24
0.10535407066345215 25
0.10980415344238281 27
0.11559748649597168 30
0.12029385566711426 32
0.12397050857543945 33
0.12838435173034668 35
0.13200950622558594 36
0.13820147514343262 39
0.14183974266052246 41
0.14559507369995117 42
0.15197992324829102 45
0.1558067798614502 48
0.1604011058807373 49
0.1640610694885254 50
0.16842436790466309 53
0.17426323890686035 56
0.17874670028686523 58
0.18230795860290527 59
0.1860799789428711 61
0.19059991836547852 64
0.19627094268798828 66
0.20074987411499023 68
0.2044970989227295 70
0.20882821083068848 72
0.21242523193359375 75
0.21903634071350098 77
0.22262001037597656 78
0.22678518295288086 80
0.23089599609375 82
0.2346639633178711 85
0.24069428443908691 87
0.24444818496704102 89
0.24881434440612793 92
0.25467777252197266 94
0.258983850479126 96
0.2625739574432373 98
0.26631808280944824 99
0.2709798812866211 103
0.27759790420532227 105
0.28147053718566895 107
0.28502440452575684 108
0.28963232040405273 110
0.2954246997833252 113
0.30018186569213867 115
0.30378198623657227 117
0.30829381942749023 120
0.3118629455566406 121
0.3176732063293457 124
0.32146763801574707 126
0.32508015632629395 128
0.3317439556121826 131
0.3355674743652344 133
0.3400547504425049 135
0.3487555980682373 140
0.3523292541503906 143
0.3594624996185303 145
0.36298370361328125 147
0.3674166202545166 149
0.37134766578674316 151
0.3748962879180908 153
0.3798375129699707 155
0.38556790351867676 157
0.3901071548461914 159
0.3936944007873535 161
0.39833712577819824 164
0.40421366691589355 166
0.4085657596588135 169
0.4121217727661133 171
0.4158637523651123 173
0.42052197456359863 175
0.4261908531188965 178
0.4306647777557373 180
0.4344155788421631 182
0.4387390613555908 184
0.44228339195251465 186
0.44835805892944336 189
0.45192646980285645 190
0.4556715488433838 193
0.4621100425720215 196
0.4658811092376709 198
0.4703381061553955 200
0.4739797115325928 201
0.4785425662994385 204
0.48440027236938477 207
0.4887356758117676 209
0.49228858947753906 211
0.49605345726013184 213
0.5005550384521484 215
0.5061821937561035 217
0.5106790065765381 219
0.5144186019897461 221
0.5187344551086426 223
0.5222759246826172 225
0.5285170078277588 228
0.5320734977722168 231
0.5358531475067139 233
0.5417673587799072 234
0.545520544052124 236
0.5499973297119141 238
0.5556638240814209 242
0.5601892471313477 243
0.5638055801391602 245
0.5683004856109619 248
0.5719265937805176 249
0.5784647464752197 253
0.5820577144622803 255
0.5858242511749268 257
0.5902972221374512 259
0.5939555168151855 260
0.600092887878418 263
0.6036641597747803 265
0.6101052761077881 268
0.613701343536377 270
0.6181771755218506 272
0.6217856407165527 274
0.6255435943603516 276
0.631838321685791 279
0.6356189250946045 281
0.6400766372680664 283
0.6436302661895752 285
0.648099422454834 287
0.6537320613861084 289
0.6584300994873047 293
0.6620137691497803 293
0.6657745838165283 297
0.6703381538391113 299
0.6759681701660156 301
0.6804795265197754 303
0.6842267513275146 305
0.6885595321655273 307
0.692115068435669 310
0.6986746788024902 312
0.7022273540496826 314
0.7059895992279053 316
0.7105016708374023 318
0.7142374515533447 319
0.7202873229980469 323
0.7239384651184082 324
0.7283401489257812 328
0.7340774536132812 329
0.7385141849517822 332
0.7420649528503418 334
0.7503969669342041 338
0.7560474872589111 341
0.7606723308563232 343
0.7644565105438232 345
0.7689235210418701 347
0.7724740505218506 349
0.7787542343139648 352
0.7823019027709961 354
0.7861416339874268 356
0.7907581329345703 359
0.7963547706604004 361
0.8008151054382324 363
0.8045611381530762 365
0.8088147640228271 367
0.814608097076416 369
0.8189561367034912 371
0.8224985599517822 373
0.8262696266174316 375
0.830725908279419 377
0.8363332748413086 381
0.8409602642059326 382
0.8447146415710449 384
0.8490240573883057 386
0.8525757789611816 388
0.8585870265960693 391
0.8621487617492676 393
0.8659052848815918 395
0.872239351272583 398
0.8760409355163574 400
0.8805356025695801 402
0.8842871189117432 404
0.8885781764984131 407
0.8944253921508789 409
0.8989236354827881 411
0.9024765491485596 413
0.9062347412109375 415
0.9108340740203857 418
0.9168586730957031 420
0.921353816986084 422
0.9248785972595215 424
0.9294309616088867 426
0.9328718185424805 429
0.9395961761474609 431
0.9433231353759766 433
0.9476027488708496 435
0.9514005184173584 437
0.9549160003662109 439
0.9609217643737793 441
0.9646921157836914 443
0.9690415859222412 447
0.9748671054840088 449
0.9794008731842041 451
0.9828400611877441 453
0.986853837966919 455
0.9909501075744629 457
0.997534990310669 459
