0 0 
0.0045015811920166016 0
0.010277748107910156 0
0.021728515625 1
0.026277780532836914 1
0.03177809715270996 1
0.036341190338134766 1
0.04306387901306152 2
0.049482107162475586 2
0.054143667221069336 3
0.057711124420166016 3
0.06145167350769043 3
0.0664663314819336 4
0.0729529857635498 4
0.07662701606750488 5
0.08037042617797852 5
0.08493566513061523 6
0.08842158317565918 7
0.0951242446899414 7
0.09858846664428711 7
0.10305309295654297 8
0.10659313201904297 8
0.11032772064208984 9
0.11614704132080078 10
0.11989831924438477 10
0.12457132339477539 11
0.13047361373901367 11
0.13507437705993652 12
0.13860201835632324 13
0.1431434154510498 13
0.14691686630249023 14
0.15332674980163574 15
0.157149076461792 15
0.16062712669372559 16
0.1653575897216797 16
0.16901540756225586 17
0.1749711036682129 17
0.17839717864990234 18
0.18239974975585938 19
0.1878972053527832 19
0.19164299964904785 20
0.19612789154052734 21
0.20180559158325195 21
0.20644187927246094 22
0.21019887924194336 23
0.21608185768127441 23
0.22176861763000488 24
0.22634434700012207 25
0.23010516166687012 25
0.2344074249267578 26
0.2379612922668457 27
0.24411439895629883 27
0.24768996238708496 28
0.2514657974243164 29
0.257800817489624 29
0.26158976554870605 30
0.2660796642303467 31
0.26981067657470703 31
0.27410888671875 32
0.280010461807251 33
0.28432273864746094 33
0.2878756523132324 34
0.291609525680542 35
0.29602575302124023 35
0.30169010162353516 36
0.30634045600891113 37
0.31009912490844727 37
0.3143925666809082 38
0.31795549392700195 38
0.323972225189209 39
0.32754015922546387 39
0.3313021659851074 41
0.337207555770874 41
0.34102654457092285 41
0.34554243087768555 42
0.3512094020843506 43
0.35570716857910156 44
0.35930418968200684 44
0.3640005588531494 45
0.36758899688720703 45
0.3757305145263672 47
0.37929487228393555 47
0.3838679790496826 48
0.3874168395996094 48
0.391193151473999 49
0.3956716060638428 49
0.3992156982421875 50
0.40372753143310547 51
0.41407179832458496 53
0.4177520275115967 53
0.4215221405029297 54
0.4262735843658447 54
0.43003082275390625 55
0.43604445457458496 56
0.439772367477417 56
0.4441037178039551 57
0.4499077796936035 58
0.4550480842590332 58
0.4586057662963867 59
0.46309757232666016 59
0.4690718650817871 60
0.4735722541809082 61
0.47716832160949707 61
0.48090386390686035 62
0.48560142517089844 63
0.4912393093109131 64
0.49576592445373535 64
0.49954962730407715 65
0.5039403438568115 65
0.5075185298919678 66
0.5140862464904785 67
0.5176613330841064 68
0.5214188098907471 68
0.525876522064209 69
0.5294959545135498 69
0.5354652404785156 70
0.5390341281890869 71
0.5433168411254883 71
0.5493385791778564 72
0.5538134574890137 73
0.5573673248291016 73
0.5611245632171631 74
0.5656137466430664 75
0.5712418556213379 75
0.5757880210876465 76
0.5793464183807373 77
0.583838701248169 77
0.5874669551849365 78
0.5941617488861084 79
0.5977323055267334 79
0.6014499664306641 80
0.6060988903045654 81
0.6098453998565674 81
0.6157238483428955 82
0.619276762008667 82
0.623748779296875 83
0.6294856071472168 84
0.633908748626709 85
0.6374375820159912 85
0.6411843299865723 86
0.6456539630889893 86
0.651259183883667 87
0.6557753086090088 87
0.6593413352966309 88
0.6640050411224365 89
0.6698071956634521 90
0.674126148223877 91
0.6776807308197021 91
0.6814253330230713 92
0.6860136985778809 92
0.6916353702545166 93
0.6961226463317871 94
0.6998538970947266 94
0.704132080078125 95
0.7076747417449951 95
0.7137191295623779 96
0.7173237800598145 97
0.721085786819458 97
0.7269477844238281 98
0.7304425239562988 99
0.7349767684936523 99
0.7405064105987549 100
0.7451019287109375 101
0.748638391494751 101
0.7531490325927734 102
0.7589418888092041 103
0.763277530670166 103
0.7670903205871582 104
0.7705843448638916 105
0.7752692699432373 105
0.7809848785400391 106
0.7857253551483154 107
0.7892911434173584 107
0.7937583923339844 108
0.7974612712860107 109
0.8032803535461426 109
0.8071091175079346 110
0.8153386116027832 111
0.8210687637329102 112
0.8257968425750732 113
0.8294737339019775 113
0.8340573310852051 114
0.8376262187957764 115
0.8438470363616943 115
0.8474462032318115 116
0.851205587387085 117
0.8561806678771973 117
0.8618273735046387 118
0.8662815093994141 119
0.8700213432312012 119
0.8743009567260742 120
0.8800830841064453 121
0.8843817710876465 121
0.8879420757293701 122
0.8917262554168701 123
0.8961830139160156 123
0.9018359184265137 124
0.9064691066741943 125
0.9102280139923096 125
0.9145219326019287 126
0.9180707931518555 126
0.9241251945495605 127
0.927839994430542 128
0.9316082000732422 128
0.9379541873931885 129
0.9417312145233154 130
0.9462096691131592 130
0.9499905109405518 131
0.9542930126190186 132
0.9601149559020996 133
0.9646329879760742 133
0.9681823253631592 134
0.9719154834747314 134
0.9763898849487305 135
0.9824154376983643 136
0.9869396686553955 136
0.9904541969299316 137
0.9950404167175293 137
0.9985618591308594 138
