0 0 
0.002569437026977539 0
0.008328437805175781 0
0.011986017227172852 0
0.016355037689208984 -1
0.02002716064453125 -1
0.02603888511657715 -2
0.029639720916748047 -3
0.03341221809387207 -4
0.03939414024353027 -5
0.042948007583618164 -7
0.05046796798706055 -8
0.05747270584106445 -10
0.06302952766418457 -12
0.06801271438598633 -13
0.07159423828125 -15
0.0762326717376709 -17
0.07989192008972168 -18
0.08664369583129883 -21
0.09021615982055664 -23
0.09396886825561523 -25
0.09863615036010742 -26
0.10236883163452148 -29
0.1082763671875 -31
0.1119391918182373 -32
0.11634254455566406 -36
0.12229394912719727 -38
0.1266798973083496 -40
0.13023734092712402 -42
0.13399672508239746 -44
0.13849449157714844 -47
0.14415502548217773 -49
0.14864110946655273 -51
0.15239429473876953 -53
0.1568889617919922 -55
0.16045260429382324 -58
0.16734671592712402 -61
0.17087316513061523 -63
0.175337553024292 -65
0.17891550064086914 -67
0.18268847465515137 -70
0.188554048538208 -73
0.1923224925994873 -75
0.1968398094177246 -77
0.20264410972595215 -80
0.20697784423828125 -82
0.21053624153137207 -85
0.2147665023803711 -87
0.2192850112915039 -89
0.2257087230682373 -93
0.22949600219726562 -95
0.23299908638000488 -97
0.23768258094787598 -100
0.24135756492614746 -102
0.24698781967163086 -105
0.2505645751953125 -108
0.2547028064727783 -110
0.2609527111053467 -113
0.26548171043395996 -116
0.269317626953125 -118
0.27285242080688477 -120
0.27767252922058105 -122
0.2834019660949707 -126
0.2878990173339844 -128
0.2915003299713135 -130
0.29598093032836914 -133
0.3016321659088135 -136
0.3061635494232178 -138
0.30974650382995605 -141
0.313525915145874 -143
0.31800198554992676 -146
0.32367682456970215 -150
0.32824110984802246 -152
0.3319563865661621 -154
0.3365366458892822 -157
0.3401474952697754 -159
0.34639978408813477 -163
0.3499903678894043 -165
0.3537485599517822 -168
0.3601548671722412 -171
0.36395978927612305 -173
0.368436336517334 -176
0.37215399742126465 -177
0.37650489807128906 -180
0.38233113288879395 -184
0.387514591217041 -186
0.3912835121154785 -188
0.39559388160705566 -191
0.3996412754058838 -193
0.4063131809234619 -198
0.4099149703979492 -199
0.41369152069091797 -202
0.41819024085998535 -204
0.4218862056732178 -206
0.42785096168518066 -209
0.4314391613006592 -212
0.4357264041900635 -214
0.4416012763977051 -218
0.44884514808654785 -223
0.45408105850219727 -226
0.4587898254394531 -228
0.46619272232055664 -232
0.4698069095611572 -234
0.47359132766723633 -237
0.4783782958984375 -240
0.48214101791381836 -241
0.48671388626098633 -244
0.49262166023254395 -248
0.49700117111206055 -250
0.5007181167602539 -252
0.5047485828399658 -255
0.5088675022125244 -257
0.5142512321472168 -260
0.5189995765686035 -263
0.5227870941162109 -265
0.5282266139984131 -270
0.5338625907897949 -272
0.5384984016418457 -274
0.5422558784484863 -277
0.5465946197509766 -279
0.5524365901947021 -283
0.5567536354064941 -285
0.5603742599487305 -287
0.5641343593597412 -290
0.5686256885528564 -292
0.5742635726928711 -296
0.5789475440979004 -298
0.5827784538269043 -300
0.5873861312866211 -302
0.590909481048584 -305
0.5967371463775635 -308
0.6003344058990479 -310
0.6040916442871094 -313
0.6107766628265381 -316
0.6148087978363037 -319
0.6189672946929932 -321
0.6227235794067383 -323
0.6272993087768555 -326
0.6328792572021484 -329
0.6377773284912109 -332
0.6414330005645752 -334
0.6457486152648926 -336
0.6495563983917236 -338
0.6561398506164551 -342
0.6597650051116943 -344
0.6635329723358154 -347
0.6680302619934082 -349
0.6716156005859375 -351
0.6775038242340088 -355
0.6813476085662842 -357
0.6856536865234375 -360
0.691582441329956 -363
0.6962518692016602 -366
0.699852705001831 -368
0.7036123275756836 -371
0.7100579738616943 -375
0.7138304710388184 -377
0.7183101177215576 -379
0.7220053672790527 -380
0.726381778717041 -384
0.7322335243225098 -388
0.736729621887207 -390
0.7402834892272949 -392
0.7440426349639893 -394
0.7485363483428955 -397
0.7542257308959961 -400
0.7588810920715332 -402
0.7626636028289795 -405
0.7669909000396729 -407
0.7705526351928711 -410
0.7766282558441162 -413
0.7802038192749023 -415
0.7839634418487549 -418
0.7903904914855957 -421
0.7946875095367432 -424
0.798823356628418 -426
0.8025624752044678 -428
0.8068656921386719 -430
0.8126623630523682 -434
0.817425012588501 -436
0.8209483623504639 -439
0.8254313468933105 -441
0.8289835453033447 -443
0.8356270790100098 -447
0.8394665718078613 -449
0.8429858684539795 -452
0.8502044677734375 -456
0.8556737899780273 -460
0.8608005046844482 -462
0.8653361797332764 -464
0.8714444637298584 -468
0.8762567043304443 -471
0.8798575401306152 -472
0.88362717628479 -476
0.8881206512451172 -477
0.8937726020812988 -482
0.8983035087585449 -484
0.9019999504089355 -485
0.9064428806304932 -489
0.9100079536437988 -491
0.9160709381103516 -494
0.9196772575378418 -496
0.9235527515411377 -498
0.9298381805419922 -502
0.9336414337158203 -505
0.9383506774902344 -508
0.9421291351318359 -508
0.9464716911315918 -513
0.9522838592529297 -516
0.9566311836242676 -518
0.9602293968200684 -520
0.9640026092529297 -522
0.9684925079345703 -526
0.9741442203521729 -528
0.9786350727081299 -531
0.9823830127716064 -533
0.9866886138916016 -535
0.9902570247650146 -538
0.9940330982208252 -540
0.998727560043335 -542
