0 0 
0.002619504928588867 0
0.00835561752319336 0
0.012041091918945312 0
0.01630854606628418 1
0.019855022430419922 1
0.025855064392089844 2
0.029402494430541992 2
0.033128976821899414 3
0.03908371925354004 4
0.04261064529418945 4
0.0471804141998291 5
0.052661895751953125 6
0.05734682083129883 7
0.06099224090576172 8
0.06523895263671875 9
0.07100963592529297 11
0.07563471794128418 12
0.07922768592834473 13
0.08295965194702148 14
0.08738446235656738 16
0.09305977821350098 18
0.09776067733764648 19
0.10135746002197266 20
0.10584783554077148 22
0.10940337181091309 23
0.11532282829284668 25
0.11911463737487793 26
0.12261271476745605 28
0.12941479682922363 30
0.13321375846862793 32
0.1377420425415039 32
0.14130640029907227 34
0.14577817916870117 36
0.15151476860046387 38
0.1560983657836914 40
0.15976619720458984 42
0.16353559494018555 43
0.16803812980651855 45
0.173675537109375 47
0.17814183235168457 49
0.1818833351135254 50
0.1861424446105957 52
0.18973779678344727 53
0.19574546813964844 55
0.19932937622070312 56
0.20306706428527832 58
0.2093830108642578 60
0.2131214141845703 62
0.21779847145080566 64
0.22147464752197266 65
0.2258899211883545 68
0.23165225982666016 69
0.23606085777282715 72
0.23961925506591797 73
0.2433760166168213 75
0.24787616729736328 77
0.25352931022644043 79
0.25816774368286133 81
0.2620213031768799 82
0.26996612548828125 86
0.27629661560058594 88
0.2798590660095215 90
0.2836179733276367 91
0.290130615234375 94
0.29387354850769043 96
0.29851651191711426 97
0.302919864654541 99
0.30765843391418457 100
0.31331872940063477 104
0.3178131580352783 105
0.3214755058288574 106
0.3258845806121826 108
0.3295292854309082 110
0.3357391357421875 112
0.3393723964691162 114
0.3431251049041748 115
0.3494102954864502 118
0.3531646728515625 119
0.35768938064575195 121
0.3612689971923828 123
0.36574339866638184 124
0.3715193271636963 127
0.37590789794921875 129
0.3794846534729004 130
0.3832404613494873 132
0.38791871070861816 135
0.39357781410217285 137
0.39821743965148926 138
0.40203428268432617 140
0.4063553810119629 142
0.4098942279815674 144
0.41651058197021484 146
0.42008423805236816 148
0.4238307476043701 149
0.42829394340515137 151
0.43204379081726074 153
0.4379100799560547 155
0.44156312942504883 156
0.4459850788116455 159
0.45186376571655273 161
0.4562962055206299 162
0.45983266830444336 164
0.46357297897338867 166
0.46804118156433105 168
0.47370171546936035 170
0.4781663417816162 172
0.4820218086242676 173
0.48633670806884766 175
0.4921116828918457 177
0.4964330196380615 179
0.49997544288635254 180
0.5037462711334229 182
0.5082075595855713 184
0.5138473510742188 186
0.5185220241546631 188
0.522244930267334 190
0.526522159576416 191
0.5300741195678711 193
0.5361125469207764 196
0.5396966934204102 197
0.5434541702270508 199
0.5497705936431885 201
0.5535593032836914 203
0.5580170154571533 204
0.5617854595184326 205
0.5661370754241943 208
0.5720310211181641 210
0.5764904022216797 212
0.5800173282623291 214
0.5837814807891846 216
0.5882396697998047 218
0.5938405990600586 220
0.5982873439788818 221
0.6020140647888184 223
0.6063001155853271 224
0.6098196506500244 227
0.6163578033447266 228
0.6199638843536377 230
0.6236963272094727 232
0.6281604766845703 234
0.6319115161895752 236
0.6379098892211914 238
0.6415712833404541 238
0.6475510597229004 241
0.6511759757995605 243
0.6556813716888428 244
0.6612832546234131 247
0.6658060550689697 250
0.6733114719390869 252
0.6779694557189941 254
0.6817362308502197 255
0.6878006458282471 258
0.6913604736328125 259
0.6973361968994141 262
0.7010149955749512 263
0.7053143978118896 265
0.711190938949585 268
0.7156558036804199 269
0.7192349433898926 271
0.7235448360443115 273
0.7282760143280029 276
0.7339019775390625 278
0.7384116649627686 279
0.7421286106109619 281
0.7464003562927246 282
0.7499468326568604 285
0.7566585540771484 287
0.7603693008422852 288
0.764357328414917 290
0.7684230804443359 292
0.7721714973449707 294
0.7781975269317627 296
0.7819483280181885 297
0.7863640785217285 300
0.7922284603118896 302
0.7965083122253418 303
0.8000469207763672 305
0.8037929534912109 306
0.8082561492919922 309
0.8138694763183594 311
0.8185639381408691 312
0.8223137855529785 314
0.8266303539276123 316
0.8301584720611572 318
0.836968183517456 320
0.8404033184051514 321
0.8443648815155029 323
0.8484842777252197 325
0.8522212505340576 327
0.8580853939056396 329
0.8618419170379639 330
0.8680593967437744 333
0.8717911243438721 334
0.8762798309326172 336
0.8798282146453857 338
0.8835856914520264 340
0.8899085521697998 342
0.893686056137085 344
0.8981671333312988 345
0.9019143581390381 347
0.9063975811004639 349
0.9122838973999023 351
0.9166185855865479 353
0.9201602935791016 354
0.923893928527832 356
0.9283847808837891 358
0.9343979358673096 360
0.9389188289642334 362
0.9424300193786621 364
0.9469900131225586 365
0.9504320621490479 368
0.9571537971496582 370
0.9608819484710693 371
0.9651787281036377 373
0.9689631462097168 374
0.9724767208099365 377
0.9783236980438232 378
0.9820773601531982 380
0.9863729476928711 383
0.9921905994415283 384
0.9969189167022705 386
