0 0 
0.0047266483306884766 0
0.010407686233520508 0
0.01641845703125 0
0.01979970932006836 0
0.025591611862182617 1
0.03142547607421875 2
0.03586292266845703 2
0.039414167404174805 3
0.04318380355834961 4
0.04766440391540527 5
0.05325460433959961 6
0.05794978141784668 7
0.06168222427368164 8
0.06598401069641113 9
0.06951904296875 11
0.07608151435852051 12
0.07984519004821777 13
0.08384394645690918 14
0.08793044090270996 16
0.09168744087219238 18
0.09758234024047852 19
0.10134172439575195 20
0.10565948486328125 22
0.11148357391357422 24
0.11594033241271973 25
0.11959052085876465 26
0.12334632873535156 28
0.12995433807373047 30
0.1344618797302246 32
0.1384289264678955 34
0.141937255859375 35
0.1465139389038086 36
0.1520676612854004 39
0.15677809715270996 40
0.16043996810913086 42
0.16501092910766602 44
0.16863679885864258 45
0.17536425590515137 48
0.17895793914794922 49
0.18276286125183105 52
0.1872549057006836 54
0.1909036636352539 54
0.19681596755981445 57
0.20048975944519043 58
0.20478129386901855 60
0.210662841796875 62
0.21522927284240723 65
0.21882939338684082 66
0.2226102352142334 68
0.22710776329040527 69
0.23275113105773926 72
0.23784637451171875 74
0.24237608909606934 76
0.2468252182006836 78
0.25249648094177246 80
0.2570488452911377 82
0.26062512397766113 84
0.26529693603515625 86
0.2689800262451172 87
0.27480101585388184 90
0.27864813804626465 91
0.28240323066711426 93
0.2887997627258301 96
0.2925865650177002 97
0.2972853183746338 100
0.30094408988952637 101
0.3053584098815918 104
0.3111889362335205 105
0.3155543804168701 108
0.31914258003234863 110
0.3228890895843506 111
0.3273940086364746 113
0.3331339359283447 116
0.33763766288757324 117
0.3413963317871094 119
0.34569621086120605 121
0.3492569923400879 122
0.3554813861846924 125
0.35904455184936523 127
0.36280298233032227 129
0.3690931797027588 131
0.3728513717651367 133
0.3773338794708252 134
0.38098740577697754 135
0.385422945022583 139
0.39125895500183105 140
0.39572572708129883 142
0.39928412437438965 146
0.40787172317504883 148
0.41167521476745605 150
0.4178168773651123 152
0.4215681552886963 154
0.4274923801422119 156
0.43127965927124023 158
0.4355611801147461 160
0.4413750171661377 162
0.4457218647003174 164
0.44925451278686523 166
0.45301389694213867 167
0.45749592781066895 170
0.4631199836730957 172
0.46759700775146484 174
0.4713718891143799 175
0.47584962844848633 177
0.4794020652770996 180
0.4859623908996582 181
0.4895927906036377 183
0.4937398433685303 185
0.49791383743286133 186
0.5016684532165527 189
0.5075178146362305 191
0.5112619400024414 192
0.5155601501464844 195
0.521385669708252 197
0.5258805751800537 198
0.5294191837310791 200
0.5331392288208008 202
0.5377321243286133 204
0.5433285236358643 206
0.5477995872497559 208
0.551546573638916 210
0.555884599685669 212
0.5594146251678467 214
0.5659520626068115 216
0.5694985389709473 218
0.573265790939331 219
0.5778768062591553 221
0.5844621658325195 224
0.588031530380249 226
0.591829776763916 227
0.5965495109558105 229
0.6000750064849854 230
0.6063582897186279 233
0.6098177433013916 235
0.6138596534729004 237
0.6200253963470459 239
0.6245498657226562 241
0.628319263458252 243
0.6318609714508057 244
0.6364095211029053 246
0.6419656276702881 250
0.6472997665405273 252
0.6509473323822021 252
0.6555366516113281 255
0.659116268157959 258
0.6656816005706787 259
0.6692276000976562 261
0.6730077266693115 263
0.6776108741760254 264
0.6813774108886719 267
0.687251091003418 269
0.69091796875 270
0.6953155994415283 273
0.7010741233825684 274
0.7054471969604492 276
0.7090182304382324 278
0.7127785682678223 280
0.7174456119537354 282
0.7230589389801025 284
0.7275326251983643 286
0.7312870025634766 288
0.7355597019195557 290
0.741358757019043 292
0.7456936836242676 294
0.7492311000823975 296
0.7529964447021484 298
0.7574996948242188 299
0.7631113529205322 302
0.7675876617431641 304
0.7713379859924316 305
0.7757906913757324 307
0.7793619632720947 308
0.785578727722168 311
0.7892868518829346 313
0.7930278778076172 315
0.7993614673614502 319
0.8076632022857666 321
0.8113970756530762 322
0.815887451171875 324
0.8194119930267334 327
0.8260865211486816 328
0.8297634124755859 330
0.833733081817627 332
0.8380222320556641 334
0.8417847156524658 336
0.8476159572601318 338
0.8513739109039307 340
0.8556947708129883 342
0.8615090847015381 344
0.8657979965209961 346
0.8693618774414062 348
0.8731429576873779 350
0.8775911331176758 352
0.8832247257232666 354
0.8876664638519287 356
0.8913772106170654 357
0.8958706855773926 359
0.8994042873382568 362
0.905935525894165 363
0.9094765186309814 365
0.9132275581359863 367
0.9179584980010986 368
0.921717643737793 371
0.9275484085083008 373
0.9313430786132812 374
0.9358730316162109 376
0.9416413307189941 379
0.9459807872772217 380
0.9495358467102051 382
0.9532661437988281 384
0.9579014778137207 386
0.9644885063171387 388
0.9680399894714355 390
0.9718029499053955 392
0.9763362407684326 394
0.9797616004943848 396
0.985680103302002 398
0.989262580871582 400
0.9930810928344727 402
0.9994175434112549 404
