0 0 
0.002585887908935547 0
0.008512735366821289 0
0.012189865112304688 0
0.016468286514282227 0
0.020076990127563477 1
0.026094436645507812 1
0.029638290405273438 2
0.03336954116821289 2
0.039804935455322266 4
0.043575286865234375 5
0.048065900802612305 6
0.051753997802734375 6
0.0561366081237793 8
0.06179165840148926 10
0.07005023956298828 11
0.07383990287780762 12
0.0786752700805664 14
0.08242940902709961 16
0.08846569061279297 17
0.09220337867736816 18
0.09920763969421387 21
0.10280203819274902 22
0.10739755630493164 24
0.11111927032470703 25
0.11674189567565918 27
0.12035536766052246 29
0.12409496307373047 31
0.12995219230651855 33
0.13374948501586914 34
0.1382455825805664 37
0.14386963844299316 38
0.1483783721923828 40
0.15209531784057617 42
0.1563878059387207 43
0.16221332550048828 46
0.16657710075378418 48
0.17012381553649902 49
0.17386841773986816 51
0.17836642265319824 52
0.1840054988861084 55
0.18867111206054688 57
0.19245648384094238 58
0.19675874710083008 60
0.2003180980682373 62
0.20649409294128418 64
0.21006202697753906 66
0.21390914916992188 68
0.22028326988220215 71
0.2240602970123291 72
0.22851085662841797 74
0.23225045204162598 76
0.2365553379058838 78
0.24233317375183105 80
0.24679255485534668 82
0.25037622451782227 84
0.2541356086730957 86
0.2586100101470947 88
0.2646191120147705 90
0.26874780654907227 92
0.2725040912628174 94
0.2768123149871826 96
0.28034257888793945 97
0.28638529777526855 100
0.2899813652038574 102
0.29372406005859375 104
0.30008959770202637 106
0.30385923385620117 108
0.30850887298583984 110
0.3122594356536865 112
0.3165469169616699 114
0.32234811782836914 116
0.32662153244018555 118
0.3302726745605469 120
0.3340284824371338 122
0.3386707305908203 124
0.3452129364013672 126
0.34878110885620117 128
0.35253262519836426 130
0.35685300827026367 132
0.3604104518890381 134
0.3675558567047119 136
0.3712024688720703 138
0.3754696846008301 140
0.3792600631713867 142
0.38277244567871094 144
0.3886253833770752 146
0.3924083709716797 148
0.39672207832336426 150
0.4026334285736084 152
0.4072103500366211 154
0.4106729030609131 156
0.4146437644958496 158
0.4187345504760742 160
0.4253218173980713 162
0.4293246269226074 164
0.4328446388244629 166
0.43741536140441895 168
0.4431772232055664 170
0.44776415824890137 172
0.4513671398162842 174
0.4558537006378174 176
0.45946431159973145 178
0.46779727935791016 181
0.47350025177001953 185
0.478212833404541 187
0.48187947273254395 188
0.48661303520202637 190
0.4901916980743408 193
0.49783945083618164 195
0.5014302730560303 197
0.5059101581573486 198
0.5094921588897705 200
0.5146434307098389 203
0.5188138484954834 205
0.5225591659545898 206
0.526871919631958 209
0.5326926708221436 211
0.5375697612762451 213
0.5412437915802002 215
0.5455024242401123 216
0.5514907836914062 219
0.5560140609741211 221
0.5596041679382324 223
0.5633471012115479 225
0.5678668022155762 226
0.5734941959381104 230
0.5781044960021973 232
0.5817611217498779 233
0.5861396789550781 236
0.5897088050842285 236
0.5955245494842529 239
0.5994958877563477 241
0.6032042503356934 243
0.6088290214538574 246
0.612612247467041 248
0.61690354347229 249
0.6227188110351562 252
0.627328634262085 254
0.6308450698852539 256
0.6353569030761719 258
0.638883113861084 259
0.6454870700836182 262
0.6492643356323242 264
0.6528279781341553 266
0.6574370861053467 268
0.6631333827972412 270
0.667865514755249 272
0.6714367866516113 274
0.6760222911834717 276
0.6796097755432129 278
0.6854305267333984 280
0.689223051071167 282
0.6927170753479004 284
0.6992568969726562 286
0.7028286457061768 288
0.7074072360992432 290
0.7111499309539795 292
0.715411901473999 294
0.7211568355560303 296
0.7254941463470459 298
0.729466438293457 300
0.7331786155700684 302
0.7376301288604736 304
0.7433452606201172 306
0.747870922088623 308
0.7514402866363525 310
0.7558972835540771 312
0.7594976425170898 314
0.7652745246887207 316
0.7688755989074707 318
0.7726504802703857 320
0.7791814804077148 323
0.7827730178833008 325
0.7877748012542725 326
0.79134202003479 328
0.7956132888793945 330
0.8014781475067139 333
0.805964469909668 335
0.8095498085021973 336
0.8136501312255859 339
0.8181631565093994 342
0.8237872123718262 344
0.8283040523529053 346
0.8323993682861328 348
0.8367207050323486 349
0.8402416706085205 352
0.8471970558166504 354
0.8506453037261963 356
0.8546361923217773 358
0.8588809967041016 359
0.8626468181610107 363
0.8717918395996094 365
0.8765416145324707 367
0.8823013305664062 370
0.8867812156677246 372
0.8903348445892334 374
0.894089937210083 376
0.898695707321167 377
0.9052035808563232 380
0.9091849327087402 382
0.9126944541931152 384
0.9173486232757568 386
0.9208648204803467 387
0.9267208576202393 390
0.930243730545044 392
0.933964729309082 394
0.940284252166748 396
0.9440507888793945 398
0.9485070705413818 400
0.9522523880004883 402
0.9565458297729492 405
0.9623527526855469 406
0.9667885303497314 408
0.9703750610351562 410
0.9741039276123047 412
0.9785761833190918 414
0.9845576286315918 416
0.988818883895874 418
0.9925849437713623 420
0.9971635341644287 422
