0 0 
0.0022106170654296875 0
0.00824737548828125 0
0.01175832748413086 0
0.015448808670043945 0
0.01997995376586914 1
0.02559828758239746 2
0.030143022537231445 3
0.033791542053222656 4
0.038297414779663086 6
0.04188275337219238 6
0.047683000564575195 8
0.05149555206298828 10
0.05521726608276367 12
0.060877323150634766 14
0.06465959548950195 16
0.07119441032409668 19
0.07486462593078613 21
0.07965421676635742 23
0.08330154418945312 25
0.08759093284606934 27
0.0933988094329834 30
0.09788918495178223 33
0.10149574279785156 35
0.10523128509521484 38
0.10970544815063477 40
0.11549878120422363 45
0.12024307250976562 48
0.1239473819732666 49
0.12831473350524902 53
0.13190531730651855 54
0.13797807693481445 58
0.14158010482788086 61
0.14591336250305176 65
0.15230345726013184 69
0.15610837936401367 72
0.16068625450134277 75
0.1644449234008789 78
0.16880321502685547 80
0.17458891868591309 85
0.1793503761291504 88
0.18285465240478516 90
0.1873316764831543 94
0.1908721923828125 96
0.19748139381408691 101
0.20128798484802246 104
0.20481657981872559 107
0.20946502685546875 110
0.2132275104522705 113
0.21885442733764648 117
0.22242474555969238 120
0.22621941566467285 125
0.23264741897583008 128
0.23661518096923828 131
0.24090909957885742 134
0.24467921257019043 137
0.2515079975128174 142
0.25533318519592285 144
0.2598581314086914 148
0.26349830627441406 151
0.2679755687713623 154
0.2736070156097412 158
0.27814769744873047 163
0.2817528247833252 164
0.2855112552642822 169
0.2899906635284424 171
0.2956352233886719 177
0.3003201484680176 180
0.30411267280578613 183
0.30843520164489746 186
0.31209349632263184 190
0.318148136138916 194
0.32172107696533203 196
0.3255770206451416 200
0.332012414932251 205
0.33577919006347656 208
0.3403029441833496 211
0.34406447410583496 213
0.34839582443237305 218
0.354189395904541 224
0.36239171028137207 228
0.3661916255950928 232
0.3708188533782959 235
0.37456274032592773 240
0.38071298599243164 242
0.38446521759033203 246
0.3889455795288086 250
0.3947935104370117 254
0.39936256408691406 257
0.40293288230895996 260
0.4074549674987793 263
0.4132544994354248 268
0.41759824752807617 271
0.42157459259033203 274
0.42536044120788574 277
0.4298415184020996 280
0.4354438781738281 285
0.4399607181549072 288
0.4435153007507324 291
0.4480001926422119 294
0.45159411430358887 298
0.4574246406555176 302
0.46120119094848633 306
0.4647197723388672 309
0.471285343170166 314
0.4748654365539551 316
0.47977447509765625 320
0.48345065116882324 323
0.4879186153411865 326
0.4935898780822754 331
0.49809789657592773 334
0.5017473697662354 337
0.505518913269043 342
0.5101883411407471 345
0.5158352851867676 350
0.520362377166748 353
0.5240886211395264 354
0.5284135341644287 359
0.5319712162017822 362
0.5381717681884766 367
0.5417802333831787 369
0.5455183982849121 374
0.5518927574157715 376
0.5556821823120117 381
0.5601744651794434 384
0.5638236999511719 386
0.5681872367858887 392
0.5740518569946289 394
0.5783896446228027 399
0.5819315910339355 402
0.5856819152832031 405
0.5901565551757812 410
0.5957870483398438 413
0.6004559993743896 416
0.6041748523712158 419
0.6084423065185547 422
0.6120030879974365 427
0.6185753345489502 430
0.6221165657043457 434
0.6258695125579834 437
0.6303598880767822 440
0.6340789794921875 442
0.6401393413543701 448
0.643805742263794 449
0.6481997966766357 456
0.6539361476898193 457
0.6584947109222412 462
0.6620767116546631 465
0.665844202041626 468
0.6722900867462158 473
0.6760509014129639 476
0.6805169582366943 479
0.6842701435089111 482
0.6886084079742432 486
0.694373607635498 490
0.6986608505249023 494
0.7022402286529541 497
0.7060079574584961 500
0.7104737758636475 503
0.716102123260498 508
0.7207257747650146 511
0.7244706153869629 514
0.7287921905517578 517
0.7323365211486816 520
0.7383987903594971 525
0.7419419288635254 528
0.7457053661346436 532
0.7520484924316406 536
0.7604026794433594 542
0.7641522884368896 546
0.7686972618103027 549
0.7722842693328857 554
0.7793612480163574 557
0.7828667163848877 560
0.7874727249145508 563
0.7913985252380371 566
0.7949175834655762 571
0.8008215427398682 574
0.8045530319213867 578
0.8088545799255371 582
0.8146889209747314 585
0.8192570209503174 588
0.8226945400238037 592
0.8266823291778564 595
0.8307986259460449 600
0.8373355865478516 603
0.8412802219390869 606
0.8447921276092529 609
0.8493449687957764 612
0.8528461456298828 617
0.8596458435058594 620
0.8632841110229492 623
0.8675875663757324 626
0.8714346885681152 630
0.8749294281005859 634
0.8807947635650635 638
0.8845465183258057 641
0.888861894607544 646
0.8946671485900879 648
0.8994057178497314 652
0.9029228687286377 655
0.9074208736419678 658
0.9133791923522949 663
0.9178798198699951 666
0.9214651584625244 669
0.924957275390625 672
0.9296386241912842 676
0.935344934463501 680
0.9398460388183594 684
0.9434213638305664 686
0.9479343891143799 690
0.9515280723571777 693
0.9582638740539551 699
0.9618699550628662 701
0.9656264781951904 706
0.9701118469238281 709
0.9738180637359619 710
0.9797797203063965 715
0.9833629131317139 718
0.9876575469970703 721
0.9935300350189209 726
0.9980182647705078 729
