0 0 
0.002578258514404297 0
0.008372306823730469 0
0.012057065963745117 0
0.01645183563232422 -1
0.020087003707885742 -1
0.02639174461364746 -2
0.02996087074279785 -2
0.033710479736328125 -3
0.04035449028015137 -4
0.04413962364196777 -5
0.0486292839050293 -6
0.05238962173461914 -7
0.05669546127319336 -8
0.06250619888305664 -9
0.06685733795166016 -10
0.07042551040649414 -12
0.07461118698120117 -12
0.07872891426086426 -14
0.08531022071838379 -16
0.0892949104309082 -17
0.09286141395568848 -18
0.0974576473236084 -20
0.10606074333190918 -24
0.10972881317138672 -24
0.11555242538452148 -26
0.11965227127075195 -28
0.12342333793640137 -29
0.12997150421142578 -32
0.13377833366394043 -34
0.13823819160461426 -36
0.1419377326965332 -36
0.14647889137268066 -39
0.15235590934753418 -41
0.15666985511779785 -43
0.16023683547973633 -44
0.16409754753112793 -46
0.16873860359191895 -48
0.1753063201904297 -50
0.17890286445617676 -52
0.18266963958740234 -54
0.18727326393127441 -55
0.19073128700256348 -57
0.19664573669433594 -60
0.20019245147705078 -61
0.20395946502685547 -64
0.20987606048583984 -64
0.21372127532958984 -67
0.21821975708007812 -70
0.22389984130859375 -72
0.2283797264099121 -73
0.23213529586791992 -75
0.23646283149719238 -77
0.2400655746459961 -79
0.24666857719421387 -81
0.2502410411834717 -83
0.25399160385131836 -84
0.2584855556488037 -86
0.26223325729370117 -89
0.26832079887390137 -90
0.27208781242370605 -92
0.27643728256225586 -95
0.2823011875152588 -97
0.2866237163543701 -98
0.2901592254638672 -100
0.2939448356628418 -102
0.3004934787750244 -104
0.3046603202819824 -106
0.3087649345397949 -108
0.3125267028808594 -110
0.3168318271636963 -112
0.3226613998413086 -114
0.32744550704956055 -116
0.3312504291534424 -118
0.3355536460876465 -120
0.3393576145172119 -122
0.34600067138671875 -124
0.3495965003967285 -126
0.35338449478149414 -128
0.3578646183013916 -129
0.36147403717041016 -131
0.36736130714416504 -134
0.37088441848754883 -136
0.3753688335418701 -137
0.38132262229919434 -140
0.38562750816345215 -142
0.38957953453063965 -144
0.39336204528808594 -145
0.39786839485168457 -147
0.40361547470092773 -150
0.40813612937927246 -152
0.4118344783782959 -153
0.4168126583099365 -156
0.42038869857788086 -158
0.4273853302001953 -160
0.43091368675231934 -162
0.4354264736175537 -164
0.43924403190612793 -166
0.44277310371398926 -168
0.44879698753356934 -170
0.45255422592163086 -172
0.4568641185760498 -174
0.4626927375793457 -176
0.4672856330871582 -178
0.4708116054534912 -180
0.4752988815307617 -182
0.481187105178833 -184
0.4855501651763916 -186
0.4893615245819092 -188
0.49290013313293457 -190
0.4976232051849365 -191
0.5076515674591064 -196
0.5113694667816162 -198
0.5156848430633545 -199
0.5196676254272461 -201
0.5264327526092529 -204
0.5300159454345703 -206
0.5337653160095215 -208
0.5382452011108398 -210
0.541935920715332 -211
0.5478613376617432 -213
0.5514421463012695 -215
0.5573232173919678 -218
0.5609304904937744 -220
0.5654594898223877 -221
0.5714244842529297 -224
0.5759398937225342 -226
0.5796267986297607 -228
0.5833935737609863 -229
0.5878872871398926 -231
0.5935430526733398 -234
0.5981264114379883 -236
0.6017928123474121 -237
0.6062195301055908 -240
0.6097753047943115 -241
0.615631103515625 -244
0.6194324493408203 -245
0.6229288578033447 -247
0.6283507347106934 -250
0.6321091651916504 -251
0.6380159854888916 -253
0.6416079998016357 -255
0.6460962295532227 -257
0.651885986328125 -259
0.6562850475311279 -262
0.6599154472351074 -263
0.6636795997619629 -266
0.6681487560272217 -268
0.6737909317016602 -270
0.6783909797668457 -272
0.6821749210357666 -274
0.6866424083709717 -275
0.6901919841766357 -278
0.6968097686767578 -280
0.700401782989502 -282
0.704139232635498 -283
0.7086081504821777 -285
0.712371826171875 -288
0.7182354927062988 -290
0.7219281196594238 -290
0.7282810211181641 -294
0.7320857048034668 -295
0.7365963459014893 -297
0.7401502132415771 -299
0.743910551071167 -301
0.7504222393035889 -304
0.7541828155517578 -305
0.758704423904419 -307
0.7624378204345703 -309
0.7667348384857178 -311
0.7725369930267334 -313
0.776867151260376 -315
0.7804243564605713 -317
0.7841761112213135 -319
0.7888147830963135 -320
0.7954301834106445 -323
0.799243688583374 -325
0.8027663230895996 -326
0.8076009750366211 -328
0.8112332820892334 -330
0.8173060417175293 -333
0.8208520412445068 -334
0.8253214359283447 -336
0.831204891204834 -339
0.8354778289794922 -341
0.8392703533172607 -342
0.8427896499633789 -344
0.8474352359771729 -346
0.85325026512146 -349
0.857649564743042 -350
0.8612895011901855 -352
0.8655984401702881 -354
0.8715829849243164 -357
0.8761606216430664 -360
0.8797199726104736 -360
0.8834903240203857 -362
0.8880138397216797 -364
0.893683671951294 -367
0.8981869220733643 -369
0.9018712043762207 -373
0.9097208976745605 -374
0.9135134220123291 -376
0.920184850692749 -379
0.9239606857299805 -381
0.9287412166595459 -382
0.9325132369995117 -384
0.9368250370025635 -386
0.9426310062408447 -389
0.9474015235900879 -390
0.9509396553039551 -392
0.9554505348205566 -394
0.9592933654785156 -396
0.9658825397491455 -398
0.969496488571167 -400
0.9732422828674316 -402
0.9776897430419922 -404
0.9813523292541504 -406
0.9874532222747803 -408
0.9911763668060303 -410
0.9954814910888672 -412
