0 0 
0.0025904178619384766 0
0.008543252944946289 0
0.012226343154907227 0
0.016726970672607422 1
0.02032184600830078 1
0.026367902755737305 2
0.02993297576904297 2
0.03365921974182129 3
0.04005241394042969 4
0.04380059242248535 4
0.0482640266418457 5
0.0518801212310791 6
0.056243181228637695 7
0.061922311782836914 8
0.06633329391479492 10
0.0699162483215332 10
0.07375431060791016 12
0.07839703559875488 12
0.08400654792785645 14
0.08848166465759277 16
0.09222960472106934 17
0.09651708602905273 18
0.10007381439208984 19
0.10615849494934082 21
0.1097414493560791 22
0.11359643936157227 24
0.11988019943237305 25
0.1236259937286377 27
0.13181591033935547 29
0.13654541969299316 31
0.1401355266571045 33
0.14686346054077148 35
0.1504361629486084 36
0.15416979789733887 38
0.15882539749145508 39
0.16261959075927734 41
0.16849303245544434 43
0.17226672172546387 44
0.17853045463562012 46
0.1822831630706787 48
0.1866137981414795 50
0.19014811515808105 51
0.19389581680297852 52
0.20042109489440918 54
0.2041938304901123 56
0.20866966247558594 58
0.21250605583190918 59
0.21684813499450684 61
0.22266793251037598 63
0.2272329330444336 65
0.23052573204040527 66
0.23466873168945312 68
0.2387549877166748 69
0.24533438682556152 72
0.24890947341918945 73
0.2526838779449463 74
0.25739145278930664 76
0.2609100341796875 78
0.2669661045074463 80
0.2705078125 82
0.274216890335083 83
0.2808206081390381 86
0.2847287654876709 87
0.28883957862854004 88
0.292588472366333 90
0.29689812660217285 92
0.3027613162994385 94
0.30736804008483887 96
0.31087446212768555 97
0.3153493404388428 99
0.3213374614715576 101
0.32567930221557617 103
0.3295764923095703 104
0.3333737850189209 106
0.337876558303833 107
0.3435349464416504 110
0.34809350967407227 111
0.3516881465911865 113
0.3561851978302002 115
0.3597695827484131 116
0.3656501770019531 118
0.36945605278015137 120
0.37384533882141113 122
0.3785231113433838 125
0.384143590927124 126
0.388613224029541 128
0.39235615730285645 129
0.3968174457550049 131
0.40268754959106445 133
0.4072859287261963 135
0.41072511672973633 136
0.41473841667175293 138
0.41885900497436523 140
0.4255044460296631 142
0.4292755126953125 144
0.432788610458374 145
0.4375004768371582 147
0.44121575355529785 148
0.44685816764831543 150
0.450427770614624 152
0.45415401458740234 154
0.4606778621673584 156
0.46468639373779297 158
0.46877217292785645 159
0.4725203514099121 161
0.4768402576446533 162
0.48271656036376953 165
0.4873158931732178 166
0.4908254146575928 168
0.4947643280029297 170
0.49924373626708984 171
0.5056695938110352 174
0.5094354152679443 175
0.5129354000091553 176
0.5175082683563232 178
0.521249532699585 180
0.5272655487060547 182
0.5338134765625 185
0.5393667221069336 187
0.546074628829956 189
0.5496909618377686 191
0.5534420013427734 192
0.5582075119018555 195
0.5619010925292969 196
0.5678637027740479 198
0.5714221000671387 200
0.5778939723968506 202
0.5815033912658691 203
0.58595871925354 205
0.5895876884460449 206
0.5933592319488525 208
0.5997016429901123 210
0.6035165786743164 213
0.6080303192138672 214
0.611598014831543 215
0.6162195205688477 218
0.6219356060028076 219
0.6263182163238525 222
0.6299161911010742 222
0.6336722373962402 225
0.6381330490112305 226
0.6437697410583496 228
0.6482853889465332 230
0.651958703994751 231
0.656501054763794 233
0.6600759029388428 235
0.6661183834075928 236
0.6696925163269043 238
0.6735529899597168 240
0.6787106990814209 242
0.6824531555175781 244
0.6883206367492676 246
0.692061185836792 247
0.6963686943054199 250
0.702202558517456 252
0.7065057754516602 253
0.7100770473480225 255
0.7138252258300781 256
0.7182815074920654 258
0.7239363193511963 260
0.7289562225341797 262
0.7327282428741455 264
0.7376084327697754 265
0.7432665824890137 267
0.7478165626525879 269
0.7513740062713623 270
0.7556533813476562 272
0.7594621181488037 274
0.7629489898681641 276
0.7688257694244385 278
0.7725727558135986 279
0.7787895202636719 282
0.7825484275817871 283
0.7873616218566895 285
0.7908754348754883 286
0.795360803604126 288
0.8013777732849121 290
0.8064556121826172 292
0.8100197315216064 294
0.8137736320495605 296
0.818244457244873 298
0.8239047527313232 300
0.8284049034118652 301
0.8321316242218018 303
0.8364403247833252 304
0.8399794101715088 307
0.8465135097503662 308
0.8500685691833496 310
0.8538670539855957 312
0.8585348129272461 313
0.8622915744781494 316
0.868140697479248 317
0.8717939853668213 318
0.8762109279632568 321
0.881964921951294 322
0.8863372802734375 324
0.8899292945861816 326
0.8936920166015625 327
0.9000341892242432 330
0.9037973880767822 331
0.9082927703857422 333
0.9121439456939697 334
0.9166405200958252 336
0.9224166870117188 338
0.9267427921295166 340
0.9302852153778076 343
0.9385712146759033 344
0.9422953128814697 347
0.9482922554016113 348
0.9519603252410889 349
0.9564676284790039 352
0.9622981548309326 354
0.9666290283203125 356
0.9701755046844482 357
0.9739208221435547 359
0.9785664081573486 361
0.9841868877410889 363
0.9886612892150879 364
0.9924132823944092 366
0.9967377185821533 368
