0 0 
0.0023648738861083984 0
0.008179664611816406 0
0.01190328598022461 0
0.015390157699584961 -1
0.020131349563598633 -1
0.025893211364746094 -2
0.03073573112487793 -3
0.03430676460266113 -4
0.038858890533447266 -5
0.042435407638549805 -6
0.04826664924621582 -8
0.05205273628234863 -9
0.05554533004760742 -10
0.061415910720825195 -12
0.06518077850341797 -14
0.06945943832397461 -16
0.07529592514038086 -18
0.07962679862976074 -20
0.08330893516540527 -21
0.08729863166809082 -23
0.09155011177062988 -26
0.09815764427185059 -28
0.1019740104675293 -30
0.10548210144042969 -32
0.11013031005859375 -34
0.11598014831542969 -37
0.12049603462219238 -39
0.12407422065734863 -41
0.1283435821533203 -43
0.13219642639160156 -45
0.13738584518432617 -49
0.14153766632080078 -51
0.14530229568481445 -53
0.15204143524169922 -56
0.1555943489074707 -58
0.16045022010803223 -61
0.16402673721313477 -63
0.16829514503479004 -66
0.17409253120422363 -69
0.17923259735107422 -72
0.18278789520263672 -75
0.1865379810333252 -77
0.19119620323181152 -80
0.19684791564941406 -83
0.20134830474853516 -86
0.2050938606262207 -88
0.20963001251220703 -90
0.21317005157470703 -93
0.21927690505981445 -96
0.22283124923706055 -99
0.22656726837158203 -101
0.23290562629699707 -105
0.236663818359375 -108
0.2411186695098877 -110
0.24488472938537598 -112
0.2492213249206543 -115
0.25502467155456543 -118
0.25933146476745605 -121
0.26296329498291016 -123
0.26673007011413574 -126
0.2713806629180908 -130
0.2779810428619385 -132
0.2815284729003906 -134
0.2852904796600342 -137
0.2895684242248535 -140
0.293121337890625 -143
0.2999696731567383 -146
0.30349111557006836 -148
0.30797696113586426 -150
0.3115262985229492 -153
0.31529903411865234 -157
0.32134246826171875 -159
0.33029603958129883 -164
0.33600759506225586 -168
0.3407175540924072 -170
0.3443155288696289 -173
0.34897756576538086 -177
0.3525691032409668 -179
0.35865235328674316 -182
0.36223649978637695 -184
0.3660092353820801 -187
0.3723740577697754 -190
0.3761718273162842 -194
0.3807048797607422 -196
0.38431334495544434 -198
0.3889768123626709 -202
0.39479804039001465 -206
0.3991086483001709 -208
0.4027721881866455 -210
0.406552791595459 -213
0.411008358001709 -216
0.416623592376709 -219
0.42112135887145996 -222
0.42490530014038086 -224
0.4292116165161133 -227
0.4327716827392578 -230
0.43934011459350586 -233
0.4429168701171875 -236
0.44670748710632324 -238
0.45136141777038574 -241
0.45510125160217285 -244
0.46098804473876953 -247
0.4647393226623535 -248
0.4690835475921631 -253
0.474956750869751 -256
0.4792599678039551 -258
0.4829123020172119 -261
0.4866611957550049 -263
0.491119384765625 -267
0.49677515029907227 -270
0.5012679100036621 -272
0.5050351619720459 -274
0.5095005035400391 -277
0.5130565166473389 -281
0.5198974609375 -284
0.5233612060546875 -286
0.5273697376251221 -288
0.5314805507659912 -291
0.5352497100830078 -295
0.5411200523376465 -297
0.5448789596557617 -300
0.5491559505462646 -304
0.554973840713501 -306
0.5592749118804932 -308
0.5628163814544678 -311
0.5665879249572754 -314
0.5713026523590088 -317
0.5773274898529053 -320
0.5815889835357666 -322
0.5853688716888428 -325
0.5899145603179932 -327
0.5933897495269775 -331
0.6001396179199219 -334
0.6038599014282227 -336
0.6081299781799316 -339
0.6119308471679688 -341
0.615454912185669 -345
0.6213414669036865 -348
0.6250936985015869 -350
0.6304490566253662 -352
0.6340742111206055 -355
0.639939546585083 -359
0.6433706283569336 -361
0.6473689079284668 -364
0.6535611152648926 -368
0.6580870151519775 -370
0.6616213321685791 -372
0.6653964519500732 -375
0.6700615882873535 -378
0.6756229400634766 -381
0.6803338527679443 -384
0.6839790344238281 -386
0.6882455348968506 -389
0.6921999454498291 -391
0.6988070011138916 -396
0.7023756504058838 -398
0.7061378955841064 -400
0.7108252048492432 -404
0.7144839763641357 -405
0.7204484939575195 -409
0.7267460823059082 -414
0.7343263626098633 -418
0.7390522956848145 -422
0.742609977722168 -424
0.746347188949585 -426
0.7510795593261719 -429
0.7567284107208252 -433
0.7612264156341553 -435
0.7650020122528076 -438
0.7693076133728027 -440
0.7728555202484131 -443
0.7789046764373779 -446
0.7824945449829102 -448
0.7863938808441162 -452
0.7928025722503662 -455
0.7965960502624512 -458
0.8010885715484619 -460
0.8048291206359863 -463
0.8092646598815918 -465
0.81504225730896 -469
0.8193387985229492 -472
0.8229491710662842 -474
0.8266868591308594 -477
0.8311491012573242 -479
0.836784839630127 -483
0.841418981552124 -486
0.8451590538024902 -488
0.849454402923584 -490
0.853022575378418 -493
0.859055757522583 -497
0.8626222610473633 -499
0.8663780689239502 -502
0.8722872734069824 -504
0.8760535717010498 -507
0.8805668354034424 -509
0.8862247467041016 -514
0.8907489776611328 -516
0.8944392204284668 -518
0.8988611698150635 -522
0.9024250507354736 -523
0.9090147018432617 -528
0.9126811027526855 -530
0.9164564609527588 -533
0.9209284782409668 -536
0.9245996475219727 -537
0.9301278591156006 -540
0.9336292743682861 -543
0.9381375312805176 -546
0.94211745262146 -548
0.9456174373626709 -550
0.9502890110015869 -553
0.9539504051208496 -556
0.9591929912567139 -559
0.9627676010131836 -562
0.9665138721466064 -564
0.9712026119232178 -567
0.9749524593353271 -569
0.9792661666870117 -572
0.9828283786773682 -574
0.9865760803222656 -577
0.9912052154541016 -580
0.9949557781219482 -582
0.9992938041687012 -584
