0 0 
0.002576112747192383 0
0.008333444595336914 0
0.011815547943115234 0
0.01644134521484375 1
0.020075321197509766 1
0.025860071182250977 2
0.029819965362548828 3
0.03329348564147949 3
0.0399630069732666 5
0.04370379447937012 6
0.04815554618835449 7
0.05170106887817383 9
0.05596041679382324 10
0.06183314323425293 12
0.06629109382629395 14
0.06988358497619629 15
0.07369756698608398 17
0.07837724685668945 19
0.08405685424804688 23
0.0885465145111084 25
0.0921621322631836 25
0.09653353691101074 28
0.10010337829589844 29
0.10664868354797363 33
0.11023354530334473 34
0.11411523818969727 37
0.11857795715332031 40
0.12224912643432617 41
0.1282050609588623 44
0.13178706169128418 46
0.1375727653503418 49
0.14108943939208984 52
0.14564728736877441 54
0.14920902252197266 57
0.15578150749206543 60
0.15982580184936523 62
0.1635754108428955 65
0.16799139976501465 67
0.17372965812683105 71
0.17828750610351562 73
0.18186163902282715 75
0.18636202812194824 78
0.18996548652648926 80
0.19857478141784668 88
0.20426368713378906 90
0.20887136459350586 93
0.2126471996307373 95
0.21711063385009766 98
0.22065424919128418 101
0.2277050018310547 104
0.2311851978302002 106
0.23563694953918457 109
0.2391963005065918 111
0.24293851852416992 115
0.24876976013183594 118
0.25252485275268555 120
0.2570314407348633 124
0.2628777027130127 127
0.267242431640625 129
0.2708122730255127 132
0.27456068992614746 134
0.27903151512145996 138
0.28562259674072266 141
0.2895991802215576 143
0.29311203956604004 146
0.2976834774017334 149
0.3011765480041504 152
0.3079390525817871 155
0.31156349182128906 157
0.3158879280090332 160
0.319866418838501 163
0.32503199577331543 167
0.3292531967163086 169
0.3330411911010742 172
0.3395802974700928 175
0.34319090843200684 178
0.34779787063598633 181
0.3515293598175049 183
0.35579705238342285 186
0.3615882396697998 190
0.3659346103668213 193
0.36972975730895996 195
0.3732776641845703 197
0.3781881332397461 200
0.38383054733276367 205
0.38838934898376465 207
0.3919796943664551 209
0.396481990814209 213
0.4001429080963135 215
0.4060084819793701 219
0.4098086357116699 221
0.4135420322418213 223
0.4186875820159912 227
0.4224271774291992 229
0.42827820777893066 233
0.43190670013427734 235
0.4365572929382324 241
0.4424302577972412 242
0.44676756858825684 245
0.45033907890319824 248
0.4540839195251465 251
0.45856595039367676 255
0.4642307758331299 257
0.4686770439147949 260
0.47241830825805664 261
0.47673535346984863 265
0.48039817810058594 269
0.4870264530181885 272
0.4906191825866699 274
0.4943406581878662 277
0.4989628791809082 279
0.5027060508728027 283
0.5085318088531494 286
0.512169361114502 287
0.5165669918060303 293
0.5223941802978516 294
0.5267031192779541 298
0.5302538871765137 299
0.5340664386749268 303
0.5385158061981201 307
0.5441482067108154 309
0.5487971305847168 312
0.5525417327880859 315
0.5569586753845215 317
0.5627140998840332 321
0.5669960975646973 324
0.5706119537353516 327
0.5743346214294434 329
0.5788004398345947 332
0.5844318866729736 335
0.588892936706543 338
0.5926101207733154 343
0.6005198955535889 346
0.6042747497558594 349
0.6107861995697021 353
0.6145610809326172 355
0.6195871829986572 358
0.6230871677398682 360
0.6277997493743896 363
0.6335644721984863 367
0.6380305290222168 369
0.6416513919830322 372
0.6459167003631592 375
0.6517429351806641 379
0.6562364101409912 381
0.6598696708679199 384
0.6635997295379639 386
0.668004035949707 389
0.6737842559814453 393
0.6785128116607666 397
0.6821651458740234 398
0.6871621608734131 402
0.6907219886779785 405
0.6967442035675049 409
0.7002854347229004 411
0.7040266990661621 413
0.7103610038757324 417
0.714116096496582 420
0.7186024188995361 423
0.7222623825073242 424
0.7266397476196289 428
0.7324371337890625 432
0.7369356155395508 435
0.7404732704162598 437
0.7442164421081543 440
0.7486996650695801 442
0.7543127536773682 446
0.7587878704071045 449
0.7625272274017334 451
0.7667980194091797 454
0.7703714370727539 457
0.7764303684234619 461
0.7800195217132568 462
0.7838945388793945 466
0.7902662754058838 470
0.7940266132354736 472
0.7986583709716797 475
0.8024036884307861 476
0.8069076538085938 480
0.8126966953277588 484
0.8170201778411865 487
0.8205814361572266 489
0.8243277072906494 492
0.828789472579956 496
0.8344323635101318 499
0.8389012813568115 501
0.8426475524902344 504
0.8469831943511963 506
0.8505339622497559 510
0.8572442531585693 513
0.8607923984527588 515
0.8645262718200684 518
0.8690187931060791 521
0.8727514743804932 525
0.8785889148712158 527
0.8822708129882812 529
0.8866395950317383 533
0.8924758434295654 536
0.8967797756195068 539
0.9003345966339111 541
0.9040873050689697 544
0.9086627960205078 548
0.914301872253418 551
0.9189364910125732 553
0.9226953983306885 556
0.9270200729370117 559
0.9328312873840332 562
0.9375498294830322 565
0.9409902095794678 567
0.9445743560791016 570
0.9490306377410889 573
0.9550735950469971 577
0.9591383934020996 579
0.9628989696502686 582
0.9671890735626221 585
0.9707241058349609 587
0.9769232273101807 591
0.9805099964141846 593
0.9842326641082764 596
0.9905600547790527 600
0.9943356513977051 604
