0 0 
0.0033960342407226562 0
0.006882190704345703 0
0.01130223274230957 0
0.016326904296875 0
0.021515846252441406 0
0.025307655334472656 -1
0.028832435607910156 -1
0.0346987247467041 -2
0.038510799407958984 -2
0.04532575607299805 -3
0.0488739013671875 -4
0.05352902412414551 -5
0.05716586112976074 -5
0.06142687797546387 -6
0.06721854209899902 -7
0.07154059410095215 -8
0.0754098892211914 -9
0.07891559600830078 -10
0.08360624313354492 -11
0.08933138847351074 -13
0.09404397010803223 -14
0.09762406349182129 -15
0.1022956371307373 -16
0.10586786270141602 -17
0.11190032958984375 -19
0.11557817459106445 -20
0.11932659149169922 -21
0.1256701946258545 -23
0.12944340705871582 -25
0.13400650024414062 -25
0.13759374618530273 -26
0.1421186923980713 -29
0.14789724349975586 -29
0.1522979736328125 -31
0.15586638450622559 -33
0.1596839427947998 -34
0.1643810272216797 -36
0.17002081871032715 -37
0.1745014190673828 -38
0.1782228946685791 -39
0.1825704574584961 -41
0.18610286712646484 -43
0.19269514083862305 -44
0.1962580680847168 -45
0.2000269889831543 -47
0.20449495315551758 -48
0.20832371711730957 -50
0.21418428421020508 -51
0.21786808967590332 -52
0.22249054908752441 -55
0.2283320426940918 -56
0.23621916770935059 -59
0.2400045394897461 -60
0.24463748931884766 -61
0.24843525886535645 -63
0.25445032119750977 -65
0.25820183753967285 -66
0.2633953094482422 -67
0.2671656608581543 -69
0.27274155616760254 -71
0.276334285736084 -72
0.280078649520874 -73
0.28679537773132324 -75
0.2912719249725342 -77
0.2948172092437744 -78
0.2985537052154541 -79
0.30284857749938965 -81
0.3087038993835449 -83
0.31330251693725586 -84
0.3168306350708008 -85
0.32125258445739746 -87
0.32480478286743164 -88
0.33150482177734375 -90
0.3353114128112793 -92
0.3388330936431885 -93
0.3437356948852539 -94
0.3473196029663086 -96
0.3533642292022705 -98
0.3568558692932129 -99
0.3613767623901367 -101
0.36727285385131836 -103
0.37157726287841797 -104
0.3753693103790283 -105
0.37886738777160645 -107
0.38550329208374023 -109
0.3893110752105713 -110
0.3938405513763428 -111
0.3974285125732422 -113
0.4022562503814697 -115
0.40810275077819824 -117
0.41242003440856934 -118
0.4160144329071045 -119
0.41982340812683105 -121
0.4242889881134033 -122
0.42992353439331055 -124
0.4344046115875244 -125
0.4381566047668457 -127
0.4424600601196289 -128
0.44603443145751953 -129
0.45211267471313477 -132
0.4556760787963867 -132
0.45941925048828125 -134
0.4653303623199463 -136
0.46886610984802246 -138
0.47418856620788574 -140
0.4798617362976074 -141
0.48458099365234375 -143
0.4883387088775635 -144
0.4926297664642334 -145
0.49620652198791504 -147
0.5027921199798584 -149
0.5063431262969971 -150
0.5101234912872314 -151
0.5146303176879883 -153
0.5183911323547363 -155
0.5244424343109131 -156
0.528209924697876 -157
0.532529354095459 -159
0.5383782386779785 -161
0.5426933765411377 -162
0.5462470054626465 -163
0.5499975681304932 -165
0.5563809871673584 -167
0.560133695602417 -168
0.5646481513977051 -170
0.5683960914611816 -171
0.5727870464324951 -173
0.5785732269287109 -175
0.5833218097686768 -176
0.5868716239929199 -177
0.5913746356964111 -179
0.5949134826660156 -180
0.6015610694885254 -182
0.6053662300109863 -183
0.6088747978210449 -185
0.6138081550598145 -186
0.6174283027648926 -187
0.6233854293823242 -189
0.6269116401672363 -191
0.6314220428466797 -194
0.6401455402374268 -195
0.6449000835418701 -197
0.6486856937408447 -198
0.6538205146789551 -199
0.6594815254211426 -202
0.664135217666626 -204
0.6677675247192383 -204
0.6722202301025391 -207
0.6758978366851807 -209
0.682488203048706 -210
0.6860482692718506 -211
0.6898396015167236 -213
0.6943192481994629 -214
0.698084831237793 -215
0.7041079998016357 -217
0.7078022956848145 -218
0.7122111320495605 -221
0.7180616855621338 -222
0.7223899364471436 -223
0.7260010242462158 -225
0.7297661304473877 -226
0.736140251159668 -228
0.7399156093597412 -229
0.7445657253265381 -231
0.7483141422271729 -232
0.752622127532959 -233
0.7584452629089355 -236
0.763160228729248 -237
0.7666339874267578 -239
0.770641565322876 -240
0.7747282981872559 -241
0.7812676429748535 -243
0.7848231792449951 -245
0.7887001037597656 -246
0.7933037281036377 -247
0.7968509197235107 -249
0.8027172088623047 -251
0.8062541484832764 -252
0.8100216388702393 -253
0.8164231777191162 -255
0.820587158203125 -257
0.8248682022094727 -258
0.8286247253417969 -259
0.8332035541534424 -261
0.8387823104858398 -263
0.8434116840362549 -264
0.8471434116363525 -265
0.8514370918273926 -267
0.8552384376525879 -268
0.8618526458740234 -270
0.8654685020446777 -271
0.8692100048065186 -273
0.8739056587219238 -275
0.8774905204772949 -276
0.8836495876312256 -278
0.8873007297515869 -279
0.8916099071502686 -281
0.8975231647491455 -283
0.9020249843597412 -284
0.905616044998169 -285
0.9093544483184814 -287
0.9140348434448242 -288
0.9196984767913818 -291
0.9241852760314941 -292
0.9278707504272461 -293
0.9322524070739746 -295
0.9380819797515869 -297
0.9425754547119141 -298
0.9461326599121094 -299
0.9498932361602783 -301
0.9544095993041992 -302
0.9600718021392822 -304
0.964545726776123 -306
0.9683103561401367 -307
0.9726047515869141 -309
0.976154088973999 -310
0.9821715354919434 -312
0.9857287406921387 -313
0.9894821643829346 -315
0.9958577156066895 -317
0.9996933937072754 -318
