0 0 
0.0024056434631347656 0
0.007065296173095703 0
0.012045860290527344 0
0.01649641990661621 0
0.02006983757019043 0
0.024698257446289062 1
0.030344486236572266 1
0.0347747802734375 2
0.038359880447387695 2
0.04210710525512695 2
0.04661679267883301 2
0.05707073211669922 4
0.06079864501953125 4
0.06537175178527832 5
0.06889915466308594 6
0.07265734672546387 6
0.07977628707885742 7
0.08411097526550293 8
0.08805036544799805 8
0.09176898002624512 9
0.09616899490356445 9
0.10181593894958496 10
0.10637760162353516 11
0.10996699333190918 12
0.11457514762878418 12
0.11828994750976562 13
0.12486934661865234 14
0.12845659255981445 15
0.13224530220031738 16
0.13675975799560547 16
0.14044737815856934 17
0.14641261100769043 18
0.14998722076416016 19
0.1544511318206787 20
0.16014742851257324 20
0.16476917266845703 22
0.16836905479431152 22
0.17215180397033691 23
0.17683196067810059 24
0.1825110912322998 25
0.187025785446167 26
0.19077086448669434 26
0.19525575637817383 27
0.19884347915649414 28
0.2054142951965332 29
0.20897269248962402 30
0.21314406394958496 31
0.21730756759643555 32
0.22107219696044922 32
0.22696685791015625 33
0.23072433471679688 34
0.23660659790039062 35
0.24020600318908691 36
0.24472665786743164 37
0.25046300888061523 38
0.25490736961364746 39
0.258481502532959 40
0.26222848892211914 40
0.2667560577392578 41
0.2723808288574219 42
0.2769186496734619 43
0.28066349029541016 44
0.2850055694580078 44
0.28858518600463867 45
0.29484033584594727 46
0.2984590530395508 47
0.3022119998931885 48
0.3086106777191162 49
0.3123958110809326 50
0.3169059753417969 51
0.3206477165222168 52
0.3251323699951172 52
0.33099842071533203 54
0.3353722095489502 54
0.33891868591308594 55
0.3426663875579834 56
0.34715962409973145 57
0.3531808853149414 58
0.3574683666229248 59
0.36121225357055664 60
0.3658597469329834 60
0.3693711757659912 61
0.3760194778442383 62
0.3797135353088379 63
0.38399672508239746 64
0.3878021240234375 64
0.39134907722473145 66
0.3972177505493164 66
0.4010741710662842 67
0.4053678512573242 68
0.4112122058868408 69
0.4159681797027588 70
0.41948795318603516 71
0.4240105152130127 72
0.4298272132873535 73
0.43418073654174805 74
0.4379739761352539 74
0.44147515296936035 75
0.4461684226989746 76
0.45646190643310547 78
0.460115909576416 78
0.4647495746612549 80
0.4683253765106201 80
0.4720797538757324 81
0.47871851921081543 82
0.48249149322509766 83
0.4872429370880127 84
0.4910111427307129 85
0.4953272342681885 86
0.5011086463928223 87
0.5054442882537842 88
0.5090022087097168 88
0.5127265453338623 89
0.5172011852264404 90
0.5232136249542236 91
0.5273122787475586 92
0.5310630798339844 93
0.5357563495635986 94
0.5391912460327148 94
0.5451071262359619 96
0.5486531257629395 96
0.5524094104766846 97
0.5586588382720947 98
0.5624208450317383 99
0.5669407844543457 100
0.5706944465637207 100
0.575070858001709 102
0.5808687210083008 102
0.5862321853637695 103
0.5899231433868408 104
0.5946431159973145 105
0.6003899574279785 106
0.6048202514648438 107
0.608426570892334 108
0.6121859550476074 109
0.616663932800293 110
0.6223201751708984 111
0.6267964839935303 112
0.6304788589477539 112
0.6348779201507568 113
0.6384561061859131 114
0.6445002555847168 114
0.6480920314788818 115
0.6518900394439697 116
0.6570169925689697 117
0.6608004570007324 118
0.6667377948760986 119
0.6703877449035645 120
0.67647385597229 121
0.6800780296325684 122
0.686532735824585 123
0.6901040077209473 124
0.6946060657501221 124
0.6981971263885498 125
0.7019553184509277 126
0.7083160877227783 127
0.7121045589447021 128
0.7168595790863037 129
0.7206206321716309 130
0.7249636650085449 131
0.7307543754577637 132
0.735119104385376 133
0.7387125492095947 134
0.742457389831543 134
0.7469279766082764 135
0.7525434494018555 136
0.7570207118988037 137
0.7607946395874023 138
0.7651546001434326 138
0.7687053680419922 140
0.7753853797912598 140
0.7789525985717773 141
0.7827057838439941 142
0.7873144149780273 143
0.7910661697387695 144
0.7969992160797119 145
0.8007512092590332 146
0.8050498962402344 147
0.8108642101287842 148
0.8151967525482178 148
0.8187427520751953 149
0.8224954605102539 150
0.8270137310028076 151
0.8326501846313477 152
0.8372807502746582 153
0.8410491943359375 154
0.8457419872283936 154
0.8492004871368408 156
0.8597638607025146 157
0.8640644550323486 158
0.868018388748169 158
0.871751070022583 159
0.8774096965789795 160
0.881218671798706 161
0.8859426975250244 162
0.8914787769317627 163
0.8964056968688965 164
0.900010347366333 165
0.9044814109802246 166
0.9081141948699951 166
0.9146971702575684 168
0.9183769226074219 168
0.9221463203430176 170
0.926630973815918 170
0.9302074909210205 171
0.9362387657165527 172
0.9399013519287109 173
0.9453964233398438 174
0.9489929676055908 174
0.9527332782745361 175
0.9574637413024902 176
0.9640579223632812 177
0.968069314956665 178
0.9718115329742432 179
0.977440357208252 180
0.981212854385376 181
0.9877645969390869 182
0.99137282371521 183
0.9959931373596191 184
0.9995036125183105 184
