0 0 
0.0024290084838867188 0
0.007099628448486328 0
0.012068033218383789 0
0.01649022102355957 0
0.020096540451049805 1
0.02480292320251465 2
0.030485868453979492 2
0.03515815734863281 4
0.038756370544433594 5
0.042502403259277344 6
0.04696774482727051 8
0.052553653717041016 10
0.05704903602600098 11
0.06085538864135742 13
0.0653378963470459 14
0.06888651847839355 17
0.0755150318145752 18
0.07906222343444824 20
0.08320450782775879 22
0.08732080459594727 24
0.09111762046813965 27
0.09714818000793457 29
0.1008615493774414 31
0.10518813133239746 34
0.11099553108215332 36
0.1153719425201416 39
0.11895537376403809 41
0.1227266788482666 43
0.12718486785888672 46
0.13319063186645508 49
0.1373128890991211 51
0.14106345176696777 54
0.14537954330444336 56
0.15117859840393066 60
0.15595316886901855 62
0.1597602367401123 64
0.16406011581420898 67
0.1678614616394043 69
0.17447781562805176 73
0.17814135551452637 75
0.181929349899292 78
0.1864185333251953 80
0.18999695777893066 83
0.19615817070007324 86
0.19980740547180176 89
0.20409464836120605 92
0.21007156372070312 96
0.21475601196289062 99
0.21834802627563477 100
0.22213387489318848 104
0.2267165184020996 108
0.23235845565795898 111
0.23688912391662598 114
0.24065637588500977 115
0.24498939514160156 119
0.24857592582702637 123
0.25517988204956055 125
0.2587285041809082 128
0.26250600814819336 130
0.26700615882873535 133
0.2707695960998535 137
0.27679991722106934 140
0.28049755096435547 141
0.2848622798919678 146
0.2907223701477051 149
0.2950448989868164 152
0.2986321449279785 154
0.3024098873138428 157
0.308788537979126 161
0.312546968460083 164
0.3170125484466553 166
0.3207430839538574 169
0.3253159523010254 174
0.3352172374725342 178
0.33876752853393555 181
0.3424990177154541 185
0.34836387634277344 186
0.35214972496032715 190
0.35680508613586426 194
0.3624734878540039 197
0.36693739891052246 200
0.3706951141357422 202
0.37500476837158203 205
0.3786437511444092 209
0.38524842262268066 212
0.38883066177368164 214
0.39257192611694336 217
0.3972461223602295 220
0.40105271339416504 224
0.4069545269012451 226
0.4107048511505127 229
0.4150066375732422 233
0.4208552837371826 236
0.4251832962036133 238
0.42870569229125977 241
0.43247437477111816 244
0.43884921073913574 248
0.44263362884521484 250
0.4471404552459717 253
0.4508697986602783 256
0.4553654193878174 258
0.4611670970916748 262
0.46551060676574707 265
0.46906185150146484 268
0.47318363189697266 270
0.47731614112854004 273
0.4839601516723633 277
0.4875142574310303 280
0.4912698268890381 282
0.49586915969848633 285
0.49932050704956055 288
0.5052244663238525 292
0.5088000297546387 294
0.5125269889831543 298
0.5184361934661865 300
0.5222084522247314 304
0.5267012119293213 308
0.5323362350463867 310
0.5368742942810059 313
0.5406143665313721 314
0.5449275970458984 318
0.5484926700592041 323
0.5550460815429688 326
0.558617353439331 328
0.5623512268066406 331
0.5668036937713623 334
0.5706284046173096 335
0.5766654014587402 339
0.5802559852600098 342
0.5862705707550049 346
0.5899426937103271 348
0.59421706199646 351
0.5999979972839355 355
0.6051816940307617 359
0.6087229251861572 362
0.6124932765960693 364
0.6169826984405518 367
0.6225855350494385 371
0.6270623207092285 374
0.6308040618896484 376
0.6352708339691162 379
0.6388270854949951 383
0.6454141139984131 386
0.6489646434783936 388
0.6527137756347656 391
0.6573779582977295 394
0.6611123085021973 398
0.6669814586639404 401
0.6708724498748779 403
0.6751914024353027 407
0.6809775829315186 410
0.6852676868438721 413
0.6888272762298584 415
0.6925640106201172 418
0.6972150802612305 422
0.7032063007354736 425
0.7072842121124268 428
0.7110195159912109 430
0.7155120372772217 433
0.7190468311309814 437
0.7259111404418945 440
0.733867883682251 445
0.7377891540527344 448
0.7413055896759033 450
0.7471816539764404 454
0.7509162425994873 457
0.755481481552124 460
0.7612853050231934 464
0.7658565044403076 466
0.7692849636077881 469
0.7732648849487305 472
0.7773492336273193 474
0.783872127532959 478
0.7875359058380127 481
0.7913017272949219 484
0.7958495616912842 486
0.7992904186248779 489
0.8052048683166504 493
0.808746337890625 496
0.8125090599060059 499
0.8178558349609375 501
0.8213610649108887 506
0.8271985054016113 508
0.8309612274169922 511
0.8352489471435547 515
0.8410804271697998 518
0.8457832336425781 520
0.8492245674133301 523
0.8532161712646484 526
0.8572835922241211 530
0.8632910251617432 532
0.8673579692840576 535
0.871140718460083 538
0.8758468627929688 540
0.8792908191680908 544
0.8860034942626953 547
0.88950514793396 550
0.8939774036407471 552
0.8975088596343994 555
0.904151439666748 559
0.9079427719116211 562
0.9115347862243652 564
0.9162254333496094 567
0.9198875427246094 570
0.9255063533782959 574
0.9292285442352295 576
0.9332065582275391 579
0.9397873878479004 583
0.9440791606903076 586
0.9478592872619629 589
0.9513747692108154 591
0.9559855461120605 594
0.9615201950073242 598
0.9662213325500488 601
0.9698402881622314 604
0.9741373062133789 606
0.9781167507171631 609
0.9846935272216797 614
0.9882702827453613 616
0.9920444488525391 618
0.9967002868652344 622
