0 0 
0.0025641918182373047 0
0.008305788040161133 0
0.011914253234863281 0
0.01624608039855957 0
0.019865751266479492 0
0.02585315704345703 1
0.029436826705932617 1
0.03291916847229004 2
0.04253220558166504 3
0.048252105712890625 4
0.052095651626586914 5
0.05655860900878906 5
0.0600733757019043 6
0.06676483154296875 7
0.07028341293334961 8
0.07400250434875488 9
0.07855916023254395 10
0.08231687545776367 11
0.08816409111022949 12
0.09183311462402344 13
0.09665513038635254 14
0.10247945785522461 15
0.10681605339050293 17
0.11037731170654297 18
0.11411786079406738 19
0.11867761611938477 20
0.12524151802062988 21
0.12884140014648438 23
0.13262224197387695 24
0.1372060775756836 25
0.14063310623168945 26
0.1465756893157959 27
0.15010476112365723 29
0.15386343002319336 31
0.15976810455322266 31
0.16414856910705566 33
0.16869711875915527 35
0.17523980140686035 36
0.17922449111938477 37
0.18273520469665527 38
0.18730878829956055 39
0.1908097267150879 41
0.19761204719543457 42
0.20128250122070312 43
0.20557045936584473 45
0.20936322212219238 46
0.21291708946228027 48
0.21922945976257324 49
0.22277092933654785 51
0.22944211959838867 52
0.23324179649353027 53
0.2377612590789795 55
0.24135398864746094 56
0.24563884735107422 57
0.2514786720275879 59
0.2560243606567383 60
0.2596132755279541 61
0.2633633613586426 63
0.2678983211517334 64
0.27353787422180176 67
0.27823400497436523 68
0.28204798698425293 68
0.28639912605285645 70
0.2899906635284424 72
0.29657554626464844 73
0.30014753341674805 75
0.303882360458374 76
0.30849456787109375 77
0.31227827072143555 79
0.3181416988372803 80
0.32178378105163574 81
0.3261873722076416 83
0.3320963382720947 85
0.3365452289581299 86
0.34012579917907715 87
0.3438858985900879 88
0.3483405113220215 90
0.35395312309265137 91
0.35841917991638184 93
0.3621795177459717 94
0.36644434928894043 95
0.37006211280822754 97
0.3766460418701172 99
0.3802168369293213 100
0.38396382331848145 101
0.38843584060668945 102
0.3922264575958252 104
0.3982844352722168 105
0.4020962715148926 107
0.4064059257507324 109
0.4122428894042969 110
0.41657185554504395 111
0.4201226234436035 112
0.42386794090270996 113
0.4283864498138428 115
0.43404340744018555 118
0.4426586627960205 119
0.4474005699157715 121
0.4509146213531494 122
0.4572780132293701 123
0.4607994556427002 125
0.4652411937713623 126
0.47128891944885254 128
0.4756011962890625 129
0.4793882369995117 131
0.4829120635986328 132
0.4877333641052246 133
0.49338245391845703 135
0.4978969097137451 136
0.501460075378418 137
0.5059301853179932 139
0.5095124244689941 140
0.5162553787231445 143
0.5198602676391602 143
0.5236244201660156 145
0.5281040668487549 146
0.5337245464324951 148
0.5381991863250732 149
0.5419178009033203 150
0.5463058948516846 152
0.5498731136322021 153
0.5559122562408447 155
0.5595123767852783 156
0.5632591247558594 157
0.5698020458221436 159
0.5735838413238525 161
0.5782921314239502 162
0.5820281505584717 163
0.5863666534423828 165
0.5921661853790283 166
0.596491813659668 167
0.6000728607177734 169
0.6038558483123779 170
0.6083183288574219 171
0.613938570022583 173
0.6184213161468506 175
0.6221613883972168 176
0.6264185905456543 177
0.6300239562988281 178
0.6362364292144775 180
0.6398508548736572 181
0.6436140537261963 183
0.6499385833740234 185
0.6537234783172607 186
0.6582505702972412 187
0.662010908126831 188
0.6663596630096436 190
0.6733314990997314 191
0.6779487133026123 193
0.6815361976623535 194
0.6860389709472656 195
0.6896429061889648 197
0.6954293251037598 199
0.6994140148162842 200
0.7028896808624268 201
0.709526538848877 203
0.7133486270904541 204
0.717801570892334 205
0.7213840484619141 207
0.725834846496582 208
0.7314887046813965 210
0.7359898090362549 211
0.7395873069763184 212
0.7433979511260986 213
0.7479212284088135 215
0.7535429000854492 217
0.7582046985626221 219
0.7618896961212158 219
0.7662551403045654 221
0.7698307037353516 222
0.7764086723327637 224
0.7799954414367676 225
0.7837302684783936 227
0.7882997989654541 228
0.7920467853546143 229
0.7978940010070801 231
0.8014853000640869 232
0.8059844970703125 233
0.8117666244506836 235
0.816335916519165 237
0.8199014663696289 238
0.8236424922943115 239
0.8283045291900635 241
0.8339335918426514 243
0.8423998355865479 245
0.8468420505523682 246
0.8503937721252441 247
0.8565950393676758 249
0.8601369857788086 251
0.8638639450073242 253
0.8697378635406494 253
0.8734912872314453 255
0.8781700134277344 257
0.8838372230529785 258
0.8883059024810791 259
0.8920364379882812 260
0.8963642120361328 262
0.8999192714691162 264
0.9064691066741943 265
0.9100337028503418 266
0.913813591003418 267
0.9184203147888184 269
0.9221940040588379 271
0.9280586242675781 271
0.931647777557373 273
0.9376480579376221 275
0.9413449764251709 276
0.9456396102905273 277
0.9514462947845459 279
0.9561357498168945 281
0.9597079753875732 281
0.9634590148925781 283
0.9679644107818604 284
0.9735853672027588 287
0.9780707359313965 288
0.9817383289337158 288
0.986156702041626 290
0.9897153377532959 291
0.9964694976806641 293
