0 0 
0.002635955810546875 0
0.006170749664306641 0
0.010594606399536133 0
0.01413416862487793 0
0.017918109893798828 0
0.024276018142700195 0
0.02801227569580078 0
0.03255057334899902 0
0.036133527755737305 0
0.04084014892578125 0
0.04482603073120117 0
0.05149531364440918 0
0.05499911308288574 0
0.05868220329284668 0
0.06498503684997559 0
0.0686953067779541 0
0.07317471504211426 0
0.076873779296875 0
0.0810706615447998 0
0.08679461479187012 0
0.09105563163757324 0
0.09456253051757812 0
0.0982675552368164 0
0.10286545753479004 0
0.10845732688903809 0
0.11297774314880371 0
0.11667060852050781 0
0.12110209465026855 0
0.12460851669311523 0
0.1311788558959961 0
0.13470673561096191 0
0.13840484619140625 0
0.14281392097473145 0
0.1464214324951172 0
0.1522362232208252 0
0.15584754943847656 0
0.16005182266235352 0
0.16614174842834473 0
0.17053914070129395 0
0.1740717887878418 0
0.17750930786132812 0
0.18207859992980957 0
0.187577486038208 0
0.1921098232269287 0
0.19554662704467773 0
0.19995403289794922 0
0.20352816581726074 0
0.21008920669555664 0
0.21358776092529297 0
0.2173006534576416 0
0.22197389602661133 0
0.22537565231323242 0
0.23123955726623535 0
0.2347424030303955 0
0.23842620849609375 0
0.24475336074829102 0
0.24847173690795898 0
0.25311851501464844 0
0.25686120986938477 0
0.2611734867095947 0
0.2669076919555664 0
0.2711832523345947 0
0.27468299865722656 0
0.278400182723999 0
0.2829406261444092 0
0.28852105140686035 0
0.29294848442077637 0
0.29656982421875 0
0.3008737564086914 0
0.30435991287231445 0
0.3101365566253662 0
0.3138597011566162 0
0.31740784645080566 0
0.32678794860839844 0
0.3311936855316162 0
0.3347165584564209 0
0.3409538269042969 0
0.34448838233947754 0
0.3481926918029785 0
0.3546638488769531 0
0.3583641052246094 0
0.36278557777404785 0
0.36631035804748535 0
0.37073349952697754 0
0.37629246711730957 0
0.3809044361114502 0
0.3844273090362549 0
0.38810133934020996 0
0.3926737308502197 0
0.3982839584350586 0
0.40288591384887695 0
0.4065127372741699 0
0.4108242988586426 0
0.41432809829711914 0
0.4200892448425293 0
0.423586368560791 0
0.42728447914123535 0
0.4315335750579834 0
0.4373452663421631 0
0.44183945655822754 0
0.4450950622558594 0
0.44875073432922363 0
0.4531865119934082 0
0.4587244987487793 0
0.4632904529571533 0
0.46695375442504883 0
0.471266508102417 0
0.47695374488830566 0
0.4812452793121338 0
0.48471713066101074 0
0.48844027519226074 0
0.49282073974609375 0
0.49837303161621094 0
0.5027990341186523 0
0.5062909126281738 0
0.5109086036682129 0
0.5143978595733643 0
0.5201225280761719 0
0.5239927768707275 0
0.5274415016174316 0
0.5338962078094482 0
0.5374133586883545 0
0.5418879985809326 0
0.5451292991638184 0
0.5487804412841797 0
0.5531520843505859 0
0.5587694644927979 0
0.5632081031799316 0
0.5669007301330566 0
0.5711402893066406 0
0.5768508911132812 0
0.581279993057251 0
0.5847704410552979 0
0.5884420871734619 0
0.5928170680999756 0
0.598372220993042 0
0.6027803421020508 0
0.6062507629394531 0
0.610654354095459 0
0.6141705513000488 0
0.6175792217254639 0
0.6233725547790527 0
0.6270909309387207 0
0.6313021183013916 0
0.6370289325714111 0
0.6414356231689453 0
0.6449251174926758 0
0.6486129760742188 0
0.653130054473877 0
0.6586997509002686 0
0.6631207466125488 0
0.6667904853820801 0
0.6710371971130371 0
0.6767473220825195 0
0.6810147762298584 0
0.6845247745513916 0
0.6882114410400391 0
0.6926496028900146 0
0.6981675624847412 0
0.702775239944458 0
0.7062621116638184 0
0.7106869220733643 0
0.714210033416748 0
0.7193331718444824 0
0.727196455001831 0
0.7315568923950195 0
0.7373170852661133 0
0.7419791221618652 0
0.745354413986206 0
0.7492773532867432 0
0.7534639835357666 0
0.759925127029419 0
0.7635786533355713 0
0.7674229145050049 0
0.7720916271209717 0
0.7755410671234131 0
0.7813355922698975 0
0.7848269939422607 0
0.7885048389434814 0
0.7948083877563477 0
0.7985317707061768 0
0.802940845489502 0
0.8065288066864014 0
0.8108446598052979 0
0.8164756298065186 0
0.821002721786499 0
0.8245108127593994 0
0.8282899856567383 0
0.8327066898345947 0
0.8382723331451416 0
0.8427145481109619 0
0.846226692199707 0
0.850635290145874 0
0.8541619777679443 0
0.8575809001922607 0
0.8634090423583984 0
0.8671023845672607 0
0.8713388442993164 0
0.8771259784698486 0
0.8815641403198242 0
0.8850836753845215 0
0.8892514705657959 0
0.8935062885284424 0
0.900015115737915 0
0.9039077758789062 0
0.9073617458343506 0
0.9118585586547852 0
0.9151089191436768 0
0.9218802452087402 0
0.9251127243041992 0
0.9305071830749512 0
0.933992862701416 0
0.9374368190765381 0
0.9434411525726318 0
0.947124719619751 0
0.9513647556304932 0
0.9571347236633301 0
0.9613869190216064 0
0.9648764133453369 0
0.9685494899749756 0
0.9730217456817627 0
0.9785771369934082 0
0.9830000400543213 0
0.9866793155670166 0
0.9909265041351318 0
0.9944322109222412 0
