0 0 
0.003139019012451172 0
0.006638050079345703 0
0.010319709777832031 0
0.014749288558959961 1
0.020109176635742188 1
0.0249636173248291 1
0.028667688369750977 1
0.034482717514038086 1
0.03817629814147949 1
0.044002532958984375 1
0.04768085479736328 2
0.05193328857421875 3
0.06316304206848145 3
0.06670498847961426 3
0.0704355239868164 4
0.07678961753845215 4
0.08096098899841309 5
0.08581924438476562 5
0.08929729461669922 6
0.09667634963989258 7
0.10368132591247559 7
0.10718226432800293 7
0.11110472679138184 8
0.11517047882080078 8
0.11890649795532227 9
0.12402820587158203 9
0.12972736358642578 10
0.13421273231506348 10
0.13780593872070312 11
0.14227819442749023 11
0.14791321754455566 12
0.15244603157043457 13
0.15609240531921387 13
0.16619515419006348 14
0.17010736465454102 15
0.17654776573181152 15
0.1803267002105713 16
0.1848008632659912 17
0.18915724754333496 17
0.19472694396972656 18
0.2004108428955078 19
0.2048962116241455 19
0.20932865142822266 20
0.2149667739868164 20
0.21869564056396484 21
0.22469115257263184 21
0.2285451889038086 22
0.232835054397583 23
0.2386646270751953 23
0.24301743507385254 24
0.24656033515930176 24
0.2503066062927246 25
0.25493550300598145 25
0.260570764541626 26
0.2650437355041504 27
0.26879310607910156 27
0.2731506824493408 28
0.2830367088317871 29
0.2866506576538086 29
0.29036688804626465 30
0.2970607280731201 31
0.3010828495025635 31
0.30530524253845215 31
0.30909061431884766 32
0.31364941596984863 33
0.3191981315612793 33
0.32381272315979004 34
0.32756924629211426 35
0.3318467140197754 35
0.33564043045043945 35
0.34241485595703125 36
0.3461155891418457 37
0.3499603271484375 37
0.35445594787597656 38
0.35816335678100586 38
0.3641350269317627 39
0.36771059036254883 39
0.3720052242279053 40
0.37786269187927246 41
0.3825559616088867 41
0.3861813545227051 42
0.3899416923522949 43
0.394420862197876 43
0.4000542163848877 44
0.4047071933746338 44
0.4084506034851074 45
0.4127686023712158 45
0.41858696937561035 46
0.4230172634124756 47
0.42656636238098145 47
0.4303276538848877 48
0.4348106384277344 48
0.4404432773590088 49
0.4449620246887207 49
0.4486994743347168 50
0.4529900550842285 51
0.4565308094024658 51
0.46279072761535645 52
0.4664020538330078 52
0.47013068199157715 53
0.4764902591705322 53
0.4802703857421875 54
0.48471713066101074 55
0.48846983909606934 55
0.4927859306335449 56
0.4985687732696533 56
0.5029892921447754 57
0.5065298080444336 57
0.510272741317749 58
0.514899730682373 59
0.5205106735229492 59
0.5251553058624268 60
0.528911828994751 61
0.5400686264038086 62
0.5447211265563965 63
0.5530788898468018 63
0.5589408874511719 64
0.5637667179107666 65
0.5725140571594238 66
0.5765738487243652 66
0.5803303718566895 67
0.5849792957305908 67
0.5887651443481445 68
0.5947544574737549 69
0.6003918647766113 69
0.6050219535827637 70
0.6116654872894287 71
0.6156525611877441 71
0.6192140579223633 72
0.6252932548522949 72
0.6318831443786621 73
0.6378836631774902 74
0.6426923274993896 75
0.6462812423706055 75
0.6500356197357178 76
0.6563806533813477 77
0.6624295711517334 77
0.6660244464874268 77
0.6697835922241211 78
0.678508996963501 79
0.6850686073303223 80
0.6887860298156738 81
0.6946239471435547 81
0.7003071308135986 82
0.7050487995147705 83
0.7110595703125 83
0.7151510715484619 84
0.7189066410064697 85
0.7237651348114014 85
0.7301115989685059 86
0.7364668846130371 87
0.7430455684661865 87
0.7482271194458008 88
0.7541582584381104 89
0.7598092555999756 89
0.7645087242126465 91
0.7701582908630371 91
0.7748117446899414 91
0.7785696983337402 92
0.7830581665039062 93
0.7889118194580078 94
0.7964715957641602 94
0.8024756908416748 95
0.8060534000396729 95
0.8098232746124268 96
0.8164021968841553 97
0.8231453895568848 97
0.8266916275024414 98
0.8304464817047119 99
0.8349132537841797 99
0.8447282314300537 100
0.8485348224639893 101
0.852806568145752 101
0.8565058708190918 102
0.860281229019165 103
0.8665449619293213 103
0.8703091144561768 104
0.8750166893005371 105
0.8830997943878174 105
0.8866527080535889 106
0.8904073238372803 106
0.8956446647644043 107
0.9028575420379639 108
0.9064745903015137 108
0.9125316143035889 109
0.9161076545715332 109
0.9198966026306152 110
0.9303188323974609 111
0.9351961612701416 112
0.9425313472747803 113
0.9461274147033691 113
0.949882984161377 114
0.9547536373138428 115
0.962651252746582 115
0.9662811756134033 116
0.9700510501861572 117
0.982799768447876 118
0.9905438423156738 119
0.9952549934387207 119
