0 0 
0.0024149417877197266 0
0.007091045379638672 1
0.012093067169189453 1
0.016767024993896484 1
0.020433902740478516 1
0.024985074996948242 1
0.03074502944946289 1
0.03516817092895508 2
0.03873443603515625 2
0.04247546195983887 3
0.04690051078796387 3
0.05250239372253418 4
0.05694127082824707 5
0.060662269592285156 5
0.06495261192321777 6
0.0684969425201416 7
0.07526850700378418 7
0.07880783081054688 8
0.08253979682922363 9
0.08699703216552734 10
0.0907595157623291 11
0.09664392471313477 11
0.10023331642150879 12
0.10472917556762695 13
0.11048698425292969 14
0.11493372917175293 15
0.11851048469543457 16
0.12225604057312012 17
0.12674570083618164 18
0.13239336013793945 19
0.13705921173095703 20
0.14081335067749023 21
0.14514422416687012 21
0.1509408950805664 23
0.1552257537841797 24
0.1588759422302246 25
0.16264915466308594 25
0.16727685928344727 26
0.17331862449645996 28
0.17736506462097168 29
0.1811070442199707 29
0.18543434143066406 30
0.18898367881774902 31
0.19517755508422852 33
0.19873738288879395 33
0.20247888565063477 35
0.20891213417053223 36
0.21268987655639648 37
0.21716523170471191 38
0.22091412544250488 39
0.22521209716796875 39
0.2310030460357666 41
0.23533415794372559 42
0.23888039588928223 43
0.24264788627624512 44
0.24714136123657227 45
0.2527732849121094 46
0.257415771484375 47
0.2612423896789551 48
0.26578807830810547 49
0.26925086975097656 50
0.2751908302307129 51
0.2787325382232666 52
0.2824852466583252 53
0.2888326644897461 55
0.2925846576690674 55
0.2972233295440674 56
0.3058500289916992 58
0.30930066108703613 59
0.3164851665496826 61
0.3200507164001465 61
0.32462263107299805 63
0.3283412456512451 63
0.3341336250305176 65
0.33791518211364746 66
0.34146571159362793 67
0.3481173515319824 68
0.35191941261291504 69
0.35648083686828613 70
0.36007189750671387 71
0.36453700065612793 72
0.37016749382019043 73
0.3748629093170166 75
0.3784518241882324 75
0.3821980953216553 77
0.3867008686065674 77
0.39235520362854004 79
0.39684343338012695 80
0.40070390701293945 81
0.40502333641052246 81
0.4085843563079834 83
0.4147055149078369 84
0.41826653480529785 85
0.422041654586792 85
0.427919864654541 87
0.4314405918121338 88
0.43635082244873047 89
0.44202232360839844 90
0.4465372562408447 91
0.4500858783721924 92
0.4545252323150635 93
0.45810890197753906 94
0.4646766185760498 96
0.468245267868042 96
0.4719729423522949 97
0.47647881507873535 98
0.48015546798706055 99
0.48624372482299805 101
0.49193382263183594 102
0.4966599941253662 103
0.5002374649047852 104
0.5047576427459717 105
0.5083272457122803 106
0.5141327381134033 107
0.5179882049560547 108
0.5214881896972656 109
0.5280923843383789 110
0.5319156646728516 111
0.5366153717041016 112
0.5401880741119385 113
0.5446794033050537 115
0.5503644943237305 115
0.5549681186676025 117
0.5585236549377441 118
0.5623025894165039 119
0.5668296813964844 120
0.5725407600402832 121
0.5770230293273926 122
0.5807704925537109 123
0.5850558280944824 124
0.5886287689208984 125
0.5952463150024414 126
0.5988132953643799 127
0.6025493144989014 128
0.6070153713226318 129
0.6107654571533203 131
0.6167895793914795 131
0.6204910278320312 132
0.6248648166656494 134
0.6306772232055664 135
0.635000467300415 136
0.6385507583618164 137
0.6422953605651855 138
0.6468520164489746 139
0.6524879932403564 140
0.6569819450378418 141
0.660729169845581 142
0.6650211811065674 143
0.6687102317810059 144
0.6754121780395508 145
0.67899489402771 146
0.6827199459075928 147
0.6873660087585449 148
0.691124677658081 149
0.6970152854919434 150
0.7051537036895752 152
0.710939884185791 154
0.7154157161712646 155
0.7189590930938721 155
0.7226953506469727 157
0.7273008823394775 157
0.7338416576385498 159
0.7378284931182861 160
0.7413334846496582 161
0.7458758354187012 162
0.7493164539337158 163
0.7552008628845215 164
0.7587566375732422 165
0.7625257968902588 166
0.7688558101654053 167
0.772615909576416 168
0.7770628929138184 169
0.7808434963226318 170
0.7852637767791748 171
0.7911324501037598 173
0.7958188056945801 173
0.7992439270019531 174
0.8032281398773193 175
0.8073232173919678 177
0.8138265609741211 178
0.8177890777587891 179
0.8213348388671875 179
0.8258976936340332 181
0.8294003009796143 182
0.836029052734375 183
0.8397440910339355 184
0.8440513610839844 185
0.8478469848632812 186
0.8514044284820557 187
0.857428789138794 188
0.8611764907836914 189
0.8654673099517822 191
0.8712990283966064 191
0.8758697509765625 192
0.8794219493865967 193
0.8838868141174316 194
0.8874382972717285 195
0.8940191268920898 197
0.8978173732757568 197
0.9013314247131348 198
0.905881404876709 199
0.9117779731750488 201
0.9164588451385498 202
0.9200561046600342 203
0.9245049953460693 203
0.9280998706817627 205
0.9351904392242432 207
0.9387338161468506 207
0.9424693584442139 208
0.94710373878479 209
0.9508373737335205 211
0.9567008018493652 211
0.9603786468505859 212
0.9647960662841797 214
0.9706387519836426 214
0.9751436710357666 216
0.9786930084228516 217
0.9824700355529785 218
0.9869470596313477 219
0.9926035404205322 220
0.9970674514770508 221
