0 0 
0.0037059783935546875 0
0.008643627166748047 -1
0.012965202331542969 -1
0.01654529571533203 -1
0.023463726043701172 -2
0.03217267990112305 -4
0.036490678787231445 -5
0.043526411056518555 -7
0.049361228942871094 -9
0.05408740043640137 -10
0.05764150619506836 -11
0.0626218318939209 -14
0.07624554634094238 -21
0.08247756958007812 -24
0.08605098724365234 -26
0.0922703742980957 -29
0.09811997413635254 -31
0.1041719913482666 -37
0.10983157157897949 -40
0.11442804336547852 -44
0.1200859546661377 -47
0.12598705291748047 -50
0.1326897144317627 -54
0.13850164413452148 -59
0.14385318756103516 -61
0.14964675903320312 -67
0.1545264720916748 -71
0.16018939018249512 -73
0.16694259643554688 -78
0.17295074462890625 -82
0.17650890350341797 -85
0.18026518821716309 -88
0.18879437446594238 -95
0.194627046585083 -99
0.1983809471130371 -101
0.2027437686920166 -106
0.20862340927124023 -111
0.2146284580230713 -113
0.21837544441223145 -117
0.22267627716064453 -123
0.23024702072143555 -126
0.2373027801513672 -130
0.2415785789489746 -133
0.2455461025238037 -137
0.24927353858947754 -139
0.2537243366241455 -143
0.25950193405151367 -147
0.26399946212768555 -150
0.267592191696167 -153
0.27208662033081055 -157
0.2756788730621338 -160
0.2822990417480469 -166
0.2858469486236572 -167
0.2895936965942383 -172
0.29413580894470215 -174
0.2977135181427002 -177
0.3039369583129883 -182
0.307513952255249 -185
0.3120412826538086 -188
0.3177201747894287 -193
0.32224297523498535 -197
0.32582545280456543 -199
0.32958388328552246 -204
0.334094762802124 -205
0.3397524356842041 -211
0.3444056510925293 -215
0.3481564521789551 -216
0.35249781608581543 -221
0.36239004135131836 -229
0.3659942150115967 -232
0.3697359561920166 -235
0.37627243995666504 -240
0.38015127182006836 -243
0.3847627639770508 -246
0.38849353790283203 -249
0.3927953243255615 -253
0.3985865116119385 -257
0.40290188789367676 -261
0.40645742416381836 -264
0.410186767578125 -267
0.4146394729614258 -270
0.42027878761291504 -275
0.42496728897094727 -278
0.42873406410217285 -281
0.4330322742462158 -285
0.4365723133087158 -287
0.44266319274902344 -293
0.4462146759033203 -295
0.4500596523284912 -299
0.4564375877380371 -303
0.46205639839172363 -307
0.4656705856323242 -310
0.4694201946258545 -313
0.4741404056549072 -316
0.47982215881347656 -323
0.48445725440979004 -326
0.4882042407989502 -331
0.49417638778686523 -334
0.49785685539245605 -335
0.5037693977355957 -340
0.5074262619018555 -343
0.5137715339660645 -348
0.5174496173858643 -351
0.5219523906707764 -355
0.5255708694458008 -357
0.5293197631835938 -361
0.5358479022979736 -365
0.5396420955657959 -370
0.544304609298706 -373
0.5479819774627686 -375
0.5523815155029297 -380
0.5582151412963867 -385
0.5625433921813965 -388
0.5661253929138184 -391
0.569868803024292 -394
0.5743448734283447 -397
0.5800645351409912 -402
0.584557056427002 -405
0.5883111953735352 -409
0.592658519744873 -411
0.596210241317749 -415
0.6024060249328613 -419
0.6060116291046143 -423
0.6097803115844727 -426
0.6156928539276123 -429
0.6194608211517334 -432
0.625922679901123 -437
0.6297013759613037 -442
0.6342024803161621 -445
0.6378929615020752 -447
0.6423192024230957 -451
0.648151159286499 -455
0.6525135040283203 -459
0.6560878753662109 -463
0.659837007522583 -466
0.664433479309082 -469
0.6701059341430664 -474
0.6746063232421875 -477
0.6783649921417236 -480
0.6826725006103516 -483
0.6862025260925293 -487
0.6922388076782227 -491
0.6958181858062744 -493
0.6995995044708252 -498
0.7060048580169678 -502
0.7097935676574707 -505
0.7142901420593262 -509
0.7179851531982422 -510
0.7226364612579346 -515
0.7284502983093262 -520
0.7329347133636475 -523
0.7364940643310547 -526
0.740227222442627 -529
0.7446780204772949 -533
0.7507305145263672 -537
0.7548730373382568 -542
0.7634782791137695 -547
0.7669854164123535 -550
0.7715036869049072 -555
0.7764449119567871 -558
0.780177116394043 -561
0.7849469184875488 -566
0.7915554046630859 -569
0.7953414916992188 -573
0.7988758087158203 -575
0.8035106658935547 -579
0.8070309162139893 -583
0.8134727478027344 -587
0.8169834613800049 -590
0.8214850425720215 -593
0.825007438659668 -596
0.828758716583252 -599
0.8332891464233398 -603
0.8369021415710449 -606
0.841395378112793 -609
0.8453471660614014 -612
0.8488874435424805 -615
0.8534626960754395 -619
0.8569860458374023 -622
0.862769365310669 -627
0.8663361072540283 -630
0.8701081275939941 -633
0.8745639324188232 -636
0.8783338069915771 -639
0.8826415538787842 -643
0.8861982822418213 -645
0.8899352550506592 -649
0.8944175243377686 -652
0.8981947898864746 -655
0.9026632308959961 -659
0.9062032699584961 -661
0.9116740226745605 -665
0.9154791831970215 -668
0.9189877510070801 -671
0.9236667156219482 -674
0.927344799041748 -677
0.9383916854858398 -687
0.942840576171875 -690
0.9495155811309814 -697
0.9543929100036621 -701
0.9600341320037842 -705
0.9679648876190186 -709
0.9729745388031006 -714
0.9765331745147705 -717
0.9802877902984619 -721
0.9847934246063232 -724
0.9913938045501709 -729
0.9954774379730225 -732
0.9989893436431885 -735
