0 0 
0.002444028854370117 0
0.0071010589599609375 0
0.012090921401977539 0
0.016580581665039062 0
0.020305633544921875 -1
0.025132179260253906 -1
0.031004905700683594 -2
0.03532600402832031 -3
0.03893733024597168 -4
0.04264092445373535 -5
0.04711556434631348 -6
0.053102970123291016 -7
0.057204246520996094 -9
0.060974836349487305 -10
0.06527948379516602 -11
0.06882643699645996 -13
0.07591652870178223 -15
0.07943296432495117 -16
0.08389687538146973 -17
0.08788633346557617 -19
0.09139204025268555 -21
0.09727621078491211 -23
0.10102558135986328 -24
0.10539698600769043 -27
0.11123871803283691 -28
0.11592674255371094 -30
0.11970353126525879 -32
0.1239476203918457 -33
0.1297931671142578 -36
0.13414406776428223 -38
0.13795709609985352 -40
0.14171314239501953 -41
0.14640212059020996 -43
0.15207505226135254 -47
0.1565995216369629 -49
0.160322904586792 -50
0.16469478607177734 -53
0.16825079917907715 -53
0.17413735389709473 -57
0.177962064743042 -58
0.18453669548034668 -61
0.18812108039855957 -63
0.1918647289276123 -65
0.19636797904968262 -67
0.1999661922454834 -69
0.20616555213928223 -72
0.21239948272705078 -76
0.21796321868896484 -78
0.22471213340759277 -82
0.22830748558044434 -83
0.2320997714996338 -86
0.23672962188720703 -88
0.24039745330810547 -89
0.24638032913208008 -92
0.2499549388885498 -94
0.25443553924560547 -96
0.2601337432861328 -99
0.2647995948791504 -102
0.2684338092803955 -103
0.27219152450561523 -106
0.276674747467041 -109
0.2823326587677002 -111
0.28682971000671387 -113
0.2906038761138916 -115
0.29491662979125977 -117
0.2985057830810547 -120
0.3050854206085205 -122
0.30863118171691895 -124
0.31238484382629395 -126
0.31688475608825684 -128
0.3206503391265869 -130
0.3267216682434082 -133
0.33058881759643555 -135
0.335796594619751 -137
0.3392961025238037 -139
0.34515810012817383 -142
0.3487579822540283 -144
0.3525097370147705 -146
0.3588876724243164 -149
0.36264586448669434 -151
0.36714768409729004 -153
0.37090253829956055 -155
0.3751668930053711 -157
0.38099193572998047 -160
0.38572120666503906 -162
0.3891868591308594 -164
0.39318037033081055 -166
0.39727306365966797 -168
0.40397095680236816 -171
0.40779829025268555 -173
0.411346435546875 -175
0.41592931747436523 -177
0.41965222358703613 -179
0.4252660274505615 -183
0.4288318157196045 -185
0.43259525299072266 -187
0.4389832019805908 -189
0.443134069442749 -192
0.4474039077758789 -194
0.451169490814209 -196
0.4576759338378906 -199
0.4612882137298584 -201
0.4662597179412842 -203
0.4698827266693115 -205
0.47435426712036133 -207
0.47994470596313477 -210
0.4845595359802246 -212
0.4882209300994873 -214
0.4919743537902832 -217
0.4965381622314453 -218
0.502171516418457 -222
0.5068488121032715 -224
0.5105977058410645 -226
0.5149145126342773 -228
0.5185277462005615 -230
0.5245828628540039 -233
0.5281815528869629 -234
0.5319392681121826 -237
0.5383338928222656 -239
0.5421087741851807 -243
0.5465972423553467 -245
0.5502989292144775 -245
0.5547170639038086 -249
0.5604102611541748 -251
0.5650098323822021 -253
0.5685904026031494 -255
0.5724217891693115 -258
0.5769383907318115 -261
0.5826249122619629 -263
0.5871438980102539 -265
0.5908923149108887 -267
0.5953516960144043 -269
0.5989141464233398 -272
0.6057918071746826 -274
0.6093430519104004 -278
0.6172678470611572 -280
0.6210355758666992 -282
0.6279065608978271 -285
0.6317119598388672 -287
0.6364052295684814 -289
0.6400034427642822 -291
0.6445066928863525 -293
0.6501545906066895 -296
0.654700756072998 -299
0.6582510471343994 -300
0.6619949340820312 -303
0.6665563583374023 -305
0.6722095012664795 -309
0.676811695098877 -311
0.6805615425109863 -311
0.685032844543457 -315
0.6885864734649658 -317
0.6946945190429688 -319
0.69828200340271 -321
0.7020134925842285 -324
0.7084429264068604 -327
0.7122366428375244 -329
0.7167050838470459 -331
0.7203948497772217 -332
0.7249677181243896 -335
0.7308223247528076 -338
0.7351553440093994 -340
0.7387230396270752 -342
0.7424709796905518 -344
0.747112512588501 -346
0.7531700134277344 -349
0.7572705745697021 -351
0.761040210723877 -353
0.7653639316558838 -355
0.7689056396484375 -357
0.7749617099761963 -360
0.7785351276397705 -362
0.7823233604431152 -364
0.7888593673706055 -367
0.7926335334777832 -369
0.7971155643463135 -371
0.8008825778961182 -373
0.8053278923034668 -377
0.8112187385559082 -379
0.815784215927124 -381
0.8192825317382812 -383
0.8237347602844238 -385
0.8273067474365234 -388
0.8338992595672607 -390
0.8374300003051758 -392
0.8412275314331055 -394
0.8457906246185303 -396
0.8492767810821533 -399
0.8562965393066406 -401
0.8598830699920654 -403
0.864508867263794 -405
0.8681313991546631 -407
0.8739609718322754 -410
0.8777754306793213 -412
0.8812973499298096 -414
0.8879094123840332 -417
0.8916876316070557 -419
0.8961319923400879 -421
0.8998334407806396 -423
0.90415358543396 -425
0.9099345207214355 -428
0.9145853519439697 -431
0.9181890487670898 -433
0.9219644069671631 -435
0.9266414642333984 -437
0.9322595596313477 -441
0.9367783069610596 -443
0.9405415058135986 -443
0.9448587894439697 -447
0.9484272003173828 -449
0.9544663429260254 -451
0.9580850601196289 -453
0.9618637561798096 -455
0.9681122303009033 -458
0.9718999862670898 -460
0.976414680480957 -462
0.9799759387969971 -464
0.9846475124359131 -468
0.9904217720031738 -469
0.9948492050170898 -472
0.9984023571014404 -474
