0 0 
0.0023946762084960938 0
0.008200407028198242 1
0.013976335525512695 1
0.0182344913482666 1
0.021830081939697266 2
0.027018308639526367 3
0.03363800048828125 4
0.03847527503967285 6
0.04221820831298828 7
0.04617881774902344 9
0.05023622512817383 11
0.05626940727233887 13
0.06085085868835449 15
0.06435656547546387 17
0.07368350028991699 23
0.07813024520874023 25
0.08397078514099121 28
0.08843517303466797 31
0.0919649600982666 33
0.09571695327758789 36
0.10035347938537598 40
0.11046981811523438 45
0.11429858207702637 48
0.12088251113891602 52
0.12534117698669434 57
0.13201570510864258 61
0.1376028060913086 64
0.14156007766723633 69
0.14701128005981445 72
0.15137887001037598 75
0.15810155868530273 81
0.16377830505371094 86
0.16812443733215332 89
0.17168164253234863 93
0.17716383934020996 96
0.18401384353637695 109
0.196197509765625 112
0.2039499282836914 119
0.20837950706481934 124
0.21424555778503418 129
0.2220628261566162 134
0.22720742225646973 137
0.23141169548034668 141
0.23825645446777344 148
0.24182581901550293 153
0.24881792068481445 156
0.25243330001831055 160
0.2571227550506592 163
0.2631654739379883 169
0.2683403491973877 175
0.2741880416870117 179
0.27894115447998047 183
0.2824678421020508 186
0.28850460052490234 191
0.29206395149230957 197
0.2994070053100586 200
0.3050570487976074 207
0.30959582328796387 209
0.31322813034057617 212
0.3179340362548828 217
0.32374000549316406 225
0.32982778549194336 228
0.3335990905761719 230
0.33791375160217285 237
0.3437507152557373 243
0.34965062141418457 244
0.3533656597137451 248
0.3579399585723877 257
0.36783623695373535 262
0.37141895294189453 264
0.375180721282959 269
0.3815596103668213 274
0.38806629180908203 280
0.3933424949645996 283
0.39924168586730957 289
0.40289974212646484 292
0.4087715148925781 297
0.41436028480529785 303
0.41925573348999023 307
0.42497682571411133 312
0.42948031425476074 315
0.43305253982543945 319
0.44080686569213867 326
0.4472315311431885 332
0.45310473442077637 337
0.4577667713165283 342
0.4613304138183594 344
0.4650726318359375 350
0.4742727279663086 359
0.4805164337158203 364
0.48712778091430664 367
0.4931511878967285 373
0.4978821277618408 378
0.5014698505401611 382
0.5090188980102539 387
0.5127370357513428 391
0.518345832824707 398
0.5242404937744141 401
0.5287995338439941 405
0.5343437194824219 411
0.5391566753387451 414
0.5448777675628662 419
0.5493960380554199 423
0.5530033111572266 427
0.5588517189025879 432
0.5622997283935547 436
0.5716924667358398 447
0.5783891677856445 452
0.5842642784118652 455
0.5891997814178467 459
0.592811107635498 463
0.5970642566680908 468
0.6019859313964844 484
0.6204979419708252 488
0.6288609504699707 495
0.6344764232635498 501
0.641141414642334 506
0.646928071975708 511
0.6509616374969482 515
0.6577932834625244 522
0.664332389831543 529
0.6703848838806152 533
0.6741349697113037 537
0.6828410625457764 543
0.6871788501739502 547
0.6931126117706299 553
0.6983463764190674 558
0.7041490077972412 563
0.7092442512512207 567
0.7149667739868164 574
0.7199788093566895 578
0.725470781326294 585
0.7350459098815918 592
0.7436380386352539 598
0.7479984760284424 603
0.7515513896942139 607
0.7552938461303711 610
0.7616424560546875 616
0.7678279876708984 621
0.7736296653747559 625
0.7781445980072021 630
0.7839264869689941 635
0.7884361743927002 639
0.7942390441894531 645
0.799048662185669 648
0.807466983795166 655
0.8131396770477295 661
0.8176231384277344 664
0.8241345882415771 671
0.8284738063812256 675
0.8320214748382568 681
0.8390529155731201 684
0.8427755832672119 687
0.8485219478607178 693
0.852057695388794 697
0.8569223880767822 700
0.8648183345794678 707
0.8693292140960693 711
0.878075122833252 720
0.8816540241241455 725
0.8884034156799316 731
0.8942155838012695 735
0.899031400680542 738
0.9027667045593262 742
0.907442569732666 745
0.9150590896606445 754
0.9197638034820557 757
0.9234085083007812 759
0.927971601486206 765
0.9315059185028076 768
0.9378795623779297 773
0.9437015056610107 779
0.9482014179229736 783
0.9541168212890625 788
0.9589602947235107 792
0.9624640941619873 795
0.9683330059051514 801
0.9718728065490723 806
0.9789154529571533 810
0.9844672679901123 815
0.9891619682312012 819
0.9927890300750732 822
0.9984393119812012 829
