0 0 
0.0033020973205566406 0
0.008064508438110352 0
0.012966632843017578 0
0.01657867431640625 1
0.02088022232055664 1
0.02674269676208496 1
0.031000375747680664 2
0.03493356704711914 3
0.03873443603515625 3
0.043541908264160156 4
0.0477144718170166 5
0.053698062896728516 6
0.05742788314819336 7
0.06326842308044434 8
0.06683778762817383 9
0.07129025459289551 10
0.0770115852355957 11
0.08150720596313477 13
0.0850975513458252 13
0.08885383605957031 15
0.09521865844726562 16
0.09903502464294434 18
0.1036982536315918 19
0.10742807388305664 20
0.11176872253417969 21
0.11767458915710449 23
0.12201905250549316 25
0.12558269500732422 26
0.12935709953308105 27
0.1338205337524414 29
0.13943767547607422 31
0.14410877227783203 32
0.14787983894348145 33
0.15216922760009766 35
0.15572309494018555 36
0.16199684143066406 38
0.16557741165161133 39
0.1693410873413086 41
0.17567086219787598 43
0.17945599555969238 45
0.18393445014953613 46
0.1877293586730957 47
0.19201970100402832 49
0.1978762149810791 51
0.20220208168029785 53
0.20576834678649902 54
0.2095625400543213 55
0.21405839920043945 57
0.2206249237060547 59
0.22458696365356445 60
0.22809815406799316 62
0.23268961906433105 63
0.23619794845581055 65
0.2420504093170166 67
0.24563193321228027 69
0.24938368797302246 71
0.2556126117706299 72
0.2593660354614258 73
0.26388049125671387 75
0.267622709274292 77
0.2721107006072998 79
0.2779381275177002 80
0.2826552391052246 82
0.2861769199371338 83
0.2906010150909424 85
0.29415154457092285 87
0.3007974624633789 88
0.30459046363830566 90
0.308121919631958 91
0.31269121170043945 93
0.3162062168121338 95
0.32299160957336426 97
0.3267037868499756 98
0.3312208652496338 99
0.33482789993286133 101
0.3399994373321533 103
0.34461498260498047 105
0.3481605052947998 106
0.3547666072845459 109
0.3583030700683594 110
0.36301398277282715 111
0.3666691780090332 113
0.37094926834106445 114
0.3767740726470947 117
0.3840334415435791 119
0.3888208866119385 121
0.3934671878814697 123
0.3971519470214844 124
0.40349411964416504 127
0.4071648120880127 128
0.41170716285705566 131
0.4179067611694336 132
0.42311906814575195 134
0.4267137050628662 135
0.43099093437194824 137
0.4368128776550293 139
0.4413740634918213 141
0.4449734687805176 142
0.4487283229827881 143
0.4531896114349365 145
0.4588339328765869 148
0.4635169506072998 149
0.4671659469604492 150
0.471574068069458 153
0.4751248359680176 153
0.4809138774871826 155
0.4848024845123291 157
0.48829150199890137 159
0.49492645263671875 161
0.49875783920288086 162
0.5032637119293213 164
0.5068240165710449 165
0.5112895965576172 167
0.5169143676757812 169
0.5216002464294434 171
0.5251727104187012 172
0.5289638042449951 174
0.5336172580718994 177
0.5392754077911377 178
0.5437827110290527 179
0.5475594997406006 181
0.5518696308135986 182
0.5554375648498535 185
0.5620038509368896 186
0.5655636787414551 187
0.5693225860595703 189
0.573845624923706 191
0.577599048614502 193
0.5836062431335449 194
0.5873825550079346 195
0.5916945934295654 198
0.5974833965301514 199
0.6017661094665527 201
0.6053276062011719 203
0.609102725982666 204
0.6135499477386475 206
0.6191732883453369 208
0.6236467361450195 209
0.6274080276489258 210
0.6317017078399658 212
0.6374835968017578 215
0.641963005065918 216
0.6455321311950684 217
0.649275541305542 219
0.653754472732544 221
0.6593723297119141 223
0.6640307903289795 224
0.6677777767181396 226
0.6721842288970947 227
0.6757690906524658 229
0.6817898750305176 231
0.6853585243225098 233
0.6890871524810791 234
0.6954264640808105 236
0.6992373466491699 238
0.7038881778717041 239
0.7076256275177002 241
0.7119417190551758 242
0.7177071571350098 245
0.7219967842102051 246
0.7255494594573975 247
0.7292861938476562 249
0.7337906360626221 251
0.7394313812255859 253
0.7438898086547852 254
0.7476058006286621 256
0.7519145011901855 257
0.7554607391357422 259
0.7622003555297852 261
0.7657673358917236 263
0.7694978713989258 264
0.7739443778991699 265
0.7776875495910645 268
0.7876780033111572 271
0.7922463417053223 272
0.7957863807678223 275
0.80291748046875 276
0.8065521717071533 277
0.8108222484588623 279
0.8147692680358887 281
0.8182651996612549 283
0.8242721557617188 284
0.8280296325683594 286
0.8342702388763428 288
0.8380177021026611 289
0.8425617218017578 291
0.8460352420806885 293
0.8500306606292725 294
0.8561949729919434 296
0.860663652420044 298
0.8641769886016846 299
0.8679072856903076 301
0.8734362125396729 302
0.8790643215179443 305
0.8836796283721924 307
0.8874013423919678 307
0.8917050361633301 310
0.8952615261077881 312
0.9018213748931885 313
0.9053854942321777 315
0.9091079235076904 317
0.9136984348297119 318
0.9174251556396484 319
0.9234576225280762 321
0.92702317237854 322
0.931527853012085 325
0.937251091003418 326
0.9417943954467773 328
0.9453787803649902 330
0.9491152763366699 331
0.9554417133331299 333
0.9591987133026123 335
0.9636857509613037 337
0.9674136638641357 337
0.9717485904693604 340
0.9775435924530029 342
0.9818880558013916 343
0.9854421615600586 345
0.9892222881317139 346
0.9936890602111816 348
0.9993112087249756 350
