0 0 
0.003117799758911133 0
0.006623268127441406 0
0.010335206985473633 0
0.01496267318725586 1
0.01875782012939453 1
0.02791309356689453 2
0.03349471092224121 4
0.03930521011352539 5
0.04390144348144531 6
0.04876399040222168 8
0.05303359031677246 10
0.05882859230041504 12
0.06315207481384277 13
0.06668972969055176 14
0.07043099403381348 16
0.07508134841918945 18
0.0811460018157959 20
0.08697056770324707 23
0.0907444953918457 24
0.0980219841003418 27
0.10254740715026855 29
0.10820293426513672 32
0.11270856857299805 35
0.11629080772399902 36
0.1200406551361084 39
0.1265239715576172 42
0.13031530380249023 44
0.13493585586547852 47
0.1386728286743164 49
0.14296293258666992 51
0.14879894256591797 54
0.15329766273498535 57
0.1568453311920166 59
0.16061997413635254 61
0.16509294509887695 64
0.17117714881896973 67
0.17528176307678223 69
0.1790332794189453 71
0.1833024024963379 74
0.19004058837890625 78
0.19781827926635742 82
0.20212078094482422 84
0.20609283447265625 87
0.20985913276672363 89
0.21451973915100098 91
0.2201550006866455 96
0.2246713638305664 98
0.22832918167114258 100
0.2327733039855957 104
0.23632311820983887 104
0.2429356575012207 110
0.24648094177246094 112
0.25023913383483887 114
0.25487732887268066 117
0.25862741470336914 118
0.26456165313720703 122
0.26816868782043457 124
0.27271294593811035 129
0.27861905097961426 131
0.28311705589294434 134
0.28667330741882324 136
0.2904374599456787 138
0.29488468170166016 142
0.30209827423095703 145
0.305905818939209 147
0.30942583084106445 150
0.31432414054870605 152
0.31996631622314453 156
0.3244898319244385 158
0.32805466651916504 161
0.3325791358947754 163
0.33615565299987793 166
0.34205102920532227 170
0.3459017276763916 172
0.349407434463501 174
0.3560357093811035 178
0.35984206199645996 180
0.3643381595611572 183
0.3679227828979492 186
0.3721916675567627 188
0.3781886100769043 192
0.38273119926452637 196
0.3862762451171875 197
0.3900783061981201 200
0.39461302757263184 202
0.40028882026672363 206
0.40476059913635254 209
0.4084491729736328 210
0.4130589962005615 214
0.4166257381439209 218
0.42325878143310547 220
0.4268193244934082 222
0.4305734634399414 225
0.4351985454559326 228
0.43895864486694336 232
0.44481778144836426 234
0.44860291481018066 235
0.452930212020874 240
0.45873045921325684 242
0.4630098342895508 245
0.46659183502197266 248
0.47037506103515625 250
0.47490429878234863 254
0.48053812980651855 256
0.48500847816467285 259
0.48877525329589844 261
0.4933488368988037 264
0.4968993663787842 267
0.503455400466919 270
0.5070278644561768 272
0.5107617378234863 275
0.5152816772460938 277
0.5190308094024658 281
0.5248613357543945 284
0.5285944938659668 285
0.5329430103302002 290
0.5387508869171143 292
0.5431876182556152 295
0.5467650890350342 297
0.5505094528198242 300
0.5551464557647705 304
0.5607571601867676 306
0.5652370452880859 308
0.568962574005127 311
0.5732302665710449 314
0.5790212154388428 317
0.583376407623291 320
0.5869340896606445 325
0.5953075885772705 327
0.5990862846374512 330
0.6041440963745117 332
0.609853982925415 336
0.6146290302276611 338
0.618344783782959 341
0.6227357387542725 344
0.6284184455871582 347
0.6328065395355225 351
0.6363742351531982 352
0.640129566192627 356
0.6446270942687988 357
0.6502974033355713 362
0.6547517776489258 364
0.6583895683288574 366
0.6627790927886963 370
0.6663491725921631 371
0.6721796989440918 374
0.6761970520019531 377
0.6799633502960205 379
0.6863822937011719 383
0.6901946067810059 387
0.6946609020233154 389
0.6983273029327393 391
0.7027149200439453 394
0.7084393501281738 397
0.7128186225891113 400
0.7164196968078613 402
0.7201929092407227 406
0.7246589660644531 409
0.7302885055541992 412
0.7349197864532471 414
0.7386507987976074 417
0.7429502010345459 419
0.746490478515625 423
0.7530477046966553 426
0.7566149234771729 428
0.7603693008422852 430
0.7648715972900391 433
0.7685763835906982 434
0.7744603157043457 438
0.7780280113220215 440
0.7824902534484863 443
0.7881276607513428 446
0.7927780151367188 450
0.7964837551116943 453
0.800229549407959 455
0.8048644065856934 459
0.8104853630065918 462
0.8149676322937012 464
0.8187379837036133 466
0.8230438232421875 469
0.8266282081604004 473
0.8331832885742188 475
0.836735725402832 478
0.8404760360717773 480
0.8449492454528809 483
0.8486979007720947 485
0.8547658920288086 489
0.8584511280059814 490
0.8647439479827881 495
0.8684408664703369 496
0.8728172779083252 500
0.8764111995697021 501
0.8802101612091064 505
0.8865325450897217 509
0.8903145790100098 511
0.8947570323944092 514
0.898404598236084 515
0.9027881622314453 519
0.9086055755615234 521
0.9130971431732178 525
0.916651725769043 528
0.9204940795898438 530
0.9249835014343262 534
0.9306418895721436 536
0.9352695941925049 539
0.939030647277832 541
0.943324089050293 544
0.9468441009521484 547
0.9534018039703369 550
0.9569456577301025 552
0.9606866836547852 555
0.9651474952697754 558
0.9689292907714844 561
0.9749290943145752 564
0.9787001609802246 566
0.9829771518707275 570
0.9931693077087402 575
0.9967625141143799 577
