0 0 
0.0028467178344726562 0
0.0076215267181396484 0
0.01215052604675293 0
0.015622377395629883 0
0.020155668258666992 0
0.02610158920288086 1
0.030337810516357422 1
0.03426814079284668 2
0.03804636001586914 2
0.0426633358001709 3
0.047292470932006836 4
0.053292274475097656 5
0.05701160430908203 6
0.06151413917541504 7
0.06730771064758301 8
0.07157111167907715 8
0.07518243789672852 9
0.07894325256347656 10
0.08343124389648438 12
0.09078788757324219 13
0.09437155723571777 14
0.09815430641174316 15
0.10268068313598633 16
0.10831689834594727 18
0.11281752586364746 18
0.11655116081237793 20
0.12110137939453125 22
0.1246650218963623 22
0.13085722923278809 24
0.134443998336792 25
0.13822221755981445 27
0.14462518692016602 28
0.14839768409729004 30
0.15288424491882324 31
0.15653228759765625 32
0.1609821319580078 34
0.16684198379516602 35
0.1711575984954834 38
0.1785745620727539 39
0.183333158493042 40
0.18705201148986816 42
0.19310283660888672 44
0.1968703269958496 45
0.20132112503051758 47
0.2071535587310791 48
0.21144556999206543 49
0.21508574485778809 50
0.21884632110595703 52
0.22333860397338867 54
0.22938251495361328 55
0.23348641395568848 56
0.2372422218322754 58
0.24167704582214355 59
0.2453596591949463 61
0.2520582675933838 62
0.25554370880126953 64
0.2599818706512451 65
0.26397156715393066 66
0.26752543449401855 68
0.273388147354126 70
0.27713632583618164 71
0.2814638614654541 73
0.28728723526000977 74
0.29158568382263184 76
0.29514431953430176 77
0.29888129234313965 78
0.3035259246826172 80
0.3101310729980469 82
0.3136558532714844 83
0.3174300193786621 84
0.32198023796081543 86
0.3275439739227295 88
0.3322935104370117 89
0.3359382152557373 90
0.34023404121398926 92
0.3440089225769043 93
0.35039258003234863 95
0.3541855812072754 96
0.3576619625091553 98
0.36255717277526855 99
0.36614418029785156 100
0.3720734119415283 102
0.3755826950073242 104
0.3800497055053711 105
0.385911226272583 107
0.390183687210083 108
0.3941383361816406 110
0.39765405654907227 111
0.4024834632873535 112
0.40814852714538574 114
0.4126315116882324 116
0.41620612144470215 117
0.4208855628967285 119
0.4244716167449951 120
0.43105268478393555 122
0.43462657928466797 124
0.4383962154388428 125
0.4428596496582031 126
0.4465138912200928 127
0.452411413192749 129
0.4560515880584717 130
0.4624772071838379 132
0.4660909175872803 134
0.4703688621520996 135
0.4741246700286865 136
0.47762465476989746 138
0.48451662063598633 140
0.48833155632019043 142
0.4928290843963623 143
0.4963948726654053 144
0.5008556842803955 146
0.5065643787384033 147
0.5109896659851074 149
0.5146844387054443 150
0.518456220626831 152
0.5230667591094971 153
0.5286839008331299 155
0.5331549644470215 156
0.536907434463501 158
0.5413157939910889 159
0.544874906539917 160
0.5508995056152344 162
0.5544734001159668 163
0.5582230091094971 166
0.5644698143005371 166
0.5682218074798584 168
0.5728156566619873 169
0.5811231136322021 172
0.5846836566925049 174
0.5914351940155029 176
0.5949840545654297 177
0.600867509841919 179
0.6044590473175049 180
0.6102838516235352 182
0.6140944957733154 183
0.6176104545593262 184
0.6241967678070068 186
0.6279592514038086 188
0.6323966979980469 189
0.6360528469085693 190
0.6403224468231201 192
0.6461315155029297 194
0.6507790088653564 195
0.654421329498291 196
0.6581540107727051 198
0.6628291606903076 200
0.6684620380401611 202
0.6729226112365723 203
0.6767535209655762 204
0.6810860633850098 206
0.684638500213623 208
0.6911637783050537 209
0.6947505474090576 210
0.6984901428222656 212
0.7029411792755127 213
0.7066118717193604 214
0.7125635147094727 216
0.7161271572113037 217
0.7207479476928711 218
0.7265074253082275 220
0.7308955192565918 222
0.734443187713623 223
0.7381763458251953 224
0.7427434921264648 226
0.7483844757080078 229
0.7528846263885498 230
0.7565212249755859 231
0.7609117031097412 232
0.7665972709655762 234
0.7710230350494385 236
0.7745966911315918 237
0.7783427238464355 239
0.7830357551574707 240
0.7887601852416992 242
0.7932603359222412 243
0.7969818115234375 245
0.8013231754302979 246
0.8048546314239502 247
0.810854434967041 249
0.8144185543060303 250
0.818148136138916 251
0.8245060443878174 254
0.8283100128173828 255
0.8328204154968262 256
0.8365375995635986 258
0.8410964012145996 260
0.8468725681304932 262
0.8511619567871094 263
0.8547148704528809 264
0.8584818840026855 265
0.8629789352416992 267
0.8686254024505615 269
0.8730814456939697 270
0.876821756362915 272
0.8811354637145996 273
0.8847026824951172 274
0.8907392024993896 276
0.8943326473236084 277
0.8980748653411865 278
0.9039633274078369 280
0.9074642658233643 282
0.912409782409668 283
0.9180934429168701 285
0.9225738048553467 286
0.9261443614959717 288
0.9303901195526123 289
0.9361965656280518 291
0.9407320022583008 292
0.9443635940551758 294
0.9481117725372314 295
0.9525918960571289 296
0.9582130908966064 299
0.9629120826721191 300
0.9665405750274658 301
0.9709482192993164 303
0.9745388031005859 305
0.9848909378051758 308
0.9886431694030762 309
0.9932456016540527 310
0.9969792366027832 312
