0 0 
0.0023932456970214844 0
0.007483243942260742 0
0.011866092681884766 0
0.015501976013183594 0
0.020181655883789062 -1
0.026024341583251953 -2
0.03051924705505371 -2
0.03406262397766113 -3
0.03786635398864746 -4
0.0423588752746582 -5
0.048403024673461914 -7
0.05250120162963867 -8
0.05624032020568848 -10
0.06054043769836426 -11
0.06405997276306152 -12
0.07009625434875488 -14
0.07374358177185059 -16
0.07755494117736816 -18
0.08343696594238281 -20
0.08719635009765625 -22
0.09173297882080078 -23
0.09737181663513184 -26
0.10185384750366211 -28
0.10552740097045898 -30
0.10991978645324707 -32
0.11359238624572754 -35
0.12017703056335449 -37
0.12372589111328125 -39
0.1274576187133789 -41
0.1319596767425537 -43
0.13762784004211426 -46
0.14227962493896484 -48
0.14601731300354004 -51
0.15029311180114746 -53
0.15381669998168945 -55
0.15761137008666992 -57
0.16249370574951172 -60
0.16909146308898926 -63
0.17288875579833984 -65
0.1764209270477295 -67
0.18098211288452148 -70
0.1865549087524414 -73
0.1912853717803955 -75
0.1949305534362793 -77
0.19919991493225098 -80
0.20318174362182617 -82
0.20985031127929688 -86
0.21341967582702637 -88
0.21717119216918945 -91
0.22171306610107422 -92
0.22528910636901855 -95
0.23128676414489746 -98
0.23493027687072754 -100
0.23919677734375 -103
0.2450878620147705 -106
0.249558687210083 -109
0.2531282901763916 -111
0.2568683624267578 -114
0.26163196563720703 -116
0.26729750633239746 -120
0.27178287506103516 -123
0.275454044342041 -124
0.2799091339111328 -128
0.2834465503692627 -129
0.29018688201904297 -134
0.29375123977661133 -136
0.2975194454193115 -138
0.30202412605285645 -141
0.30577731132507324 -143
0.3116791248321533 -146
0.3199038505554199 -152
0.3235809803009033 -152
0.33043670654296875 -157
0.3340151309967041 -160
0.3377716541290283 -162
0.3423960208892822 -164
0.34616851806640625 -168
0.35202813148498535 -170
0.35574960708618164 -172
0.36208105087280273 -176
0.3658561706542969 -179
0.370136022567749 -181
0.37370729446411133 -184
0.37747836112976074 -186
0.3839685916900635 -190
0.38773250579833984 -192
0.3922555446624756 -194
0.3959972858428955 -197
0.40040040016174316 -199
0.40619444847106934 -203
0.41048502922058105 -205
0.4140284061431885 -208
0.41777992248535156 -210
0.42244553565979004 -212
0.428973913192749 -216
0.4325380325317383 -218
0.43630385398864746 -221
0.44103264808654785 -223
0.44456028938293457 -226
0.45041561126708984 -229
0.4539611339569092 -232
0.45769166946411133 -235
0.46393823623657227 -238
0.4676828384399414 -240
0.47299742698669434 -242
0.47653770446777344 -245
0.4834775924682617 -248
0.4872901439666748 -252
0.4919412136077881 -254
0.49571728706359863 -256
0.5003001689910889 -259
0.5045506954193115 -263
0.5115694999694824 -265
0.5151636600494385 -268
0.5196113586425781 -270
0.5232274532318115 -272
0.5290036201477051 -276
0.5325827598571777 -278
0.5363607406616211 -281
0.5429427623748779 -284
0.5465593338012695 -288
0.5520632266998291 -290
0.5557985305786133 -293
0.5602672100067139 -296
0.566077470779419 -299
0.5703699588775635 -302
0.5739877223968506 -304
0.5777413845062256 -306
0.5822265148162842 -309
0.5878612995147705 -312
0.5923640727996826 -315
0.5961408615112305 -317
0.6004624366760254 -320
0.6040067672729492 -322
0.6100564002990723 -326
0.6136112213134766 -328
0.6173512935638428 -330
0.6232891082763672 -333
0.6270425319671631 -335
0.6315443515777588 -338
0.6372289657592773 -342
0.6417787075042725 -344
0.6454513072967529 -346
0.649864912033081 -350
0.653428316116333 -351
0.6600255966186523 -356
0.6635880470275879 -358
0.6673471927642822 -360
0.6719193458557129 -363
0.6756045818328857 -364
0.6818017959594727 -369
0.6854655742645264 -370
0.6918370723724365 -375
0.6955058574676514 -376
0.6999151706695557 -380
0.7034764289855957 -381
0.7072291374206543 -384
0.7136523723602295 -388
0.7220053672790527 -393
0.725750207901001 -394
0.730187177658081 -398
0.7337596416473389 -400
0.7400968074798584 -404
0.7436940670013428 -406
0.7474422454833984 -408
0.7525205612182617 -411
0.7562832832336426 -414
0.7621333599090576 -417
0.7659342288970947 -419
0.7702693939208984 -423
0.7760844230651855 -425
0.7803847789764404 -428
0.7839560508728027 -430
0.7878310680389404 -433
0.7922956943511963 -436
0.7983367443084717 -438
0.8025922775268555 -441
0.8063762187957764 -443
0.8111057281494141 -446
0.814610481262207 -450
0.8213446140289307 -452
0.8250348567962646 -454
0.8293240070343018 -457
0.8331284523010254 -459
0.8366308212280273 -463
0.8424677848815918 -465
0.8462061882019043 -468
0.8504955768585205 -471
0.8563392162322998 -474
0.8610763549804688 -476
0.8646037578582764 -478
0.8690955638885498 -481
0.87496018409729 -484
0.879237174987793 -487
0.8830480575561523 -489
0.8865914344787598 -492
0.8912901878356934 -494
0.8969979286193848 -498
0.9015028476715088 -500
0.9050853252410889 -502
0.9093575477600098 -505
0.9132833480834961 -507
0.9200282096862793 -512
0.9236025810241699 -514
0.9273579120635986 -517
0.931849479675293 -519
0.9354887008666992 -520
0.9416313171386719 -524
0.9452269077301025 -526
0.9497148990631104 -529
0.9539804458618164 -532
0.9577419757843018 -535
0.9622306823730469 -537
0.9659695625305176 -540
0.9703090190887451 -542
0.9738759994506836 -544
0.9776184558868408 -547
0.9822320938110352 -549
0.9859797954559326 -552
0.9913430213928223 -554
0.9950289726257324 -556
0.9995448589324951 -559
