0 0 
0.002216339111328125 0
0.008263349533081055 0
0.011775732040405273 0
0.015472173690795898 1
0.02542877197265625 2
0.03057408332824707 2
0.03430008888244629 3
0.04004621505737305 4
0.04364824295043945 4
0.04836082458496094 5
0.05801033973693848 7
0.06258893013000488 9
0.06942439079284668 10
0.07360649108886719 11
0.0788726806640625 12
0.08244609832763672 14
0.08819317817687988 15
0.09392666816711426 16
0.09832191467285156 18
0.1018834114074707 19
0.10563302040100098 21
0.11018252372741699 21
0.11582732200622559 24
0.12047863006591797 25
0.1242074966430664 26
0.1286015510559082 28
0.13216590881347656 29
0.13816070556640625 30
0.14178752899169922 32
0.14554953575134277 34
0.15041518211364746 36
0.1560978889465332 38
0.1614665985107422 39
0.1649622917175293 40
0.16954326629638672 42
0.17539000511169434 44
0.1799333095550537 45
0.18349313735961914 47
0.18778491020202637 48
0.19156575202941895 50
0.1950516700744629 52
0.2009410858154297 53
0.20470142364501953 55
0.21146082878112793 57
0.21504759788513184 58
0.21973562240600586 60
0.22345495223999023 62
0.22777032852172852 63
0.23359203338623047 65
0.2381446361541748 67
0.2417433261871338 68
0.24547457695007324 70
0.25011610984802246 71
0.2593722343444824 75
0.2629239559173584 76
0.2668032646179199 78
0.27349066734313965 80
0.27818775177001953 82
0.28189659118652344 83
0.2856881618499756 86
0.29016828536987305 86
0.29584693908691406 90
0.3003203868865967 91
0.3039510250091553 92
0.3083057403564453 94
0.31188201904296875 95
0.318462610244751 98
0.32201480865478516 98
0.32575273513793945 101
0.3304009437561035 102
0.3340799808502197 103
0.3400895595550537 106
0.3437225818634033 107
0.3496108055114746 109
0.35333704948425293 111
0.3596017360687256 113
0.3633859157562256 115
0.36768078804016113 116
0.371476411819458 118
0.3749887943267822 119
0.3817906379699707 122
0.38556909561157227 123
0.3902547359466553 125
0.39489316940307617 127
0.3994576930999756 128
0.4050283432006836 131
0.40972304344177246 132
0.41335487365722656 134
0.41774725914001465 135
0.4215354919433594 137
0.42818546295166016 139
0.4317898750305176 141
0.4355297088623047 142
0.43999719619750977 144
0.4435892105102539 145
0.4497501850128174 148
0.4534454345703125 149
0.45772600173950195 150
0.4636387825012207 153
0.4681408405303955 154
0.47173070907592773 156
0.4754757881164551 158
0.47995781898498535 159
0.4855995178222656 161
0.4900975227355957 163
0.49364757537841797 164
0.49828147888183594 167
0.5018632411956787 168
0.5086150169372559 170
0.5122179985046387 172
0.515972375869751 174
0.5204534530639648 175
0.5260717868804932 178
0.5306112766265869 179
0.5343539714813232 180
0.5386276245117188 182
0.5422179698944092 184
0.5482504367828369 186
0.5518162250518799 187
0.555556058883667 188
0.5619113445281982 190
0.5656905174255371 193
0.5703716278076172 194
0.5740437507629395 195
0.578420877456665 197
0.5842361450195312 200
0.5886116027832031 201
0.5921845436096191 203
0.5959463119506836 204
0.6004314422607422 206
0.6060652732849121 208
0.6105706691741943 210
0.6143097877502441 211
0.6185765266418457 213
0.6221621036529541 214
0.628354549407959 216
0.6319460868835449 218
0.635697603225708 220
0.641613245010376 221
0.6453323364257812 223
0.6498043537139893 224
0.6600501537322998 228
0.6636385917663574 230
0.6682291030883789 232
0.6718347072601318 233
0.6776590347290039 235
0.6816408634185791 236
0.6854274272918701 238
0.6921689510345459 241
0.6959660053253174 243
0.7004539966583252 244
0.7041752338409424 245
0.7084987163543701 247
0.7142820358276367 250
0.7185831069946289 251
0.7221560478210449 253
0.7258875370025635 254
0.7303488254547119 256
0.7359309196472168 258
0.7404332160949707 260
0.7441856861114502 260
0.7486436367034912 263
0.7522082328796387 264
0.7582337856292725 266
0.7618060111999512 267
0.7655420303344727 269
0.7706615924835205 271
0.7743971347808838 274
0.780240535736084 275
0.7837867736816406 276
0.7882466316223145 279
0.7939574718475342 280
0.7983725070953369 282
0.8020408153533936 284
0.8058059215545654 285
0.8104500770568848 287
0.8160667419433594 289
0.8205509185791016 290
0.8242902755737305 292
0.8285863399505615 294
0.8321616649627686 296
0.8387093544006348 297
0.8422565460205078 299
0.8459844589233398 300
0.8504719734191895 302
0.854205846786499 303
0.8600788116455078 305
0.8636491298675537 306
0.868788480758667 309
0.8723530769348145 310
0.8784067630767822 313
0.8819992542266846 314
0.8857722282409668 316
0.8921043872833252 318
0.8958845138549805 320
0.9005017280578613 321
0.904231071472168 323
0.9085512161254883 324
0.9143750667572021 326
0.9187157154083252 328
0.9222581386566162 330
0.9260928630828857 331
0.9307267665863037 333
0.9363291263580322 335
0.94081711769104 336
0.9445550441741943 338
0.9488413333892822 340
0.9523954391479492 341
0.9584145545959473 344
0.9620034694671631 344
0.9657449722290039 347
0.9720067977905273 349
0.9758007526397705 350
0.9802913665771484 352
0.9839515686035156 353
0.9899213314056396 355
0.9935488700866699 356
0.9980113506317139 358
