0 0 
0.002382993698120117 0
0.007460355758666992 0
0.011882781982421875 0
0.015597820281982422 0
0.019924640655517578 0
0.02341604232788086 0
0.02710103988647461 0
0.03173518180847168 0
0.0373692512512207 0
0.04206585884094238 0
0.04576516151428223 0
0.04998922348022461 0
0.055710792541503906 0
0.059946537017822266 0
0.0634605884552002 0
0.06713366508483887 0
0.07329988479614258 0
0.07903861999511719 0
0.0827782154083252 0
0.08624100685119629 0
0.09048581123352051 0
0.09625983238220215 0
0.1009514331817627 0
0.10438656806945801 0
0.10825419425964355 0
0.11235785484313965 0
0.1188344955444336 0
0.12230420112609863 0
0.1259899139404297 0
0.13024616241455078 0
0.1337428092956543 0
0.14028263092041016 0
0.1437671184539795 0
0.1474311351776123 0
0.15183615684509277 0
0.1555929183959961 0
0.16163420677185059 0
0.1651444435119629 0
0.17092418670654297 0
0.17442941665649414 0
0.17882156372070312 0
0.18231892585754395 0
0.1888408660888672 0
0.192307710647583 0
0.19597744941711426 0
0.20026731491088867 0
0.2038555145263672 0
0.21035408973693848 0
0.21385550498962402 0
0.217604398727417 0
0.22217059135437012 0
0.22585797309875488 0
0.23738312721252441 0
0.24185705184936523 0
0.25003814697265625 0
0.25356507301330566 0
0.2572634220123291 0
0.26367688179016113 0
0.26744961738586426 0
0.2718806266784668 0
0.2754807472229004 0
0.27993130683898926 0
0.28565502166748047 0
0.2899150848388672 0
0.2934088706970215 0
0.2971007823944092 0
0.30170559883117676 0
0.30814051628112793 0
0.31220459938049316 0
0.315903902053833 0
0.32014012336730957 0
0.3276400566101074 0
0.33440732955932617 0
0.3388493061065674 0
0.34285974502563477 0
0.34632158279418945 0
0.35098743438720703 0
0.3567333221435547 0
0.36110687255859375 0
0.36446261405944824 0
0.3689277172088623 0
0.37240076065063477 0
0.37896275520324707 0
0.3824498653411865 0
0.38614988327026367 0
0.39041638374328613 0
0.39391064643859863 0
0.40003204345703125 0
0.4036409854888916 0
0.4073190689086914 0
0.4135918617248535 0
0.4173316955566406 0
0.42172908782958984 0
0.42533254623413086 0
0.42983460426330566 0
0.43558621406555176 0
0.43989038467407227 0
0.4434089660644531 0
0.44711923599243164 0
0.45157480239868164 0
0.45716166496276855 0
0.46178126335144043 0
0.465404748916626 0
0.46971559524536133 0
0.47322678565979004 0
0.4797477722167969 0
0.4832923412322998 0
0.48697614669799805 0
0.4914124011993408 0
0.4948875904083252 0
0.5004644393920898 0
0.5039713382720947 0
0.5076208114624023 0
0.5138819217681885 0
0.517582893371582 0
0.5221877098083496 0
0.5258941650390625 0
0.5301146507263184 0
0.5358343124389648 0
0.5400950908660889 0
0.5435934066772461 0
0.5472431182861328 0
0.5516471862792969 0
0.5572011470794678 0
0.5617902278900146 0
0.5653939247131348 0
0.569805383682251 0
0.5732781887054443 0
0.5799341201782227 0
0.5834105014801025 0
0.5870897769927979 0
0.5915741920471191 0
0.5950665473937988 0
0.6008756160736084 0
0.604255199432373 0
0.6081619262695312 0
0.6142122745513916 0
0.6181652545928955 0
0.6222026348114014 0
0.6258947849273682 0
0.6301372051239014 0
0.6358277797698975 0
0.6402685642242432 0
0.6437551975250244 0
0.6474344730377197 0
0.6518487930297852 0
0.6574006080627441 0
0.6618297100067139 0
0.6656286716461182 0
0.6698951721191406 0
0.6733949184417725 0
0.6798927783966064 0
0.6833891868591309 0
0.6870639324188232 0
0.6916673183441162 0
0.6951625347137451 0
0.7013087272644043 0
0.7048301696777344 0
0.7090239524841309 0
0.7148532867431641 0
0.7190537452697754 0
0.7268350124359131 0
0.7314450740814209 0
0.7349491119384766 0
0.740882396697998 0
0.7442564964294434 0
0.7481753826141357 0
0.7536232471466064 0
0.7573237419128418 0
0.761885404586792 0
0.7674300670623779 0
0.7718291282653809 0
0.7754442691802979 0
0.7798738479614258 0
0.7834019660949707 0
0.7899398803710938 0
0.793447732925415 0
0.7971370220184326 0
0.8015439510345459 0
0.8050172328948975 0
0.8108103275299072 0
0.8141770362854004 0
0.817734956741333 0
0.823035478591919 0
0.8264479637145996 0
0.8322315216064453 0
0.8359203338623047 0
0.840155839920044 0
0.845914363861084 0
0.8501858711242676 0
0.8536581993103027 0
0.8573389053344727 0
0.8617470264434814 0
0.8673136234283447 0
0.871701717376709 0
0.8751907348632812 0
0.8798046112060547 0
0.8833367824554443 0
0.8898625373840332 0
0.8933682441711426 0
0.8970668315887451 0
0.9016435146331787 0
0.9051508903503418 0
0.910994291305542 0
0.9144222736358643 0
0.9207441806793213 0
0.9241929054260254 0
0.927743673324585 0
0.9321479797363281 0
0.9358453750610352 0
0.9402480125427246 0
0.9460141658782959 0
0.9504516124725342 0
0.9539380073547363 0
0.9576077461242676 0
0.9620225429534912 0
0.9676036834716797 0
0.9720306396484375 0
0.9757287502288818 0
0.9799392223358154 0
0.9834349155426025 0
0.9899482727050781 0
0.9934353828430176 0
0.997138500213623 0
