0 0 
0.002471446990966797 0
0.007524967193603516 0
0.011922597885131836 0
0.01570439338684082 0
0.01999378204345703 0
0.025743961334228516 0
0.0300295352935791 0
0.03349900245666504 0
0.037253379821777344 0
0.041707515716552734 1
0.047280311584472656 1
0.05194425582885742 1
0.055640220642089844 2
0.05995297431945801 2
0.06348252296447754 2
0.06946492195129395 2
0.0731346607208252 2
0.07687902450561523 3
0.08319425582885742 3
0.0869588851928711 4
0.09147095680236816 4
0.0950167179107666 4
0.09946084022521973 4
0.1050868034362793 5
0.10971522331237793 6
0.11333870887756348 6
0.11711382865905762 6
0.12159514427185059 6
0.1272120475769043 7
0.131852388381958 8
0.13546395301818848 8
0.13983774185180664 8
0.14338231086730957 8
0.1499464511871338 9
0.15346503257751465 10
0.1582498550415039 10
0.16233491897583008 10
0.16608548164367676 11
0.17209219932556152 11
0.17585349082946777 12
0.18015074729919434 12
0.185960054397583 12
0.19029831886291504 13
0.19383955001831055 13
0.19761323928833008 14
0.2020881175994873 14
0.20818471908569336 15
0.21228742599487305 15
0.216064453125 16
0.22033143043518066 16
0.22389459609985352 16
0.23091530799865723 17
0.23444867134094238 17
0.23894309997558594 18
0.24271845817565918 18
0.24628734588623047 18
0.2521398067474365 19
0.25586581230163574 19
0.26178622245788574 20
0.26557254791259766 20
0.2699401378631592 21
0.27573633193969727 21
0.2834904193878174 22
0.28728532791137695 22
0.29198670387268066 23
0.2957572937011719 24
0.30177736282348633 24
0.30545997619628906 24
0.30999755859375 25
0.3158290386199951 25
0.32013535499572754 26
0.3236885070800781 26
0.3275105953216553 26
0.3320040702819824 27
0.3376288414001465 27
0.3420717716217041 28
0.34578561782836914 28
0.3502790927886963 28
0.35379719734191895 29
0.3604109287261963 30
0.3639507293701172 30
0.3676722049713135 30
0.3721151351928711 31
0.37585902214050293 31
0.3816964626312256 32
0.3853318691253662 32
0.3912978172302246 32
0.3948843479156494 33
0.3994579315185547 33
0.4050743579864502 34
0.40973424911499023 34
0.4133024215698242 35
0.4170815944671631 35
0.42157626152038574 36
0.42727136611938477 36
0.4317476749420166 37
0.4354269504547119 37
0.43979525566101074 38
0.44339656829833984 38
0.44946765899658203 38
0.45308423042297363 38
0.45685911178588867 39
0.46312856674194336 40
0.4668874740600586 40
0.4714982509613037 40
0.4750938415527344 41
0.47966766357421875 42
0.48538851737976074 42
0.48981714248657227 42
0.49341392517089844 42
0.4971926212310791 43
0.5016648769378662 44
0.5072891712188721 44
0.5117111206054688 44
0.5153412818908691 45
0.5198812484741211 45
0.5256569385528564 46
0.5301053524017334 46
0.5336606502532959 47
0.5373787879943848 47
0.5418381690979004 48
0.5474488735198975 48
0.5519435405731201 48
0.5556731224060059 49
0.559955358505249 49
0.5635402202606201 50
0.56964111328125 50
0.5732104778289795 50
0.5769436359405518 51
0.5832564830780029 52
0.5870447158813477 52
0.5917038917541504 52
0.5953419208526611 53
0.599705696105957 53
0.6053972244262695 54
0.6097917556762695 54
0.6133527755737305 54
0.6171066761016846 55
0.6216113567352295 55
0.6272356510162354 56
0.6317226886749268 56
0.6353442668914795 57
0.6397171020507812 57
0.6432666778564453 58
0.6500141620635986 58
0.6535794734954834 59
0.6573009490966797 59
0.6617271900177002 60
0.6655693054199219 60
0.6714043617248535 60
0.6749570369720459 60
0.6794147491455078 61
0.6864786148071289 62
0.692460298538208 62
0.696221113204956 63
0.7020950317382812 63
0.7058601379394531 64
0.7104072570800781 64
0.7161834239959717 65
0.7207469940185547 65
0.7241702079772949 66
0.7281661033630371 66
0.7322683334350586 66
0.7388098239898682 67
0.7423458099365234 67
0.7460799217224121 68
0.7503561973571777 68
0.7538847923278809 68
0.7604212760925293 69
0.7639892101287842 69
0.7677140235900879 70
0.7723629474639893 70
0.7760844230651855 71
0.7822129726409912 71
0.785952091217041 72
0.7902276515960693 72
0.7960269451141357 72
0.8003199100494385 73
0.8038506507873535 73
0.8076119422912598 74
0.8120832443237305 74
0.8176686763763428 75
0.8221549987792969 75
0.8258974552154541 76
0.8303468227386475 76
0.8338828086853027 76
0.8404347896575928 77
0.8439819812774658 77
0.847710371017456 78
0.8522109985351562 78
0.8559689521789551 78
0.861828088760376 79
0.8655667304992676 79
0.8698487281799316 80
0.8756818771362305 80
0.8799769878387451 81
0.8835322856903076 81
0.8872663974761963 82
0.8918724060058594 82
0.8974757194519043 82
0.9019513130187988 83
0.9058170318603516 83
0.9103033542633057 84
0.9160480499267578 84
0.920342206954956 85
0.9238753318786621 85
0.9276127815246582 86
0.9320633411407471 86
0.93768310546875 86
0.9421703815460205 87
0.9459066390991211 87
0.9503524303436279 88
0.9538893699645996 88
0.959930419921875 89
0.9634826183319092 89
0.9672243595123291 90
0.9736118316650391 90
0.9773857593536377 90
0.981879472732544 91
0.9856088161468506 91
0.9899537563323975 92
0.995769739151001 92
