time angle speed
0 0 0
0.0031380653381347656 0 0
0.008222818374633789 0 0
0.012630462646484375 0 3
0.01616692543029785 0 3
0.0227510929107666 1 8
0.026269197463989258 1 9
0.02971959114074707 2 14
0.03439450263977051 2 23
0.038071393966674805 3 182
0.04952430725097656 6 154
0.056107521057128906 7 206
0.05964183807373047 9 243
0.06614160537719727 10 250
0.0702364444732666 12 269
0.07484126091003418 12 288
0.08048343658447266 15 297
0.08504486083984375 16 302
0.08881902694702148 17 318
0.09312868118286133 19 330
0.09894895553588867 21 345
0.10328364372253418 22 350
0.1068718433380127 24 352
0.11061334609985352 26 365
0.11529016494750977 27 379
0.12091994285583496 30 385
0.1256868839263916 31 392
0.12947511672973633 33 392
0.13407325744628906 34 398
0.13759064674377441 36 398
0.14341092109680176 38 405
0.14695239067077637 40 406
0.15068817138671875 42 410
0.1570584774017334 44 413
0.16085052490234375 46 417
0.16532039642333984 48 423
0.16915273666381836 50 425
0.17359542846679688 51 431
0.17938685417175293 54 434
0.18372774124145508 56 434
0.18746566772460938 57 434
0.19147253036499023 59 438
0.19557404518127441 61 438
0.20215773582458496 64 439
0.20572614669799805 65 439
0.20950913429260254 67 441
0.21407461166381836 69 444
0.21770262718200684 72 446
0.2245347499847412 73 447
0.22809910774230957 75 451
0.23240137100219727 77 450
0.2363748550415039 79 451
0.24011588096618652 80 452
0.24674081802368164 84 454
0.2505166530609131 86 455
0.2551295757293701 88 451
0.25887537002563477 90 452
0.2631995677947998 92 451
0.2690160274505615 94 456
0.27339601516723633 96 452
0.2770102024078369 98 455
0.28073549270629883 100 457
0.2852592468261719 102 459
0.2909281253814697 104 457
0.2956233024597168 106 461
0.2993953227996826 108 461
0.3039984703063965 110 460
0.3074502944946289 112 458
0.3133704662322998 114 459
0.3169112205505371 116 456
0.32067084312438965 118 458
0.3270418643951416 121 458
0.3308398723602295 123 461
0.33541345596313477 126 465
0.3440372943878174 128 465
0.3474910259246826 130 463
0.3536667823791504 133 461
0.35721683502197266 135 458
0.36136460304260254 138 459
0.36690831184387207 139 459
0.37071752548217773 141 460
0.375225305557251 144 463
0.38088202476501465 146 462
0.38554835319519043 148 463
0.3893468379974365 150 462
0.3936634063720703 151 468
0.3995020389556885 154 460
0.4040966033935547 156 461
0.4076108932495117 158 461
0.41214537620544434 160 462
0.4161186218261719 162 457
0.4227144718170166 164 462
0.4262964725494385 166 462
0.43003082275390625 168 463
0.43445754051208496 170 466
0.4381062984466553 172 466
0.4437215328216553 174 466
0.4474523067474365 176 463
0.4514291286468506 178 461
0.45761728286743164 181 464
0.4621000289916992 183 459
0.46567392349243164 185 460
0.4694364070892334 186 459
0.47417593002319336 188 461
0.47998714447021484 191 463
0.48444437980651855 193 463
0.4881007671356201 195 464
0.49263978004455566 197 467
0.4962577819824219 198 467
0.5028307437896729 201 464
0.5064387321472168 203 463
0.5102016925811768 205 464
0.514885425567627 208 462
0.518552303314209 209 459
0.524456262588501 212 463
0.5280754566192627 213 462
0.5323710441589355 216 466
0.5374622344970703 218 464
0.5414559841156006 220 465
0.5455458164215088 223 465
0.55210280418396 224 464
0.5556714534759521 226 461
0.5594470500946045 228 461
0.5640287399291992 230 461
0.5695819854736328 233 461
0.5741806030273438 235 463
0.5776867866516113 236 462
0.5822668075561523 238 461
0.5860564708709717 240 464
0.5924384593963623 243 466
0.5964021682739258 245 464
0.6001479625701904 247 466
0.6046152114868164 249 468
0.608196496963501 250 464
0.6140785217285156 253 464
0.6175925731658936 255 461
0.6220877170562744 257 459
0.6277246475219727 260 461
0.6322319507598877 262 463
0.6360375881195068 264 462
0.6395525932312012 265 464
0.6444175243377686 267 467
0.6501586437225342 270 462
0.6548194885253906 272 465
0.6583917140960693 274 463
0.6629009246826172 276 463
0.6664643287658691 277 458
0.6730351448059082 281 462
0.6766135692596436 282 460
0.6804888248443604 285 461
0.6849687099456787 286 461
0.6886200904846191 288 466
0.6945698261260986 290 466
0.6981649398803711 292 467
0.7045657634735107 295 467
0.7081940174102783 297 466
0.712794303894043 299 463
0.7164206504821777 300 463
0.7201719284057617 302 463
0.7265036106109619 305 463
0.7302751541137695 308 464
0.7348031997680664 309 462
0.7416412830352783 314 463
0.7468798160552979 316 463
0.7535910606384277 318 467
0.7571263313293457 320 466
0.7608640193939209 322 465
0.765498161315918 324 461
0.7692389488220215 326 461
0.7753746509552002 328 460
0.779146671295166 330 460
0.7834141254425049 333 460
0.7892191410064697 335 461
0.7935762405395508 337 463
0.797224760055542 338 466
0.800947904586792 340 466
0.8054201602935791 343 464
0.8114097118377686 345 465
0.815514087677002 347 463
0.8192620277404785 349 463
0.8235809803009033 351 460
0.8271353244781494 354 464
0.8341073989868164 355 463
0.8375968933105469 357 463
0.8420438766479492 359 464
0.8455960750579834 361 465
0.8493423461914062 364 465
0.8552062511444092 366 462
0.8589630126953125 367 464
0.8632731437683105 370 462
0.8690719604492188 372 462
0.8733799457550049 374 461
0.876889705657959 376 463
0.8806636333465576 378 461
0.8869905471801758 380 462
0.8907511234283447 382 464
0.8954308032989502 384 467
0.899165153503418 387 465
0.9051704406738281 389 468
0.9089550971984863 390 465
0.9132299423217773 393 462
0.9190428256988525 395 465
0.9234752655029297 397 463
0.9270355701446533 399 462
0.9307794570922852 401 460
0.9352211952209473 404 461
0.9408721923828125 405 463
0.9453423023223877 407 463
0.9490811824798584 409 465
0.9535424709320068 411 466
0.957099437713623 414 470
0.964440107345581 416 466
0.9680964946746826 418 464
0.9723927974700928 419 464
0.9761862754821777 421 460
0.9796791076660156 424 462
0.9855575561523438 426 462
0.9893105030059814 428 462
0.9936089515686035 430 464
0.9994335174560547 432 461
