time angle speed
0 0 0
0.0031585693359375 0 0
0.006674051284790039 0 0
0.010886192321777344 1 2
0.014640092849731445 1 7
0.018207788467407227 1 7
0.02480316162109375 2 15
0.028559446334838867 3 12
0.033399105072021484 3 19
0.03702259063720703 4 63
0.04163551330566406 5 164
0.045623064041137695 7 184
0.052596330642700195 8 233
0.0560297966003418 9 257
0.05999469757080078 10 276
0.06408214569091797 12 289
0.0700831413269043 13 306
0.07421398162841797 15 322
0.07796430587768555 17 335
0.08226776123046875 18 349
0.08581018447875977 20 367
0.09282040596008301 22 377
0.09651803970336914 23 385
0.10080552101135254 25 397
0.1048126220703125 27 397
0.10829544067382812 29 415
0.11455249786376953 31 419
0.1180870532989502 33 429
0.12462258338928223 35 439
0.12819910049438477 37 447
0.13280940055847168 39 454
0.13652968406677246 41 456
0.14079499244689941 43 461
0.14655447006225586 46 467
0.15093088150024414 47 467
0.15491271018981934 49 471
0.15873098373413086 51 476
0.16324615478515625 53 481
0.16891074180603027 57 489
0.1734466552734375 59 491
0.17702889442443848 60 494
0.18212151527404785 63 496
0.18566083908081055 65 499
0.19173192977905273 68 501
0.1952955722808838 70 501
0.19902443885803223 72 503
0.20826077461242676 77 508
0.2141590118408203 79 508
0.2181713581085205 81 510
0.22303509712219238 83 512
0.2266683578491211 86 512
0.2328038215637207 89 517
0.23628997802734375 91 518
0.24276185035705566 94 517
0.24659132957458496 96 518
0.2508518695831299 98 517
0.25464391708374023 100 514
0.2581641674041748 102 516
0.2647576332092285 105 521
0.2686300277709961 107 521
0.2732992172241211 110 522
0.27687788009643555 112 528
0.28138160705566406 114 525
0.2870175838470459 117 524
0.2915332317352295 120 524
0.2950899600982666 121 524
0.2988553047180176 124 523
0.3033559322357178 125 525
0.30904364585876465 129 526
0.313582181930542 132 527
0.3172636032104492 133 532
0.3216409683227539 136 531
0.32521605491638184 137 527
0.3315269947052002 141 529
0.3351593017578125 142 530
0.33891916275024414 145 527
0.3453094959259033 149 527
0.34907960891723633 151 530
0.3535490036010742 153 529
0.35719943046569824 154 531
0.36176586151123047 157 533
0.36760592460632324 160 531
0.37195515632629395 163 531
0.3755004405975342 165 531
0.3792533874511719 167 529
0.3837728500366211 170 529
0.3894064426422119 172 528
0.39406251907348633 174 530
0.3978383541107178 176 530
0.40220022201538086 178 531
0.4057631492614746 181 531
0.41260504722595215 184 529
0.41605615615844727 186 534
0.4200749397277832 188 529
0.4241750240325928 190 531
0.4279201030731201 193 531
0.4337756633758545 195 528
0.43752551078796387 197 528
0.44179201126098633 201 532
0.4476485252380371 203 530
0.4521455764770508 205 531
0.45569348335266113 207 533
0.4594540596008301 209 531
0.4639410972595215 212 533
0.46955037117004395 215 529
0.47402358055114746 217 532
0.47779130935668945 219 530
0.48221302032470703 221 531
0.48576951026916504 224 533
0.49277448654174805 226 533
0.4962799549102783 228 533
0.5007688999176025 231 535
0.5042963027954102 233 532
0.5080902576446533 236 531
0.5140624046325684 238 532
0.5177841186523438 240 531
0.5220868587493896 243 528
0.5278968811035156 245 531
0.5321829319000244 247 533
0.5357334613800049 250 532
0.5395100116729736 252 534
0.54583740234375 255 538
0.5499773025512695 257 535
0.5540857315063477 259 536
0.5578358173370361 261 532
0.5621349811553955 263 531
0.5678985118865967 267 528
0.5726804733276367 269 532
0.5761840343475342 271 530
0.5806059837341309 273 531
0.5841655731201172 275 535
0.5907495021820068 279 534
0.5942821502685547 281 536
0.5980677604675293 283 536
0.6026186943054199 285 536
0.6060633659362793 289 531
0.6163170337677002 292 529
0.6207666397094727 294 529
0.6248652935028076 297 530
0.6285867691040039 299 535
0.6333346366882324 301 533
0.638953685760498 305 538
0.6434378623962402 306 538
0.6470174789428711 308 533
0.6515283584594727 311 533
0.655083417892456 313 531
0.6616489887237549 317 530
0.6652450561523438 318 531
0.6690092086791992 321 535
0.6735920906066895 323 534
0.6772692203521729 324 536
0.6832258701324463 327 535
0.6867940425872803 330 535
0.6918766498565674 333 530
0.6954455375671387 335 532
0.7014999389648438 338 530
0.7050583362579346 339 531
0.7087969779968262 341 529
0.715142011642456 345 533
0.7189087867736816 348 531
0.7234165668487549 349 535
0.726996898651123 351 538
0.7314705848693848 354 537
0.7371511459350586 356 533
0.7416012287139893 359 536
0.7451431751251221 361 529
0.7488832473754883 364 529
0.7535450458526611 366 530
0.7591586112976074 369 532
0.7636528015136719 371 534
0.7674343585968018 372 535
0.7717812061309814 375 538
0.7753379344940186 378 536
0.7813951969146729 380 533
0.7850842475891113 382 531
0.7888576984405518 386 532
0.795102596282959 387 530
0.7988777160644531 391 532
0.8033819198608398 391 532
0.8069231510162354 394 531
0.8115768432617188 398 535
0.81742262840271 399 538
0.8217110633850098 402 539
0.825263500213623 405 537
0.8290283679962158 407 535
0.8335056304931641 410 530
0.839116096496582 412 528
0.8435595035552979 414 532
0.8472113609313965 415 527
0.8515794277191162 418 530
0.8551599979400635 419 537
0.8617124557495117 423 535
0.8652811050415039 426 537
0.8690328598022461 428 536
0.8736720085144043 430 534
0.8774197101593018 431 529
0.8834781646728516 435 528
0.8871545791625977 436 531
0.8935034275054932 441 531
0.89715576171875 442 535
0.9015576839447021 445 535
0.9051103591918945 446 538
0.9089736938476562 449 535
0.9153316020965576 452 535
0.9191052913665771 455 533
0.923572301864624 457 534
0.9272000789642334 458 531
0.9317448139190674 461 532
0.9375276565551758 464 533
0.9418425559997559 466 532
0.9453990459442139 469 533
0.9491481781005859 471 538
0.9536287784576416 474 534
0.9592716693878174 476 530
0.9637207984924316 478 535
0.9674594402313232 480 531
0.9717855453491211 482 530
0.9753451347351074 485 530
0.981938362121582 487 532
0.9854905605316162 490 534
0.9892458915710449 492 534
0.9938912391662598 494 535
0.9976146221160889 497 536
