time angle speed
0 0 0
0.0048770904541015625 0 0
0.008647680282592773 0 -2
0.013542652130126953 -1 -2
0.01753091812133789 -1 -2
0.022150278091430664 -1 -18
0.02805805206298828 -2 -59
0.032553911209106445 -3 -13
0.036148786544799805 -3 -37
0.03998517990112305 -4 -141
0.04443693161010742 -5 -166
0.05005598068237305 -7 -225
0.0545198917388916 -8 -246
0.058090925216674805 -9 -280
0.0627748966217041 -11 -278
0.0663597583770752 -12 -322
0.07293009757995605 -15 -342
0.0765681266784668 -17 -353
0.08035922050476074 -18 -372
0.08483457565307617 -20 -389
0.08852553367614746 -21 -398
0.0944986343383789 -23 -412
0.09806084632873535 -25 -425
0.10251045227050781 -27 -441
0.1082158088684082 -30 -451
0.11271333694458008 -33 -461
0.11638021469116211 -33 -466
0.12016749382019043 -37 -475
0.12483930587768555 -39 -487
0.13053011894226074 -41 -492
0.13505291938781738 -43 -499
0.13883686065673828 -46 -505
0.14317536354064941 -48 -511
0.14673352241516113 -51 -522
0.15329527854919434 -53 -527
0.15686464309692383 -55 -530
0.16066980361938477 -57 -531
0.16516470909118652 -59 -534
0.16889142990112305 -63 -535
0.17475032806396484 -65 -539
0.17841362953186035 -66 -545
0.18341898918151855 -71 -552
0.1908109188079834 -74 -558
0.19754910469055176 -77 -562
0.20206785202026367 -79 -559
0.20604896545410156 -82 -563
0.20954680442810059 -84 -560
0.2145366668701172 -86 -563
0.22022080421447754 -91 -569
0.22470879554748535 -93 -570
0.22838091850280762 -94 -567
0.2328040599822998 -98 -571
0.23635578155517578 -99 -575
0.24307012557983398 -103 -574
0.2466742992401123 -106 -579
0.25048232078552246 -108 -578
0.25513768196105957 -111 -573
0.25887441635131836 -114 -574
0.2647368907928467 -116 -581
0.26844120025634766 -117 -580
0.2728424072265625 -122 -588
0.2787332534790039 -125 -584
0.28304433822631836 -127 -583
0.28664112091064453 -129 -584
0.29039669036865234 -131 -582
0.2948453426361084 -135 -582
0.3005208969116211 -137 -583
0.305159330368042 -139 -583
0.30892038345336914 -142 -585
0.3132190704345703 -144 -586
0.31676435470581055 -148 -588
0.32332849502563477 -150 -589
0.32687854766845703 -153 -589
0.33072590827941895 -155 -589
0.3352317810058594 -157 -584
0.3390049934387207 -161 -587
0.3448798656463623 -163 -588
0.3486628532409668 -164 -585
0.35321807861328125 -168 -589
0.35903334617614746 -171 -591
0.3635430335998535 -174 -589
0.36728858947753906 -176 -591
0.37128734588623047 -179 -587
0.37539148330688477 -181 -588
0.38195252418518066 -184 -588
0.38591933250427246 -187 -586
0.38947033882141113 -189 -591
0.3940701484680176 -191 -589
0.39780378341674805 -194 -592
0.4035344123840332 -197 -594
0.4072721004486084 -200 -593
0.4112997055053711 -202 -589
0.41747570037841797 -205 -586
0.422029972076416 -208 -590
0.42596435546875 -210 -591
0.42948412895202637 -213 -592
0.4340660572052002 -215 -591
0.43982362747192383 -219 -596
0.44425511360168457 -221 -594
0.4479212760925293 -223 -593
0.45223045349121094 -226 -591
0.45806431770324707 -229 -590
0.46262526512145996 -232 -587
0.46622610092163086 -234 -588
0.46997880935668945 -237 -590
0.4744551181793213 -239 -589
0.48012518882751465 -243 -595
0.4849355220794678 -246 -591
0.4886970520019531 -247 -590
0.493030309677124 -251 -592
0.4966001510620117 -253 -592
0.5026412010192871 -255 -590
0.506270170211792 -258 -592
0.510047435760498 -260 -594
0.5165650844573975 -265 -594
0.5203511714935303 -267 -596
0.5248527526855469 -269 -596
0.5285308361053467 -271 -595
0.5329272747039795 -274 -591
0.5387945175170898 -278 -589
0.5433342456817627 -280 -589
0.5468790531158447 -283 -587
0.5506234169006348 -285 -591
0.5550920963287354 -287 -595
0.5607659816741943 -291 -592
0.565281867980957 -293 -594
0.569044828414917 -296 -595
0.5734119415283203 -298 -594
0.576991081237793 -300 -588
0.5830118656158447 -304 -587
0.5894768238067627 -309 -593
0.5951261520385742 -312 -594
0.6007659435272217 -315 -595
0.6055324077606201 -317 -593
0.6093137264251709 -319 -592
0.6140398979187012 -322 -594
0.6198012828826904 -325 -592
0.6244168281555176 -327 -585
0.6280062198638916 -330 -592
0.632469654083252 -332 -591
0.6360659599304199 -335 -594
0.6412646770477295 -338 -592
0.6458771228790283 -341 -593
0.6494231224060059 -343 -592
0.6560883522033691 -347 -590
0.6598896980285645 -349 -591
0.6646039485931396 -351 -585
0.6681833267211914 -353 -587
0.6726710796356201 -356 -591
0.6785118579864502 -359 -592
0.6829438209533691 -363 -593
0.6865298748016357 -365 -595
0.6902844905853271 -368 -596
0.6947832107543945 -370 -591
0.7004172801971436 -374 -590
0.7049543857574463 -376 -589
0.7087209224700928 -379 -592
0.7130484580993652 -381 -594
0.7166318893432617 -383 -590
0.7228262424468994 -387 -593
0.7264349460601807 -388 -595
0.7301952838897705 -391 -590
0.7365951538085938 -395 -592
0.7404153347015381 -397 -592
0.7449278831481934 -400 -589
0.7486696243286133 -401 -589
0.752988338470459 -405 -593
0.7587704658508301 -408 -594
0.7630674839019775 -411 -596
0.7666511535644531 -413 -593
0.7704813480377197 -415 -592
0.7751386165618896 -418 -593
0.78078293800354 -421 -587
0.7854478359222412 -423 -590
0.789313554763794 -426 -592
0.7938563823699951 -428 -590
0.797321081161499 -431 -592
0.8032422065734863 -434 -593
0.8068046569824219 -437 -592
0.8105549812316895 -440 -595
0.816842794418335 -443 -591
0.8205835819244385 -445 -591
0.8250589370727539 -447 -590
0.8288600444793701 -449 -590
0.8332028388977051 -453 -590
0.8390419483184814 -455 -595
0.8435549736022949 -458 -594
0.8472738265991211 -460 -595
0.8512763977050781 -463 -596
0.855402946472168 -466 -594
0.8619472980499268 -469 -589
0.8655011653900146 -471 -591
0.8692703247070312 -473 -588
0.8738470077514648 -475 -587
0.8773317337036133 -479 -594
0.884040117263794 -481 -594
0.8877782821655273 -484 -594
0.8920762538909912 -487 -595
0.895885705947876 -489 -592
0.8993954658508301 -492 -589
0.9054415225982666 -495 -588
0.909207820892334 -497 -588
0.9157998561859131 -501 -590
0.9193394184112549 -503 -591
0.9239161014556885 -505 -592
0.9274392127990723 -508 -595
0.9318833351135254 -510 -594
0.9377892017364502 -513 -591
0.9420738220214844 -516 -590
0.9459764957427979 -518 -585
0.9495041370391846 -521 -589
0.9541914463043213 -523 -588
0.9590415954589844 -527 -592
0.9630734920501709 -529 -593
0.9669504165649414 -531 -592
0.9728069305419922 -535 -593
0.9769644737243652 -537 -592
0.9831879138946533 -541 -584
0.9908032417297363 -547 -584
0.9963598251342773 -548 -592
