time angle speed
0 0 0
0.00333404541015625 0 0
0.008999109268188477 0 2
0.012614250183105469 1 2
0.01632976531982422 1 6
0.02085113525390625 1 6
0.02444624900817871 2 38
0.028800487518310547 3 19
0.03449106216430664 4 192
0.03894305229187012 5 192
0.042505502700805664 6 190
0.04626607894897461 8 268
0.05076122283935547 10 296
0.05733823776245117 14 360
0.06737232208251953 15 385
0.07396888732910156 18 399
0.07827138900756836 20 421
0.0843348503112793 23 447
0.08893966674804688 25 450
0.09254980087280273 27 464
0.09630680084228516 29 486
0.10079646110534668 33 499
0.10645604133605957 35 510
0.11094141006469727 37 518
0.11461019515991211 38 536
0.11896920204162598 41 545
0.12262201309204102 45 558
0.1294100284576416 47 565
0.13295555114746094 49 566
0.1367490291595459 52 573
0.141218900680542 54 579
0.14492297172546387 58 589
0.1507863998413086 60 589
0.1543283462524414 61 597
0.15880250930786133 67 607
0.16460394859313965 67 613
0.16907739639282227 71 614
0.1726529598236084 74 618
0.1763918399810791 76 617
0.18084383010864258 80 631
0.19123530387878418 85 633
0.19500279426574707 88 638
0.19945240020751953 90 641
0.2029895782470703 93 640
0.209273099899292 97 642
0.21282410621643066 99 647
0.21657729148864746 102 647
0.2232983112335205 106 647
0.2273106575012207 109 656
0.23137784004211426 111 653
0.23514199256896973 114 656
0.23944616317749023 117 659
0.24524283409118652 121 659
0.2500185966491699 123 654
0.25351810455322266 126 661
0.2579634189605713 128 664
0.2614932060241699 131 664
0.26811933517456055 135 665
0.27193522453308105 138 669
0.2755293846130371 141 670
0.28024864196777344 143 666
0.28391456604003906 146 665
0.2895169258117676 150 665
0.2930595874786377 153 667
0.2967965602874756 155 668
0.3031320571899414 159 670
0.3073253631591797 162 673
0.31156396865844727 165 673
0.3153266906738281 167 670
0.31989359855651855 170 673
0.3254697322845459 174 672
0.3300967216491699 177 672
0.3335905075073242 179 674
0.33818554878234863 182 677
0.34421300888061523 186 678
0.34873127937316895 189 678
0.35234522819519043 191 675
0.3561246395111084 194 673
0.36060023307800293 197 676
0.36624646186828613 202 674
0.37093186378479004 205 677
0.3747260570526123 207 678
0.37905359268188477 211 680
0.3825950622558594 213 681
0.38860225677490234 216 677
0.39220547676086426 219 677
0.395998477935791 221 677
0.4023871421813965 225 676
0.40616726875305176 229 680
0.4108119010925293 232 675
0.414470911026001 233 680
0.418898344039917 237 678
0.4245891571044922 240 677
0.42915987968444824 244 674
0.4327564239501953 247 679
0.436521053314209 250 678
0.4409787654876709 253 682
0.44660019874572754 257 683
0.45113492012023926 259 681
0.45490407943725586 262 681
0.4592301845550537 265 683
0.4627697467803955 269 678
0.4694845676422119 271 680
0.4730229377746582 274 681
0.47677183151245117 277 678
0.4812498092651367 280 681
0.48497962951660156 284 684
0.49114441871643066 287 682
0.4949219226837158 289 676
0.49922776222229004 293 678
0.5050430297851562 296 677
0.5093474388122559 299 678
0.512894868850708 301 680
0.5166435241699219 304 681
0.5211067199707031 308 684
0.5267212390899658 311 681
0.5311927795410156 314 679
0.5349199771881104 317 676
0.5392534732818604 319 675
0.5427958965301514 323 679
0.5494921207427979 326 683
0.5530238151550293 329 686
0.5567643642425537 331 683
0.5612328052520752 334 683
0.5649721622467041 338 677
0.570824384689331 341 678
0.5744781494140625 342 677
0.57893967628479 348 683
0.5847620964050293 353 682
0.5926713943481445 356 685
0.5964386463165283 359 680
0.6011500358581543 361 677
0.6067769527435303 365 678
0.6115207672119141 368 676
0.6152782440185547 371 678
0.6199631690979004 373 684
0.6234800815582275 376 685
0.6293175220489502 381 685
0.6328980922698975 383 679
0.636629581451416 386 678
0.6429798603057861 390 679
0.6467502117156982 393 679
0.6512045860290527 395 681
0.6549675464630127 398 681
0.6592426300048828 401 683
0.6650147438049316 405 683
0.6694662570953369 408 683
0.6730184555053711 410 680
0.6767573356628418 413 679
0.6813404560089111 416 678
0.6873481273651123 420 679
0.6914541721343994 423 683
0.6951916217803955 425 685
0.6994614601135254 428 680
0.7029917240142822 431 682
0.7090482711791992 435 680
0.7126398086547852 438 678
0.7163629531860352 442 679
0.72261643409729 445 679
0.7263791561126709 447 680
0.7310605049133301 450 683
0.7347986698150635 453 685
0.7391109466552734 457 681
0.7449319362640381 459 678
0.7492513656616211 462 680
0.7527804374694824 465 676
0.7565186023712158 468 680
0.760995626449585 472 685
0.7666091918945312 475 685
0.7711181640625 477 687
0.7748641967773438 480 683
0.7791378498077393 483 677
0.7849283218383789 487 681
0.7894186973571777 489 682
0.7930591106414795 492 680
0.7967917919158936 495 681
0.8012862205505371 498 683
0.8073086738586426 502 683
0.8113899230957031 505 682
0.8151378631591797 507 678
0.8194403648376465 510 676
0.8229520320892334 513 680
0.8289618492126465 517 681
0.8325450420379639 518 681
0.8363008499145508 522 687
0.8426284790039062 526 681
0.8464200496673584 529 680
0.851006269454956 532 683
0.854731559753418 533 681
0.8592319488525391 537 682
0.8649954795837402 541 683
0.8692967891693115 544 679
0.8728406429290771 547 683
0.8765971660614014 549 684
0.8810710906982422 552 682
0.8866815567016602 556 680
0.891165018081665 559 678
0.8948955535888672 562 676
0.8992049694061279 565 680
0.9027671813964844 569 684
0.909496545791626 571 681
0.9130418300628662 574 681
0.917255163192749 577 680
0.921356201171875 579 680
0.9250867366790771 583 680
0.9309842586517334 586 681
0.9346926212310791 587 679
0.9390051364898682 593 684
0.9448285102844238 596 683
0.9491045475006104 599 681
0.9526913166046143 601 681
0.956416130065918 604 682
0.9608731269836426 608 680
0.9665038585662842 611 678
0.9711568355560303 613 683
0.9749255180358887 616 683
0.979233980178833 619 685
0.9827706813812256 623 682
0.9931185245513916 629 682
0.9972679615020752 631 679
