time angle speed
0 0 0
0.004650592803955078 0 0
0.008214950561523438 0 0
0.01189112663269043 0 0
0.016278743743896484 1 3
0.019971132278442383 1 24
0.02463078498840332 2 9
0.030405282974243164 3 48
0.03495669364929199 4 38
0.03857922554016113 6 68
0.04230642318725586 7 254
0.04711580276489258 8 262
0.053328514099121094 14 384
0.062339067459106445 15 406
0.06695985794067383 17 458
0.07259011268615723 20 487
0.07723355293273926 22 493
0.08104777336120605 25 519
0.08555364608764648 27 540
0.08927607536315918 30 571
0.0951836109161377 33 585
0.09872579574584961 36 596
0.10248374938964844 38 613
0.10839390754699707 41 630
0.11214804649353027 45 648
0.11668205261230469 46 663
0.12239813804626465 52 679
0.12684321403503418 54 682
0.13051795959472656 56 698
0.13490533828735352 60 700
0.14073681831359863 65 721
0.14505338668823242 68 728
0.14867091178894043 71 734
0.15245676040649414 74 743
0.15696430206298828 77 749
0.16259765625 81 758
0.16728425025939941 84 764
0.17104530334472656 88 771
0.17539024353027344 91 775
0.17893695831298828 94 785
0.18519210815429688 98 786
0.18877148628234863 102 789
0.19252538681030273 105 798
0.19888806343078613 110 800
0.2026681900024414 113 804
0.2071840763092041 116 809
0.2109391689300537 120 811
0.21532154083251953 123 813
0.2211446762084961 128 815
0.22589111328125 131 818
0.22936010360717773 134 821
0.2339000701904297 138 825
0.23745298385620117 141 828
0.24410200119018555 146 831
0.24790525436401367 149 831
0.2514302730560303 153 833
0.25600624084472656 156 838
0.2595181465148926 160 837
0.2653779983520508 164 839
0.2689530849456787 168 841
0.2727203369140625 171 839
0.2790844440460205 176 844
0.28325819969177246 180 845
0.28752732276916504 183 845
0.291318416595459 186 851
0.29590535163879395 190 851
0.3014681339263916 195 849
0.3061025142669678 198 848
0.30980396270751953 202 850
0.31408143043518066 205 851
0.32004594802856445 210 855
0.32463955879211426 214 851
0.32825255393981934 217 854
0.3321254253387451 222 853
0.3366129398345947 224 856
0.34229540824890137 231 857
0.3469679355621338 234 860
0.3507347106933594 238 862
0.35503268241882324 241 860
0.35860586166381836 245 860
0.3646416664123535 248 859
0.36824822425842285 252 863
0.3720121383666992 255 862
0.37836122512817383 260 867
0.38218069076538086 266 858
0.3867003917694092 267 863
0.3902781009674072 270 864
0.3947157859802246 276 860
0.4004175662994385 279 867
0.4051089286804199 284 866
0.40871310234069824 288 865
0.41248226165771484 291 863
0.41695427894592285 295 861
0.42261838912963867 300 862
0.4270763397216797 304 867
0.43080973625183105 307 868
0.4350776672363281 310 866
0.438687801361084 314 867
0.44490766525268555 319 867
0.4485154151916504 321 866
0.4522855281829834 326 866
0.4628336429595947 335 870
0.46785664558410645 338 867
0.471393346786499 342 865
0.4761056900024414 345 864
0.4798305034637451 348 867
0.4855690002441406 354 870
0.4893317222595215 357 870
0.49337315559387207 361 867
0.49958300590515137 366 866
0.5040814876556396 369 863
0.5078318119049072 373 870
0.5113499164581299 376 872
0.5159025192260742 380 873
0.5214664936065674 385 869
0.5264139175415039 388 870
0.5299966335296631 392 863
0.534266471862793 396 868
0.5380513668060303 399 868
0.5446348190307617 404 871
0.5482354164123535 408 872
0.5519967079162598 411 866
0.5564694404602051 414 864
0.5600314140319824 418 866
0.5658764839172363 423 868
0.569319486618042 427 869
0.5732965469360352 430 872
0.5799479484558105 436 865
0.5842256546020508 439 867
0.5881805419921875 442 864
0.5919365882873535 446 867
0.5964295864105225 449 868
0.6020658016204834 454 868
0.606532096862793 458 868
0.610145092010498 462 866
0.6146297454833984 465 864
0.6182208061218262 468 871
0.6248104572296143 476 871
0.6283695697784424 477 870
0.6321234703063965 482 872
0.6366195678710938 484 869
0.6402044296264648 488 867
0.6464059352874756 493 865
0.6499893665313721 496 868
0.6564197540283203 502 870
0.660027265548706 505 870
0.6642892360687256 508 870
0.6681127548217773 512 866
0.6718297004699707 516 868
0.6783053874969482 520 872
0.6820852756500244 524 875
0.6865503787994385 528 871
0.6901028156280518 531 868
0.6945431232452393 534 871
0.7001795768737793 540 869
0.7048718929290771 545 871
0.7084565162658691 547 873
0.7122242450714111 552 870
0.7166998386383057 554 870
0.7223272323608398 560 866
0.7269120216369629 564 870
0.7306580543518066 566 870
0.734966516494751 571 870
0.7385740280151367 576 870
0.7451012134552002 580 868
0.7486662864685059 583 868
0.7524023056030273 587 865
0.7570786476135254 590 871
0.7608563899993896 596 872
0.7668497562408447 599 869
0.770524263381958 600 868
0.7748856544494629 608 866
0.7806956768035889 609 870
0.7850496768951416 614 872
0.7887401580810547 618 874
0.7939903736114502 622 875
0.7975435256958008 627 868
0.8041183948516846 630 866
0.8078837394714355 634 870
0.8113846778869629 637 868
0.8160185813903809 641 873
0.8195135593414307 646 869
0.8264901638031006 649 868
0.8300619125366211 653 868
0.8346664905548096 656 866
0.8382759094238281 660 870
0.8441159725189209 665 872
0.8479185104370117 668 870
0.8514130115509033 672 870
0.8600938320159912 679 870
0.8660199642181396 684 869
0.8698034286499023 688 872
0.8740761280059814 691 872
0.8800148963928223 696 871
0.8847506046295166 702 870
0.888357400894165 703 869
0.89212965965271 708 867
0.8966803550720215 710 870
0.9023158550262451 717 871
0.9068300724029541 721 874
0.9104671478271484 722 869
0.9148509502410889 728 871
0.918522834777832 730 866
0.9246401786804199 735 871
0.9282653331756592 738 871
0.9319937229156494 742 871
0.9383325576782227 747 868
0.9421212673187256 752 868
0.9467809200286865 756 866
0.9504420757293701 757 869
0.9548740386962891 764 875
0.9606971740722656 766 872
0.9651901721954346 771 871
0.9687371253967285 774 869
0.9725079536437988 778 869
0.9769995212554932 783 869
0.982621431350708 787 870
0.9871218204498291 790 871
0.9908857345581055 794 871
0.9951937198638916 797 867
0.9987325668334961 802 867
