time angle speed
0 0 0
0.003259897232055664 0 0
0.008432149887084961 0 0
0.012759208679199219 0 0
0.016292333602905273 0 0
0.020070791244506836 0 -2
0.026508331298828125 -1 -6
0.030339717864990234 -1 -15
0.03484201431274414 -2 -39
0.038683414459228516 -2 -12
0.04323387145996094 -2 -31
0.04902005195617676 -4 -61
0.05333590507507324 -4 -121
0.0569005012512207 -5 -141
0.060634613037109375 -6 -151
0.06514382362365723 -6 -176
0.07120561599731445 -8 -180
0.07536864280700684 -8 -194
0.07915759086608887 -9 -189
0.08370423316955566 -10 -198
0.08715510368347168 -11 -208
0.09308409690856934 -12 -218
0.0966651439666748 -13 -224
0.10042095184326172 -14 -230
0.1057898998260498 -15 -237
0.10931611061096191 -17 -246
0.1153101921081543 -18 -252
0.11907482147216797 -20 -260
0.12734103202819824 -22 -263
0.13432526588439941 -23 -264
0.13791799545288086 -24 -267
0.14254403114318848 -25 -269
0.14618277549743652 -26 -270
0.15198802947998047 -28 -275
0.15594720840454102 -29 -279
0.15969562530517578 -30 -282
0.1654338836669922 -32 -282
0.16921424865722656 -33 -282
0.17378759384155273 -34 -283
0.17934536933898926 -36 -283
0.18398284912109375 -37 -284
0.18771052360534668 -38 -285
0.19197344779968262 -39 -289
0.195786714553833 -40 -289
0.20217156410217285 -42 -293
0.20596051216125488 -43 -289
0.20972919464111328 -44 -295
0.21429157257080078 -46 -293
0.21788501739501953 -47 -295
0.22391629219055176 -48 -296
0.2274484634399414 -50 -298
0.23390626907348633 -52 -297
0.23769783973693848 -52 -296
0.24198079109191895 -54 -294
0.24578046798706055 -55 -294
0.249312162399292 -56 -294
0.2561209201812744 -58 -293
0.25992417335510254 -59 -293
0.2644641399383545 -60 -297
0.268099308013916 -62 -296
0.27255940437316895 -63 -298
0.27817583084106445 -64 -299
0.28289175033569336 -66 -298
0.2864689826965332 -68 -300
0.2902224063873291 -69 -298
0.29469966888427734 -70 -300
0.30040931701660156 -72 -303
0.3049144744873047 -73 -301
0.30866432189941406 -74 -303
0.3129394054412842 -75 -302
0.31649327278137207 -76 -303
0.3225245475769043 -78 -299
0.32616448402404785 -79 -299
0.33057355880737305 -81 -296
0.3369483947753906 -82 -296
0.34069204330444336 -84 -295
0.34535837173461914 -85 -297
0.3491184711456299 -86 -296
0.3534224033355713 -87 -299
0.35925769805908203 -89 -302
0.36383533477783203 -90 -303
0.3673546314239502 -92 -304
0.3718094825744629 -93 -304
0.3753657341003418 -94 -306
0.3819618225097656 -96 -305
0.3859734535217285 -97 -304
0.3897285461425781 -98 -303
0.39417171478271484 -100 -302
0.39989757537841797 -101 -302
0.4046909809112549 -103 -301
0.4083833694458008 -104 -302
0.41280174255371094 -106 -299
0.41640472412109375 -107 -301
0.4224574565887451 -108 -299
0.42606639862060547 -109 -300
0.42983436584472656 -110 -299
0.4361896514892578 -112 -300
0.43999528884887695 -114 -303
0.44457387924194336 -114 -301
0.44826388359069824 -116 -302
0.45268988609313965 -118 -302
0.45841097831726074 -119 -304
0.4629666805267334 -120 -302
0.46656298637390137 -122 -299
0.4703333377838135 -123 -305
0.47486400604248047 -124 -304
0.4804880619049072 -126 -304
0.48503756523132324 -127 -300
0.4888007640838623 -128 -299
0.4931178092956543 -130 -301
0.4966559410095215 -131 -298
0.5026860237121582 -132 -297
0.5062620639801025 -133 -300
0.5100173950195312 -135 -302
0.5151546001434326 -136 -301
0.5189130306243896 -139 -303
0.5271427631378174 -140 -305
0.5342659950256348 -142 -304
0.5378813743591309 -143 -302
0.5425283908843994 -144 -304
0.5483055114746094 -146 -303
0.5528912544250488 -148 -301
0.5565042495727539 -149 -303
0.5602726936340332 -150 -302
0.5647480487823486 -151 -299
0.5703933238983154 -153 -299
0.5749123096466064 -154 -300
0.5787405967712402 -156 -301
0.583242654800415 -157 -303
0.5868117809295654 -158 -299
0.5928902626037598 -160 -302
0.5964653491973877 -161 -300
0.6002175807952881 -162 -302
0.6065988540649414 -164 -302
0.6104075908660889 -165 -301
0.6149313449859619 -166 -303
0.6186995506286621 -168 -302
0.6230161190032959 -170 -304
0.6288323402404785 -171 -304
0.6331448554992676 -172 -303
0.6366932392120361 -173 -304
0.6404361724853516 -174 -299
0.6451599597930908 -176 -302
0.6512033939361572 -177 -299
0.6553106307983398 -178 -299
0.6590585708618164 -180 -299
0.6633775234222412 -181 -300
0.6669301986694336 -183 -301
0.6737725734710693 -184 -300
0.6774086952209473 -185 -302
0.6819288730621338 -186 -303
0.6854550838470459 -188 -302
0.6892216205596924 -190 -303
0.6950690746307373 -191 -304
0.6988043785095215 -192 -304
0.7047319412231445 -194 -303
0.7084417343139648 -194 -304
0.7128522396087646 -196 -302
0.7186970710754395 -198 -302
0.7230575084686279 -199 -302
0.7266285419464111 -200 -301
0.7304179668426514 -202 -301
0.734950065612793 -203 -300
0.7406067848205566 -204 -300
0.7450976371765137 -206 -298
0.7488389015197754 -207 -301
0.7531483173370361 -208 -299
0.7567200660705566 -210 -301
0.7629573345184326 -211 -303
0.7665600776672363 -212 -304
0.7703428268432617 -214 -304
0.7762763500213623 -215 -304
0.7800641059875488 -217 -306
0.7846381664276123 -218 -305
0.7904033660888672 -220 -304
0.7948949337005615 -221 -304
0.7986607551574707 -222 -302
0.8029508590698242 -223 -301
0.8065476417541504 -225 -298
0.8131651878356934 -226 -299
0.8167428970336914 -228 -300
0.8205041885375977 -229 -300
0.8251690864562988 -230 -300
0.8289265632629395 -232 -298
0.8348195552825928 -233 -302
0.8385858535766602 -234 -303
0.8448810577392578 -236 -303
0.8486766815185547 -237 -304
0.8529655933380127 -238 -304
0.8565564155578613 -240 -302
0.860318660736084 -241 -305
0.8666751384735107 -243 -302
0.8704514503479004 -244 -304
0.8749649524688721 -245 -301
0.8787329196929932 -246 -301
0.8832335472106934 -248 -299
0.8890163898468018 -249 -299
0.8933441638946533 -250 -297
0.8969109058380127 -252 -298
0.900641918182373 -253 -301
0.9053022861480713 -254 -301
0.911931037902832 -256 -300
0.9158358573913574 -257 -302
0.9193873405456543 -258 -302
0.9277539253234863 -261 -302
0.9329028129577637 -263 -304
0.9365019798278809 -264 -305
0.942828893661499 -266 -302
0.9464139938354492 -267 -304
0.9501953125 -268 -301
0.9567008018493652 -270 -302
0.9605062007904053 -271 -300
0.964954137802124 -272 -301
0.9687111377716064 -274 -302
0.9730367660522461 -275 -299
0.9788470268249512 -276 -298
0.9831712245941162 -278 -300
0.9867539405822754 -279 -300
0.9905517101287842 -280 -299
0.9950401782989502 -281 -302
