time angle speed
0 0 0
0.002727031707763672 0 0
0.006203889846801758 0 0
0.011034011840820312 0 -2
0.01887655258178711 -1 -2
0.024852275848388672 -1 -2
0.02956986427307129 -1 -14
0.03538680076599121 -2 -34
0.039847373962402344 -3 -67
0.043457984924316406 -3 -67
0.04721832275390625 -3 -28
0.0520172119140625 -4 -89
0.05857563018798828 -5 -122
0.062111854553222656 -5 -132
0.06586956977844238 -6 -146
0.07017040252685547 -7 -157
0.0737154483795166 -8 -166
0.07981634140014648 -9 -171
0.0833590030670166 -9 -178
0.08708691596984863 -10 -189
0.09349799156188965 -11 -192
0.09724020957946777 -13 -196
0.1016993522644043 -13 -203
0.10544729232788086 -14 -209
0.1098790168762207 -15 -218
0.11568641662597656 -17 -219
0.12010622024536133 -17 -224
0.12363576889038086 -19 -228
0.12735867500305176 -19 -232
0.13190650939941406 -21 -233
0.13794875144958496 -22 -236
0.14202022552490234 -23 -238
0.14580512046813965 -24 -238
0.15014052391052246 -25 -237
0.15369725227355957 -26 -241
0.16056609153747559 -27 -243
0.16414403915405273 -28 -243
0.16864395141601562 -29 -244
0.17261695861816406 -30 -247
0.17615437507629395 -31 -248
0.1820049285888672 -33 -250
0.18575239181518555 -33 -250
0.19003510475158691 -35 -252
0.19588446617126465 -36 -255
0.20126128196716309 -37 -256
0.20485353469848633 -38 -254
0.20931339263916016 -39 -258
0.2151038646697998 -41 -259
0.21952486038208008 -42 -259
0.2230989933013916 -43 -257
0.22684240341186523 -45 -260
0.23148250579833984 -45 -259
0.23717999458312988 -47 -259
0.241851806640625 -48 -260
0.24558115005493164 -49 -261
0.24987101554870605 -50 -260
0.25341320037841797 -51 -260
0.25943994522094727 -53 -261
0.26302242279052734 -53 -259
0.2668464183807373 -55 -260
0.2732269763946533 -56 -260
0.2769942283630371 -57 -260
0.28147387504577637 -59 -261
0.28516173362731934 -59 -262
0.2896766662597656 -61 -261
0.2955467700958252 -62 -264
0.29985642433166504 -63 -263
0.3033888339996338 -64 -263
0.30713343620300293 -65 -262
0.3116180896759033 -67 -266
0.3172495365142822 -68 -261
0.3217298984527588 -69 -263
0.32546091079711914 -70 -265
0.32984495162963867 -71 -265
0.3333919048309326 -72 -264
0.3394312858581543 -74 -261
0.34298229217529297 -74 -264
0.3467261791229248 -76 -260
0.3526749610900879 -77 -263
0.35616016387939453 -78 -261
0.36083459854125977 -79 -264
0.3665306568145752 -81 -263
0.37124061584472656 -82 -263
0.37480854988098145 -83 -261
0.37932324409484863 -84 -260
0.38291215896606445 -85 -263
0.38949036598205566 -87 -263
0.3930790424346924 -87 -263
0.39682602882385254 -89 -263
0.40140438079833984 -90 -267
0.4070117473602295 -92 -266
0.4117012023925781 -93 -268
0.4197835922241211 -95 -269
0.4233551025390625 -96 -267
0.4271056652069092 -97 -266
0.4336075782775879 -99 -262
0.43738245964050293 -100 -264
0.4420125484466553 -101 -261
0.44577646255493164 -102 -260
0.45006251335144043 -103 -260
0.45583510398864746 -105 -262
0.46015310287475586 -105 -260
0.4637138843536377 -107 -261
0.4678840637207031 -107 -264
0.47211265563964844 -109 -266
0.4787166118621826 -110 -266
0.4825112819671631 -111 -267
0.48612427711486816 -113 -269
0.4907238483428955 -113 -267
0.4944651126861572 -115 -267
0.5005018711090088 -116 -265
0.5039322376251221 -117 -265
0.5079243183135986 -118 -263
0.5140955448150635 -120 -264
0.5185599327087402 -121 -262
0.5221669673919678 -122 -263
0.5259287357330322 -123 -262
0.532660961151123 -125 -261
0.5361983776092529 -125 -261
0.5408909320831299 -127 -262
0.5445528030395508 -128 -264
0.5488195419311523 -129 -263
0.5546536445617676 -130 -265
0.5591685771942139 -131 -264
0.5627553462982178 -133 -264
0.5664846897125244 -133 -263
0.5709195137023926 -135 -264
0.5766875743865967 -136 -264
0.5812695026397705 -137 -264
0.5848476886749268 -138 -264
0.5894834995269775 -140 -265
0.5930776596069336 -140 -264
0.5991120338439941 -142 -263
0.6027235984802246 -143 -262
0.6064698696136475 -144 -266
0.6129150390625 -146 -264
0.616687536239624 -147 -263
0.621173620223999 -148 -265
0.6247315406799316 -149 -266
0.6294069290161133 -151 -262
0.6351170539855957 -151 -263
0.6395409107208252 -153 -263
0.6431262493133545 -153 -263
0.6469178199768066 -155 -264
0.6515769958496094 -157 -264
0.6572089195251465 -158 -266
0.6616740226745605 -159 -264
0.665452241897583 -160 -266
0.6697983741760254 -161 -265
0.6734559535980225 -163 -267
0.6800704002380371 -164 -263
0.6836187839508057 -165 -265
0.687361478805542 -166 -266
0.6918020248413086 -167 -263
0.695528507232666 -169 -265
0.701378345489502 -169 -264
0.7050318717956543 -170 -263
0.7095863819122314 -172 -262
0.71541428565979 -173 -262
0.7196860313415527 -174 -260
0.7232685089111328 -175 -262
0.727048397064209 -176 -263
0.7315268516540527 -178 -262
0.7371933460235596 -179 -263
0.741673469543457 -180 -264
0.7454054355621338 -181 -263
0.7496914863586426 -182 -264
0.7532660961151123 -184 -265
0.7600259780883789 -185 -265
0.7635788917541504 -186 -267
0.7673585414886475 -187 -268
0.771981954574585 -188 -266
0.775738000869751 -189 -266
0.781578540802002 -191 -265
0.7854471206665039 -192 -264
0.7917299270629883 -193 -264
0.7955098152160645 -194 -262
0.7998263835906982 -195 -264
0.8033876419067383 -197 -263
0.8071293830871582 -197 -262
0.8135597705841064 -199 -264
0.8217017650604248 -201 -262
0.8254685401916504 -202 -261
0.8300621509552002 -203 -266
0.8336179256439209 -204 -265
0.8398447036743164 -206 -263
0.8433923721313477 -207 -265
0.847149133682251 -209 -266
0.8533878326416016 -210 -264
0.8571314811706543 -211 -264
0.8615975379943848 -212 -266
0.865333080291748 -212 -265
0.8696787357330322 -215 -265
0.8755297660827637 -215 -262
0.8798463344573975 -217 -264
0.8833703994750977 -218 -265
0.8871135711669922 -219 -263
0.8917827606201172 -220 -263
0.8974254131317139 -221 -266
0.9019386768341064 -222 -262
0.9056787490844727 -223 -262
0.90997314453125 -225 -263
0.9136197566986084 -226 -264
0.9202027320861816 -227 -263
0.924689769744873 -228 -265
0.9293017387390137 -229 -264
0.9329209327697754 -230 -266
0.9387149810791016 -232 -267
0.9426696300506592 -233 -268
0.9461627006530762 -234 -265
0.9520595073699951 -235 -265
0.9558379650115967 -237 -264
0.9601526260375977 -238 -263
0.9660079479217529 -239 -265
0.9705538749694824 -240 -264
0.9740746021270752 -241 -263
0.9785149097442627 -243 -262
0.9820835590362549 -244 -261
0.9886970520019531 -245 -263
0.9925093650817871 -246 -261
0.9960179328918457 -247 -264
