time angle speed
0 0 0
0.0033020973205566406 0 0
0.008064508438110352 0 0
0.012966632843017578 0 3
0.01657867431640625 1 3
0.02088022232055664 1 8
0.02674269676208496 1 21
0.031000375747680664 2 84
0.03493356704711914 3 96
0.03873443603515625 3 41
0.043541908264160156 4 121
0.0477144718170166 5 140
0.053698062896728516 6 179
0.05742788314819336 7 187
0.06326842308044434 8 185
0.06683778762817383 9 198
0.07129025459289551 10 219
0.0770115852355957 11 235
0.08150720596313477 13 241
0.0850975513458252 13 253
0.08885383605957031 15 262
0.09521865844726562 16 273
0.09903502464294434 18 285
0.1036982536315918 19 293
0.10742807388305664 20 299
0.11176872253417969 21 303
0.11767458915710449 23 308
0.12201905250549316 25 310
0.12558269500732422 26 316
0.12935709953308105 27 318
0.1338205337524414 29 326
0.13943767547607422 31 326
0.14410877227783203 32 330
0.14787983894348145 33 333
0.15216922760009766 35 335
0.15572309494018555 36 336
0.16199684143066406 38 341
0.16557741165161133 39 344
0.1693410873413086 41 345
0.17567086219787598 43 348
0.17945599555969238 45 351
0.18393445014953613 46 351
0.1877293586730957 47 354
0.19201970100402832 49 358
0.1978762149810791 51 357
0.20220208168029785 53 358
0.20576834678649902 54 360
0.2095625400543213 55 362
0.21405839920043945 57 360
0.2206249237060547 59 361
0.22458696365356445 60 360
0.22809815406799316 62 361
0.23268961906433105 63 359
0.23619794845581055 65 363
0.2420504093170166 67 366
0.24563193321228027 69 367
0.24938368797302246 71 367
0.2556126117706299 72 368
0.2593660354614258 73 368
0.26388049125671387 75 369
0.267622709274292 77 367
0.2721107006072998 79 368
0.2779381275177002 80 368
0.2826552391052246 82 366
0.2861769199371338 83 367
0.2906010150909424 85 370
0.29415154457092285 87 370
0.3007974624633789 88 369
0.30459046363830566 90 370
0.308121919631958 91 370
0.31269121170043945 93 368
0.3162062168121338 95 374
0.32299160957336426 97 370
0.3267037868499756 98 374
0.3312208652496338 99 374
0.33482789993286133 101 375
0.3399994373321533 103 372
0.34461498260498047 105 373
0.3481605052947998 106 368
0.3547666072845459 109 369
0.3583030700683594 110 369
0.36301398277282715 111 371
0.3666691780090332 113 372
0.37094926834106445 114 373
0.3767740726470947 117 372
0.3840334415435791 119 372
0.3888208866119385 121 376
0.3934671878814697 123 375
0.3971519470214844 124 375
0.40349411964416504 127 373
0.4071648120880127 128 373
0.41170716285705566 131 371
0.4179067611694336 132 368
0.42311906814575195 134 367
0.4267137050628662 135 371
0.43099093437194824 137 372
0.4368128776550293 139 370
0.4413740634918213 141 372
0.4449734687805176 142 374
0.4487283229827881 143 375
0.4531896114349365 145 376
0.4588339328765869 148 379
0.4635169506072998 149 379
0.4671659469604492 150 373
0.471574068069458 153 373
0.4751248359680176 153 374
0.4809138774871826 155 371
0.4848024845123291 157 372
0.48829150199890137 159 372
0.49492645263671875 161 372
0.49875783920288086 162 373
0.5032637119293213 164 373
0.5068240165710449 165 371
0.5112895965576172 167 376
0.5169143676757812 169 376
0.5216002464294434 171 375
0.5251727104187012 172 374
0.5289638042449951 174 373
0.5336172580718994 177 371
0.5392754077911377 178 369
0.5437827110290527 179 372
0.5475594997406006 181 372
0.5518696308135986 182 373
0.5554375648498535 185 371
0.5620038509368896 186 373
0.5655636787414551 187 372
0.5693225860595703 189 372
0.573845624923706 191 375
0.577599048614502 193 374
0.5836062431335449 194 374
0.5873825550079346 195 380
0.5916945934295654 198 374
0.5974833965301514 199 375
0.6017661094665527 201 373
0.6053276062011719 203 372
0.609102725982666 204 371
0.6135499477386475 206 372
0.6191732883453369 208 371
0.6236467361450195 209 373
0.6274080276489258 210 374
0.6317017078399658 212 374
0.6374835968017578 215 376
0.641963005065918 216 377
0.6455321311950684 217 375
0.649275541305542 219 374
0.653754472732544 221 378
0.6593723297119141 223 376
0.6640307903289795 224 375
0.6677777767181396 226 371
0.6721842288970947 227 372
0.6757690906524658 229 372
0.6817898750305176 231 372
0.6853585243225098 233 374
0.6890871524810791 234 375
0.6954264640808105 236 373
0.6992373466491699 238 374
0.7038881778717041 239 375
0.7076256275177002 241 374
0.7119417190551758 242 376
0.7177071571350098 245 375
0.7219967842102051 246 378
0.7255494594573975 247 378
0.7292861938476562 249 376
0.7337906360626221 251 375
0.7394313812255859 253 374
0.7438898086547852 254 370
0.7476058006286621 256 367
0.7519145011901855 257 369
0.7554607391357422 259 373
0.7622003555297852 261 373
0.7657673358917236 263 374
0.7694978713989258 264 376
0.7739443778991699 265 376
0.7776875495910645 268 375
0.7876780033111572 271 377
0.7922463417053223 272 375
0.7957863807678223 275 373
0.80291748046875 276 372
0.8065521717071533 277 370
0.8108222484588623 279 371
0.8147692680358887 281 372
0.8182651996612549 283 372
0.8242721557617188 284 374
0.8280296325683594 286 376
0.8342702388763428 288 376
0.8380177021026611 289 376
0.8425617218017578 291 375
0.8460352420806885 293 376
0.8500306606292725 294 374
0.8561949729919434 296 374
0.860663652420044 298 371
0.8641769886016846 299 372
0.8679072856903076 301 369
0.8734362125396729 302 374
0.8790643215179443 305 372
0.8836796283721924 307 372
0.8874013423919678 307 375
0.8917050361633301 310 374
0.8952615261077881 312 374
0.9018213748931885 313 376
0.9053854942321777 315 376
0.9091079235076904 317 376
0.9136984348297119 318 375
0.9174251556396484 319 373
0.9234576225280762 321 373
0.92702317237854 322 372
0.931527853012085 325 371
0.937251091003418 326 370
0.9417943954467773 328 374
0.9453787803649902 330 373
0.9491152763366699 331 374
0.9554417133331299 333 373
0.9591987133026123 335 377
0.9636857509613037 337 374
0.9674136638641357 337 373
0.9717485904693604 340 377
0.9775435924530029 342 374
0.9818880558013916 343 374
0.9854421615600586 345 375
0.9892222881317139 346 374
0.9936890602111816 348 370
0.9993112087249756 350 374
