time angle speed
0 0 0
0.002348184585571289 0 0
0.006299495697021484 0 0
0.010528087615966797 0 0
0.014222860336303711 0 3
0.020227432250976562 0 8
0.029820680618286133 1 19
0.03563284873962402 1 53
0.04197502136230469 2 74
0.04579663276672363 3 35
0.05198860168457031 3 35
0.05579996109008789 4 106
0.061989545822143555 5 117
0.06576228141784668 5 131
0.07022595405578613 6 140
0.07584190368652344 7 145
0.08047008514404297 7 153
0.0842740535736084 8 158
0.08896875381469727 9 162
0.09250164031982422 10 171
0.09925127029418945 11 175
0.10292887687683105 11 180
0.10724115371704102 12 184
0.1110541820526123 13 184
0.11456942558288574 14 189
0.12046289443969727 15 190
0.12429952621459961 16 193
0.13086247444152832 17 199
0.13446807861328125 18 197
0.13904094696044922 19 200
0.14259004592895508 19 202
0.1471099853515625 20 206
0.15312671661376953 21 207
0.15767121315002441 23 208
0.1612856388092041 23 209
0.1650383472442627 24 211
0.16957855224609375 25 212
0.17526936531066895 27 215
0.17976713180541992 27 215
0.18347883224487305 28 215
0.18790125846862793 29 215
0.19150042533874512 30 217
0.1981203556060791 31 216
0.20171332359313965 32 216
0.2055063247680664 33 217
0.2102065086364746 34 217
0.21394610404968262 35 219
0.21986818313598633 36 218
0.22357749938964844 37 221
0.22797250747680664 39 222
0.2338275909423828 39 221
0.23814797401428223 40 223
0.24175477027893066 41 222
0.24555110931396484 42 223
0.25003910064697266 43 222
0.25568318367004395 44 222
0.26016759872436523 45 222
0.2639334201812744 46 222
0.26842331886291504 47 223
0.2720339298248291 49 224
0.27886080741882324 49 223
0.2823343276977539 50 224
0.2863597869873047 51 225
0.2904515266418457 52 225
0.29424571990966797 53 226
0.300121545791626 54 223
0.3038933277130127 55 222
0.30820441246032715 57 222
0.3140707015991211 57 222
0.3183708190917969 58 222
0.3219125270843506 59 221
0.3256876468658447 60 223
0.3323793411254883 61 222
0.33697962760925293 62 224
0.3409891128540039 63 223
0.34453630447387695 64 224
0.3492419719696045 65 224
0.354961633682251 66 225
0.35944247245788574 67 225
0.3630564212799072 68 225
0.3675367832183838 69 227
0.3711507320404053 70 226
0.37777090072631836 72 225
0.38138270378112793 72 227
0.38517332077026367 73 227
0.3898611068725586 75 226
0.3935067653656006 75 225
0.39943671226501465 76 225
0.4030284881591797 77 225
0.40760326385498047 78 224
0.4132716655731201 79 223
0.4177525043487549 81 223
0.42134904861450195 81 224
0.42824745178222656 83 223
0.43531370162963867 85 224
0.4400031566619873 86 223
0.4437427520751953 86 224
0.44834375381469727 87 223
0.45192384719848633 89 225
0.45812129974365234 90 226
0.4617278575897217 91 226
0.46551513671875 91 224
0.4720268249511719 93 225
0.47577738761901855 94 226
0.4802396297454834 95 225
0.48397064208984375 96 226
0.4882843494415283 97 225
0.4941740036010742 98 228
0.4984705448150635 99 228
0.5019991397857666 100 225
0.5057597160339355 101 226
0.5104084014892578 101 227
0.516960620880127 103 227
0.5205211639404297 104 226
0.5243024826049805 105 224
0.528613805770874 105 225
0.532163143157959 107 224
0.5382471084594727 108 224
0.5418069362640381 109 221
0.5455582141876221 109 221
0.5519082546234131 111 222
0.555701732635498 112 222
0.5601844787597656 113 222
0.563927412033081 113 221
0.5684041976928711 115 224
0.5742249488830566 116 227
0.5785443782806396 117 225
0.5821599960327148 118 225
0.586317777633667 119 226
0.5904006958007812 120 227
0.5969376564025879 121 227
0.600933313369751 122 224
0.6044647693634033 123 225
0.609074592590332 123 226
0.6148378849029541 125 225
0.6193432807922363 126 224
0.622997522354126 127 223
0.627281904220581 127 224
0.6312592029571533 129 223
0.6370477676391602 130 223
0.640857458114624 131 224
0.6443946361541748 131 224
0.6509485244750977 133 224
0.654536247253418 134 223
0.6591248512268066 135 223
0.6628596782684326 135 224
0.667151689529419 137 224
0.6729989051818848 138 224
0.6773300170898438 139 224
0.6812355518341064 140 225
0.6850247383117676 141 227
0.6897034645080566 141 225
0.6953625679016113 143 225
0.6998834609985352 144 227
0.7035596370697021 145 227
0.7079565525054932 146 224
0.7115387916564941 147 224
0.7180957794189453 148 226
0.7216734886169434 149 226
0.7254271507263184 150 223
0.7300748825073242 151 223
0.733832597732544 152 224
0.7397251129150391 153 223
0.7433247566223145 154 222
0.7480132579803467 155 224
0.7538247108459473 156 224
0.7581191062927246 157 224
0.7617206573486328 158 223
0.7654955387115479 159 223
0.7699861526489258 161 225
0.7755956649780273 161 224
0.780102014541626 162 226
0.7838578224182129 163 226
0.7882099151611328 164 226
0.7918739318847656 165 227
0.7984566688537598 166 225
0.8019931316375732 167 225
0.8057634830474854 168 225
0.8103992938995361 169 225
0.8141927719116211 170 225
0.8200747966766357 171 226
0.8238167762756348 172 226
0.8329977989196777 174 224
0.8373374938964844 175 224
0.8413138389587402 176 226
0.8471369743347168 177 224
0.8511331081390381 178 224
0.8548600673675537 179 224
0.8614993095397949 180 223
0.8652942180633545 181 224
0.8699705600738525 183 223
0.8737401962280273 183 224
0.8780722618103027 184 225
0.8838708400726318 186 227
0.8881947994232178 187 226
0.8917505741119385 187 226
0.8955373764038086 188 226
0.9000725746154785 189 226
0.905717134475708 191 225
0.9102029800415039 191 224
0.9139354228973389 193 226
0.918257474899292 193 225
0.9218969345092773 194 227
0.928107500076294 195 226
0.9316799640655518 197 226
0.9354400634765625 197 226
0.9417746067047119 199 224
0.9455680847167969 200 225
0.9501066207885742 201 225
0.9538636207580566 201 225
0.9592940807342529 202 227
0.9650111198425293 204 222
0.9695014953613281 205 225
0.9731006622314453 205 223
0.977553129196167 207 223
0.9831879138946533 208 223
0.9879088401794434 209 223
0.9915363788604736 209 224
0.9953227043151855 211 225
0.9998297691345215 212 226
