time angle speed
0 0 0
0.002581357955932617 0 0
0.008255958557128906 0 0
0.01176142692565918 0 -2
0.016299962997436523 0 -2
0.019924640655517578 -1 -7
0.02599477767944336 -1 -16
0.029604434967041016 -1 -42
0.033335208892822266 -2 -19
0.03933286666870117 -3 -68
0.04286313056945801 -4 -179
0.05010223388671875 -6 -190
0.05385637283325195 -7 -195
0.05846595764160156 -8 -213
0.062189340591430664 -9 -236
0.06665945053100586 -10 -263
0.07243943214416504 -12 -278
0.07686328887939453 -13 -289
0.0804133415222168 -14 -297
0.08417677879333496 -15 -299
0.0886545181274414 -17 -315
0.09428191184997559 -19 -325
0.0989689826965332 -21 -332
0.1027524471282959 -22 -341
0.1073460578918457 -23 -350
0.11079049110412598 -25 -361
0.11679196357727051 -27 -369
0.12036252021789551 -29 -376
0.12410902976989746 -30 -386
0.13045907020568848 -33 -389
0.13425421714782715 -34 -393
0.1387624740600586 -36 -397
0.14250779151916504 -37 -398
0.14680075645446777 -39 -405
0.15261483192443848 -41 -405
0.15737032890319824 -43 -408
0.16093754768371582 -45 -411
0.16544461250305176 -47 -410
0.16941237449645996 -48 -416
0.1759955883026123 -51 -414
0.17959928512573242 -52 -420
0.1833195686340332 -54 -422
0.1877455711364746 -56 -425
0.19142436981201172 -57 -431
0.19729161262512207 -60 -433
0.2007460594177246 -62 -432
0.2047405242919922 -64 -434
0.2110302448272705 -66 -436
0.2155439853668213 -68 -434
0.21948504447937012 -70 -435
0.22302722930908203 -73 -439
0.23346567153930664 -76 -441
0.23818540573120117 -78 -441
0.24190306663513184 -79 -442
0.24646615982055664 -82 -441
0.25003576278686523 -84 -443
0.25620031356811523 -87 -445
0.2598137855529785 -87 -444
0.2635688781738281 -89 -445
0.2700309753417969 -93 -447
0.2738056182861328 -95 -445
0.2784576416015625 -97 -443
0.28220677375793457 -98 -446
0.28651881217956543 -100 -446
0.29233837127685547 -103 -449
0.29687929153442383 -105 -448
0.3004310131072998 -106 -449
0.30419445037841797 -108 -450
0.30869269371032715 -110 -451
0.3143196105957031 -113 -449
0.3188014030456543 -114 -448
0.3225395679473877 -116 -449
0.32688307762145996 -118 -448
0.33051371574401855 -120 -447
0.33669567108154297 -123 -450
0.34025049209594727 -124 -448
0.34398317337036133 -126 -447
0.35036158561706543 -129 -451
0.3541243076324463 -131 -454
0.3586080074310303 -133 -451
0.3623921871185303 -134 -454
0.3666999340057373 -136 -453
0.3725123405456543 -139 -453
0.3768770694732666 -141 -448
0.38044071197509766 -142 -449
0.3841838836669922 -144 -447
0.3886377811431885 -147 -449
0.39429736137390137 -149 -449
0.3989698886871338 -150 -451
0.4028482437133789 -152 -450
0.4074411392211914 -154 -452
0.4109663963317871 -157 -453
0.4177219867706299 -159 -452
0.42142152786254883 -160 -454
0.42570924758911133 -162 -454
0.42968273162841797 -164 -450
0.43550562858581543 -167 -449
0.43929362297058105 -169 -447
0.44283032417297363 -170 -447
0.44943976402282715 -173 -451
0.45300769805908203 -175 -449
0.4579145908355713 -177 -450
0.46149563789367676 -179 -454
0.4659707546234131 -180 -453
0.47158074378967285 -183 -453
0.47613024711608887 -185 -454
0.479778528213501 -187 -452
0.4835941791534424 -189 -452
0.4881148338317871 -190 -451
0.49373698234558105 -194 -448
0.49825549125671387 -195 -450
0.5019075870513916 -197 -452
0.5109424591064453 -201 -453
0.5154142379760742 -203 -453
0.5215775966644287 -205 -455
0.5261969566345215 -208 -454
0.5298020839691162 -209 -453
0.5335748195648193 -211 -451
0.5382771492004395 -215 -450
0.5439379215240479 -216 -450
0.5484366416931152 -218 -450
0.5521745681762695 -219 -447
0.5566680431365967 -222 -451
0.5602200031280518 -225 -450
0.5668315887451172 -226 -452
0.5703845024108887 -228 -452
0.5741336345672607 -230 -457
0.5788252353668213 -232 -451
0.582604169845581 -235 -453
0.5884826183319092 -236 -451
0.5922393798828125 -238 -452
0.5965561866760254 -241 -450
0.6023693084716797 -243 -446
0.606703519821167 -244 -448
0.6102378368377686 -246 -452
0.6140010356903076 -248 -450
0.6184611320495605 -251 -451
0.6240999698638916 -253 -455
0.632185697555542 -256 -452
0.6367416381835938 -258 -451
0.6403264999389648 -260 -451
0.6465444564819336 -262 -447
0.6501364707946777 -264 -451
0.6539490222930908 -266 -449
0.660463809967041 -269 -450
0.6642436981201172 -271 -450
0.6687254905700684 -272 -451
0.6724905967712402 -274 -454
0.6767778396606445 -276 -454
0.6827003955841064 -279 -454
0.6874573230743408 -281 -454
0.6909716129302979 -282 -454
0.6954429149627686 -284 -451
0.6994006633758545 -286 -450
0.7060167789459229 -289 -447
0.709669828414917 -291 -448
0.713433027267456 -292 -447
0.7179090976715088 -294 -449
0.7214984893798828 -296 -454
0.7273671627044678 -299 -454
0.730818510055542 -301 -453
0.7347960472106934 -303 -452
0.7408962249755859 -305 -451
0.7453551292419434 -307 -451
0.7489285469055176 -309 -450
0.7526874542236328 -310 -447
0.7594807147979736 -313 -448
0.7630312442779541 -315 -449
0.767758846282959 -317 -447
0.7714035511016846 -319 -450
0.7757039070129395 -320 -454
0.781524658203125 -323 -454
0.7860550880432129 -325 -455
0.7896676063537598 -327 -455
0.7935440540313721 -328 -454
0.7981126308441162 -330 -451
0.8037855625152588 -334 -451
0.8082950115203857 -335 -450
0.8119907379150391 -337 -450
0.816572904586792 -339 -450
0.820145845413208 -341 -449
0.8262135982513428 -344 -451
0.8297879695892334 -345 -452
0.8335633277893066 -347 -451
0.8399677276611328 -349 -453
0.8437800407409668 -352 -454
0.8482685089111328 -354 -451
0.8519299030303955 -355 -452
0.8563487529754639 -357 -453
0.8621885776519775 -360 -449
0.8665657043457031 -362 -448
0.8701691627502441 -363 -449
0.8739442825317383 -365 -451
0.8786392211914062 -368 -449
0.8843135833740234 -370 -454
0.8888106346130371 -372 -455
0.8925893306732178 -373 -454
0.89689040184021 -375 -453
0.9004116058349609 -378 -455
0.9070181846618652 -380 -452
0.9107294082641602 -382 -449
0.9147841930389404 -383 -449
0.9190022945404053 -385 -448
0.9227654933929443 -388 -450
0.9286229610443115 -390 -451
0.9323878288269043 -391 -450
0.9368581771850586 -394 -453
0.9426980018615723 -396 -454
0.9482035636901855 -399 -454
0.9519109725952148 -400 -457
0.956348180770874 -403 -456
0.9621319770812988 -404 -451
0.9664790630340576 -407 -451
0.9700305461883545 -409 -447
0.9738154411315918 -411 -447
0.9783077239990234 -412 -447
0.9839866161346436 -415 -453
0.9885272979736328 -417 -450
0.9923155307769775 -419 -456
0.9968254566192627 -421 -455
