time angle speed
0 0 0
0.002216339111328125 0 0
0.008263349533081055 0 0
0.011775732040405273 0 0
0.015472173690795898 1 9
0.02542877197265625 2 9
0.03057408332824707 2 9
0.03430008888244629 3 23
0.04004621505737305 4 44
0.04364824295043945 4 130
0.04836082458496094 5 155
0.05801033973693848 7 191
0.06258893013000488 9 204
0.06942439079284668 10 216
0.07360649108886719 11 240
0.0788726806640625 12 248
0.08244609832763672 14 260
0.08819317817687988 15 272
0.09392666816711426 16 287
0.09832191467285156 18 289
0.1018834114074707 19 295
0.10563302040100098 21 299
0.11018252372741699 21 301
0.11582732200622559 24 306
0.12047863006591797 25 310
0.1242074966430664 26 317
0.1286015510559082 28 320
0.13216590881347656 29 324
0.13816070556640625 30 329
0.14178752899169922 32 332
0.14554953575134277 34 340
0.15041518211364746 36 345
0.1560978889465332 38 349
0.1614665985107422 39 354
0.1649622917175293 40 357
0.16954326629638672 42 354
0.17539000511169434 44 359
0.1799333095550537 45 358
0.18349313735961914 47 359
0.18778491020202637 48 358
0.19156575202941895 50 361
0.1950516700744629 52 359
0.2009410858154297 53 364
0.20470142364501953 55 364
0.21146082878112793 57 368
0.21504759788513184 58 371
0.21973562240600586 60 372
0.22345495223999023 62 373
0.22777032852172852 63 375
0.23359203338623047 65 375
0.2381446361541748 67 375
0.2417433261871338 68 376
0.24547457695007324 70 376
0.25011610984802246 71 372
0.2593722343444824 75 374
0.2629239559173584 76 374
0.2668032646179199 78 374
0.27349066734313965 80 374
0.27818775177001953 82 377
0.28189659118652344 83 379
0.2856881618499756 86 381
0.29016828536987305 86 382
0.29584693908691406 90 383
0.3003203868865967 91 382
0.3039510250091553 92 381
0.3083057403564453 94 380
0.31188201904296875 95 378
0.318462610244751 98 376
0.32201480865478516 98 378
0.32575273513793945 101 379
0.3304009437561035 102 377
0.3340799808502197 103 382
0.3400895595550537 106 383
0.3437225818634033 107 382
0.3496108055114746 109 383
0.35333704948425293 111 386
0.3596017360687256 113 384
0.3633859157562256 115 384
0.36768078804016113 116 381
0.371476411819458 118 382
0.3749887943267822 119 381
0.3817906379699707 122 380
0.38556909561157227 123 379
0.3902547359466553 125 380
0.39489316940307617 127 380
0.3994576930999756 128 382
0.4050283432006836 131 383
0.40972304344177246 132 384
0.41335487365722656 134 385
0.41774725914001465 135 386
0.4215354919433594 137 389
0.42818546295166016 139 385
0.4317898750305176 141 384
0.4355297088623047 142 384
0.43999719619750977 144 382
0.4435892105102539 145 382
0.4497501850128174 148 381
0.4534454345703125 149 379
0.45772600173950195 150 381
0.4636387825012207 153 380
0.4681408405303955 154 381
0.47173070907592773 156 382
0.4754757881164551 158 384
0.47995781898498535 159 387
0.4855995178222656 161 383
0.4900975227355957 163 386
0.49364757537841797 164 385
0.49828147888183594 167 381
0.5018632411956787 168 383
0.5086150169372559 170 380
0.5122179985046387 172 381
0.515972375869751 174 383
0.5204534530639648 175 381
0.5260717868804932 178 384
0.5306112766265869 179 386
0.5343539714813232 180 387
0.5386276245117188 182 386
0.5422179698944092 184 387
0.5482504367828369 186 387
0.5518162250518799 187 385
0.555556058883667 188 383
0.5619113445281982 190 384
0.5656905174255371 193 381
0.5703716278076172 194 380
0.5740437507629395 195 380
0.578420877456665 197 381
0.5842361450195312 200 383
0.5886116027832031 201 382
0.5921845436096191 203 383
0.5959463119506836 204 387
0.6004314422607422 206 385
0.6060652732849121 208 388
0.6105706691741943 210 388
0.6143097877502441 211 387
0.6185765266418457 213 384
0.6221621036529541 214 384
0.628354549407959 216 381
0.6319460868835449 218 382
0.635697603225708 220 377
0.641613245010376 221 379
0.6453323364257812 223 383
0.6498043537139893 224 387
0.6600501537322998 228 386
0.6636385917663574 230 387
0.6682291030883789 232 385
0.6718347072601318 233 386
0.6776590347290039 235 382
0.6816408634185791 236 382
0.6854274272918701 238 382
0.6921689510345459 241 382
0.6959660053253174 243 382
0.7004539966583252 244 383
0.7041752338409424 245 382
0.7084987163543701 247 384
0.7142820358276367 250 383
0.7185831069946289 251 385
0.7221560478210449 253 385
0.7258875370025635 254 385
0.7303488254547119 256 384
0.7359309196472168 258 386
0.7404332160949707 260 383
0.7441856861114502 260 386
0.7486436367034912 263 383
0.7522082328796387 264 383
0.7582337856292725 266 382
0.7618060111999512 267 381
0.7655420303344727 269 381
0.7706615924835205 271 383
0.7743971347808838 274 385
0.780240535736084 275 382
0.7837867736816406 276 385
0.7882466316223145 279 384
0.7939574718475342 280 386
0.7983725070953369 282 383
0.8020408153533936 284 387
0.8058059215545654 285 388
0.8104500770568848 287 383
0.8160667419433594 289 383
0.8205509185791016 290 381
0.8242902755737305 292 381
0.8285863399505615 294 382
0.8321616649627686 296 383
0.8387093544006348 297 382
0.8422565460205078 299 385
0.8459844589233398 300 382
0.8504719734191895 302 385
0.854205846786499 303 385
0.8600788116455078 305 386
0.8636491298675537 306 384
0.868788480758667 309 386
0.8723530769348145 310 383
0.8784067630767822 313 384
0.8819992542266846 314 384
0.8857722282409668 316 379
0.8921043872833252 318 381
0.8958845138549805 320 383
0.9005017280578613 321 383
0.904231071472168 323 383
0.9085512161254883 324 386
0.9143750667572021 326 387
0.9187157154083252 328 388
0.9222581386566162 330 388
0.9260928630828857 331 388
0.9307267665863037 333 386
0.9363291263580322 335 384
0.94081711769104 336 383
0.9445550441741943 338 383
0.9488413333892822 340 380
0.9523954391479492 341 382
0.9584145545959473 344 383
0.9620034694671631 344 384
0.9657449722290039 347 384
0.9720067977905273 349 385
0.9758007526397705 350 385
0.9802913665771484 352 384
0.9839515686035156 353 385
0.9899213314056396 355 383
0.9935488700866699 356 381
0.9980113506317139 358 384
