time angle speed
0 0 0
0.0023725032806396484 0 0
0.008221626281738281 0 0
0.011976480484008789 0 0
0.015422821044921875 0 0
0.020133256912231445 0 0
0.025762081146240234 0 0
0.030228853225708008 0 2
0.033817291259765625 0 2
0.0381166934967041 0 2
0.041825056076049805 0 2
0.04528522491455078 0 2
0.05131220817565918 0 2
0.055011749267578125 0 2
0.060891151428222656 0 2
0.06459689140319824 0 2
0.06888031959533691 0 2
0.07467103004455566 0 2
0.07895421981811523 0 2
0.08244609832763672 0 2
0.08615708351135254 0 2
0.09060287475585938 0 2
0.09618544578552246 0 6
0.10062575340270996 1 6
0.10416150093078613 1 6
0.10878229141235352 1 6
0.11240172386169434 1 11
0.11898970603942871 1 11
0.12254643440246582 1 11
0.12627720832824707 2 16
0.13071107864379883 2 16
0.13434505462646484 2 16
0.14024138450622559 2 35
0.14386320114135742 2 35
0.14812278747558594 2 35
0.1539783477783203 2 35
0.15845680236816406 2 32
0.16202783584594727 3 32
0.16576600074768066 3 32
0.17041659355163574 3 34
0.17602992057800293 3 34
0.1805436611175537 4 36
0.18406438827514648 4 36
0.18866229057312012 4 36
0.19223666191101074 4 38
0.19884276390075684 4 38
0.2024064064025879 4 38
0.20620036125183105 4 38
0.21064996719360352 4 38
0.2142167091369629 5 37
0.22015833854675293 5 37
0.2238020896911621 5 38
0.22804474830627441 5 38
0.23295044898986816 6 37
0.23667240142822266 6 37
0.24112439155578613 6 38
0.2467200756072998 6 38
0.2511441707611084 6 38
0.2548666000366211 6 38
0.25916576385498047 6 38
0.2627298831939697 7 39
0.26926732063293457 7 39
0.27280497550964355 7 39
0.2765321731567383 7 39
0.28100013732910156 7 40
0.28472161293029785 8 40
0.2907981872558594 8 40
0.2944529056549072 8 39
0.3007471561431885 8 39
0.3043696880340576 8 39
0.30872321128845215 8 39
0.31229734420776367 8 40
0.3160583972930908 9 40
0.32265758514404297 9 40
0.32642221450805664 9 40
0.33087611198425293 9 39
0.3390936851501465 10 39
0.34267449378967285 10 40
0.34899377822875977 10 40
0.35260701179504395 10 40
0.3563723564147949 10 40
0.3622567653656006 10 40
0.3660464286804199 11 40
0.37051963806152344 11 41
0.3761560916900635 11 41
0.38063788414001465 11 41
0.38436436653137207 12 41
0.3888075351715088 12 41
0.39237499237060547 12 40
0.3990905284881592 12 40
0.4026360511779785 12 40
0.40639424324035645 12 40
0.41104769706726074 13 40
0.41480422019958496 13 40
0.4207031726837158 13 40
0.42437291145324707 13 39
0.42876434326171875 14 40
0.43460893630981445 14 40
0.4389455318450928 14 41
0.44246435165405273 14 41
0.4462141990661621 14 41
0.4527111053466797 14 41
0.4579963684082031 14 41
0.46178364753723145 15 39
0.46530866622924805 15 39
0.4701700210571289 15 41
0.4758479595184326 15 41
0.4804379940032959 15 40
0.48403096199035645 16 40
0.48846936225891113 16 40
0.4920663833618164 16 39
0.4986095428466797 16 39
0.5021629333496094 16 39
0.5059030055999756 16 39
0.5103771686553955 16 40
0.5139198303222656 17 40
0.5197799205780029 17 40
0.5232319831848145 17 38
0.5272226333618164 17 39
0.5337502956390381 18 39
0.537987232208252 18 39
0.5417940616607666 18 40
0.5452945232391357 18 40
0.5498194694519043 18 40
0.5553321838378906 18 40
0.559894323348999 18 40
0.5633816719055176 19 40
0.5679311752319336 19 40
0.5714640617370605 19 40
0.5780336856842041 19 40
0.5819804668426514 20 38
0.5854721069335938 20 38
0.590343713760376 20 38
0.5938858985900879 20 38
0.5995011329650879 20 38
0.603024959564209 20 38
0.6067631244659424 20 38
0.611426830291748 21 38
0.6179947853088379 21 38
0.6217381954193115 21 39
0.6252255439758301 21 39
0.6298000812530518 21 41
0.6332240104675293 22 41
0.6398916244506836 22 40
0.6433804035186768 22 40
0.6477959156036377 22 40
0.651508092880249 22 40
0.6552574634552002 22 40
0.6610791683197021 23 40
0.6649136543273926 23 40
0.6711280345916748 23 40
0.6748590469360352 23 40
0.6791400909423828 23 39
0.68265700340271 24 39
0.6864426136016846 24 40
0.6927580833435059 24 40
0.6965084075927734 24 40
0.7009832859039307 24 40
0.7047171592712402 24 40
0.7091639041900635 24 38
0.7149322032928467 25 38
0.7192144393920898 25 38
0.7227926254272461 25 39
0.7265138626098633 25 39
0.7309868335723877 26 40
0.7411582469940186 26 40
0.7448976039886475 26 40
0.7493312358856201 26 40
0.7528524398803711 26 40
0.7566003799438477 26 40
0.7614707946777344 27 40
0.7680163383483887 27 40
0.7720837593078613 27 39
0.775794506072998 27 39
0.7803800106048584 27 40
0.7860009670257568 28 40
0.7905111312866211 28 40
0.7940826416015625 28 40
0.7986023426055908 28 40
0.8021788597106934 28 40
0.8079407215118408 28 40
0.8114829063415527 29 41
0.8152472972869873 29 41
0.8217551708221436 29 40
0.8253269195556641 29 40
0.8301990032196045 29 39
0.8338320255279541 30 39
0.838101863861084 30 40
0.8441479206085205 30 40
0.8486108779907227 30 40
0.8521857261657715 30 40
0.8559360504150391 30 40
0.8604340553283691 30 40
0.8660597801208496 31 40
0.8705627918243408 31 40
0.8741412162780762 31 40
0.8786044120788574 31 41
0.8821835517883301 32 41
0.8889546394348145 32 39
0.8925273418426514 32 39
0.8962783813476562 32 39
0.9007458686828613 32 39
0.9045798778533936 32 39
0.9104619026184082 33 41
0.9140138626098633 33 41
0.9184901714324951 33 40
0.9241209030151367 33 40
0.9285998344421387 34 41
0.9321737289428711 34 41
0.9358878135681152 34 41
0.940371036529541 34 42
0.9460341930389404 34 42
0.9506769180297852 34 42
0.9543209075927734 34 42
0.9587035179138184 35 40
0.962249755859375 35 40
0.9690003395080566 35 40
0.9725720882415771 35 40
0.97635817527771 36 40
0.9808311462402344 36 40
0.9844942092895508 36 40
0.9904561042785645 36 40
0.9940083026885986 36 40
