time angle speed
0 0 0
0.003350496292114258 0 0
0.0068645477294921875 0 0
0.010600805282592773 0 2
0.015030622482299805 0 6
0.022792339324951172 1 36
0.02655482292175293 2 12
0.0300295352935791 3 63
0.0366060733795166 4 46
0.0404202938079834 6 197
0.04482316970825195 7 289
0.04847097396850586 9 295
0.05273604393005371 10 341
0.058786869049072266 13 387
0.0633232593536377 16 402
0.0668787956237793 16 435
0.07063102722167969 20 463
0.07521510124206543 21 489
0.08087420463562012 25 525
0.08533143997192383 28 539
0.08898735046386719 29 570
0.0933692455291748 32 577
0.0969533920288086 34 602
0.10350871086120605 39 616
0.1070871353149414 41 622
0.11082315444946289 44 641
0.11553692817687988 47 656
0.11928367614746094 50 677
0.12528491020202637 54 682
0.12894868850708008 55 699
0.13335585594177246 61 702
0.13916802406311035 62 712
0.14350676536560059 66 715
0.1470644474029541 70 722
0.15080761909484863 72 731
0.155287504196167 77 742
0.1609814167022705 80 753
0.1654672622680664 83 760
0.16921257972717285 85 763
0.173691987991333 89 767
0.1818075180053711 96 777
0.1883389949798584 100 786
0.19272899627685547 104 789
0.19669437408447266 107 793
0.2004547119140625 110 791
0.2051398754119873 113 793
0.2107856273651123 120 799
0.2153482437133789 123 804
0.2190403938293457 124 811
0.22345662117004395 129 812
0.2270345687866211 131 813
0.23331212997436523 138 816
0.2368936538696289 139 816
0.24063992500305176 144 817
0.24705958366394043 149 822
0.25089049339294434 152 825
0.2556145191192627 156 829
0.25937938690185547 159 830
0.26371145248413086 162 829
0.26957058906555176 167 832
0.2739272117614746 171 834
0.27745580673217773 174 836
0.28124260902404785 178 838
0.28571057319641113 181 838
0.2913672924041748 186 837
0.29602742195129395 189 838
0.29981493949890137 192 837
0.3043844699859619 196 840
0.30785202980041504 199 844
0.313753604888916 204 842
0.31728696823120117 208 842
0.3225221633911133 211 841
0.32842230796813965 216 844
0.3328070640563965 220 845
0.33663439750671387 223 848
0.3403964042663574 226 845
0.344806432723999 230 846
0.3505210876464844 235 845
0.3552134037017822 238 847
0.35878610610961914 242 848
0.36328601837158203 247 850
0.36689114570617676 248 852
0.37348008155822754 255 848
0.37704944610595703 258 850
0.3808097839355469 262 851
0.38546133041381836 266 853
0.38921213150024414 267 853
0.3951277732849121 272 854
0.3986949920654297 276 854
0.40325212478637695 282 852
0.4090602397918701 284 848
0.41358518600463867 289 853
0.41718268394470215 293 851
0.4209308624267578 296 856
0.42543721199035645 301 857
0.4310948848724365 305 855
0.4355957508087158 308 852
0.4393324851989746 312 850
0.44357848167419434 315 854
0.44718360900878906 320 857
0.4538283348083496 324 858
0.4573850631713867 327 854
0.4611086845397949 330 856
0.46558570861816406 334 855
0.46935176849365234 339 859
0.47539639472961426 342 858
0.4791722297668457 344 856
0.48360323905944824 351 857
0.4894719123840332 354 856
0.4937455654144287 358 855
0.4972691535949707 361 857
0.5010232925415039 365 856
0.5073747634887695 370 856
0.5111470222473145 373 855
0.5157930850982666 377 855
0.5195255279541016 380 854
0.5237941741943359 384 857
0.5295610427856445 389 860
0.5340240001678467 392 861
0.5375709533691406 396 859
0.5413253307342529 399 854
0.5458071231842041 402 857
0.5518128871917725 408 859
0.555901288986206 411 856
0.5596520900726318 414 859
0.5639355182647705 418 859
0.5674850940704346 421 860
0.5736157894134521 426 859
0.577181339263916 432 854
0.5858211517333984 437 860
0.591850996017456 442 858
0.5964994430541992 446 858
0.600017786026001 449 859
0.6048214435577393 452 858
0.6084616184234619 456 860
0.6140909194946289 461 860
0.6177840232849121 464 860
0.6217474937438965 468 859
0.627875566482544 473 859
0.6318507194519043 476 858
0.6359236240386963 480 858
0.6396670341491699 483 862
0.6463217735290527 488 863
0.6499156951904297 492 858
0.6547958850860596 495 856
0.6584384441375732 499 858
0.662710428237915 502 857
0.6684830188751221 507 857
0.6728079319000244 511 860
0.6766941547393799 514 859
0.6804683208465576 518 859
0.6849746704101562 521 857
0.6905739307403564 526 858
0.6951031684875488 530 857
0.698674201965332 533 859
0.7031469345092773 536 857
0.7067432403564453 540 862
0.7125592231750488 545 858
0.716524600982666 548 859
0.7200255393981934 552 861
0.7266249656677246 557 857
0.7304229736328125 560 862
0.7349624633789062 564 859
0.738541841506958 568 857
0.7430179119110107 571 857
0.7486696243286133 576 858
0.7531533241271973 580 863
0.7567298412322998 583 862
0.760500431060791 586 860
0.764970064163208 590 856
0.7706153392791748 597 856
0.7752971649169922 600 859
0.7789480686187744 602 859
0.7833280563354492 607 862
0.7870147228240967 609 859
0.7935764789581299 616 856
0.7971229553222656 619 856
0.8008966445922852 622 859
0.8053412437438965 626 859
0.8089745044708252 628 860
0.8149023056030273 633 861
0.818497896194458 636 862
0.8227782249450684 640 860
0.8286585807800293 645 858
0.8333096504211426 650 859
0.8368911743164062 652 861
0.8406493663787842 657 862
0.8470277786254883 662 859
0.8508052825927734 666 854
0.8552939891815186 669 857
0.8589720726013184 670 859
0.8633558750152588 676 860
0.8690261840820312 679 862
0.8734228610992432 684 859
0.8770060539245605 686 862
0.880760669708252 691 858
0.8852427005767822 695 859
0.890906810760498 700 863
0.8955168724060059 704 858
0.899249792098999 707 857
0.9037091732025146 710 858
0.9072678089141846 714 858
0.9134101867675781 719 859
0.9170334339141846 720 858
0.9208409786224365 726 860
0.9271857738494873 731 861
0.9309577941894531 734 862
0.9354398250579834 738 861
0.9391844272613525 740 859
0.9435443878173828 745 861
0.949343204498291 750 863
0.9538333415985107 753 864
0.9573917388916016 757 860
0.9611234664916992 760 859
0.9655721187591553 765 859
0.9712140560150146 769 859
0.9756872653961182 772 862
0.9837319850921631 779 859
0.9872794151306152 782 858
0.9910256862640381 786 859
0.9958648681640625 791 862
