time angle speed
0 0 0
0.002576112747192383 0 0
0.008333444595336914 0 0
0.011815547943115234 0 3
0.01644134521484375 1 9
0.020075321197509766 1 26
0.025860071182250977 2 15
0.029819965362548828 3 50
0.03329348564147949 3 180
0.0399630069732666 5 71
0.04370379447937012 6 213
0.04815554618835449 7 253
0.05170106887817383 9 282
0.05596041679382324 10 297
0.06183314323425293 12 334
0.06629109382629395 14 357
0.06988358497619629 15 377
0.07369756698608398 17 395
0.07837724685668945 19 411
0.08405685424804688 23 429
0.0885465145111084 25 440
0.0921621322631836 25 451
0.09653353691101074 28 463
0.10010337829589844 29 484
0.10664868354797363 33 486
0.11023354530334473 34 492
0.11411523818969727 37 507
0.11857795715332031 40 517
0.12224912643432617 41 530
0.1282050609588623 44 536
0.13178706169128418 46 547
0.1375727653503418 49 554
0.14108943939208984 52 556
0.14564728736877441 54 562
0.14920902252197266 57 567
0.15578150749206543 60 570
0.15982580184936523 62 578
0.1635754108428955 65 583
0.16799139976501465 67 588
0.17372965812683105 71 594
0.17828750610351562 73 598
0.18186163902282715 75 597
0.18636202812194824 78 601
0.18996548652648926 80 607
0.19857478141784668 88 608
0.20426368713378906 90 615
0.20887136459350586 93 619
0.2126471996307373 95 620
0.21711063385009766 98 621
0.22065424919128418 101 624
0.2277050018310547 104 624
0.2311851978302002 106 624
0.23563694953918457 109 624
0.2391963005065918 111 627
0.24293851852416992 115 633
0.24876976013183594 118 632
0.25252485275268555 120 634
0.2570314407348633 124 635
0.2628777027130127 127 634
0.267242431640625 129 632
0.2708122730255127 132 633
0.27456068992614746 134 636
0.27903151512145996 138 638
0.28562259674072266 141 640
0.2895991802215576 143 642
0.29311203956604004 146 644
0.2976834774017334 149 643
0.3011765480041504 152 638
0.3079390525817871 155 640
0.31156349182128906 157 643
0.3158879280090332 160 641
0.319866418838501 163 642
0.32503199577331543 167 645
0.3292531967163086 169 648
0.3330411911010742 172 643
0.3395802974700928 175 645
0.34319090843200684 178 643
0.34779787063598633 181 644
0.3515293598175049 183 645
0.35579705238342285 186 649
0.3615882396697998 190 651
0.3659346103668213 193 653
0.36972975730895996 195 648
0.3732776641845703 197 646
0.3781881332397461 200 646
0.38383054733276367 205 647
0.38838934898376465 207 648
0.3919796943664551 209 650
0.396481990814209 213 650
0.4001429080963135 215 650
0.4060084819793701 219 647
0.4098086357116699 221 647
0.4135420322418213 223 644
0.4186875820159912 227 646
0.4224271774291992 229 650
0.42827820777893066 233 648
0.43190670013427734 235 652
0.4365572929382324 241 652
0.4424302577972412 242 649
0.44676756858825684 245 651
0.45033907890319824 248 651
0.4540839195251465 251 650
0.45856595039367676 255 649
0.4642307758331299 257 653
0.4686770439147949 260 654
0.47241830825805664 261 655
0.47673535346984863 265 650
0.48039817810058594 269 652
0.4870264530181885 272 646
0.4906191825866699 274 648
0.4943406581878662 277 648
0.4989628791809082 279 653
0.5027060508728027 283 652
0.5085318088531494 286 652
0.512169361114502 287 653
0.5165669918060303 293 653
0.5223941802978516 294 650
0.5267031192779541 298 650
0.5302538871765137 299 649
0.5340664386749268 303 653
0.5385158061981201 307 650
0.5441482067108154 309 654
0.5487971305847168 312 654
0.5525417327880859 315 650
0.5569586753845215 317 650
0.5627140998840332 321 648
0.5669960975646973 324 652
0.5706119537353516 327 651
0.5743346214294434 329 650
0.5788004398345947 332 653
0.5844318866729736 335 657
0.588892936706543 338 652
0.5926101207733154 343 650
0.6005198955535889 346 650
0.6042747497558594 349 648
0.6107861995697021 353 651
0.6145610809326172 355 651
0.6195871829986572 358 651
0.6230871677398682 360 656
0.6277997493743896 363 650
0.6335644721984863 367 650
0.6380305290222168 369 649
0.6416513919830322 372 648
0.6459167003631592 375 647
0.6517429351806641 379 654
0.6562364101409912 381 650
0.6598696708679199 384 652
0.6635997295379639 386 653
0.668004035949707 389 649
0.6737842559814453 393 650
0.6785128116607666 397 649
0.6821651458740234 398 651
0.6871621608734131 402 649
0.6907219886779785 405 654
0.6967442035675049 409 651
0.7002854347229004 411 653
0.7040266990661621 413 651
0.7103610038757324 417 652
0.714116096496582 420 647
0.7186024188995361 423 650
0.7222623825073242 424 653
0.7266397476196289 428 654
0.7324371337890625 432 653
0.7369356155395508 435 652
0.7404732704162598 437 652
0.7442164421081543 440 648
0.7486996650695801 442 649
0.7543127536773682 446 651
0.7587878704071045 449 651
0.7625272274017334 451 653
0.7667980194091797 454 654
0.7703714370727539 457 653
0.7764303684234619 461 651
0.7800195217132568 462 650
0.7838945388793945 466 651
0.7902662754058838 470 650
0.7940266132354736 472 654
0.7986583709716797 475 651
0.8024036884307861 476 657
0.8069076538085938 480 651
0.8126966953277588 484 652
0.8170201778411865 487 649
0.8205814361572266 489 647
0.8243277072906494 492 646
0.828789472579956 496 650
0.8344323635101318 499 650
0.8389012813568115 501 651
0.8426475524902344 504 654
0.8469831943511963 506 654
0.8505339622497559 510 652
0.8572442531585693 513 653
0.8607923984527588 515 653
0.8645262718200684 518 651
0.8690187931060791 521 655
0.8727514743804932 525 655
0.8785889148712158 527 654
0.8822708129882812 529 653
0.8866395950317383 533 651
0.8924758434295654 536 647
0.8967797756195068 539 650
0.9003345966339111 541 649
0.9040873050689697 544 651
0.9086627960205078 548 653
0.914301872253418 551 655
0.9189364910125732 553 653
0.9226953983306885 556 653
0.9270200729370117 559 651
0.9328312873840332 562 652
0.9375498294830322 565 649
0.9409902095794678 567 650
0.9445743560791016 570 653
0.9490306377410889 573 658
0.9550735950469971 577 653
0.9591383934020996 579 653
0.9628989696502686 582 651
0.9671890735626221 585 647
0.9707241058349609 587 652
0.9769232273101807 591 650
0.9805099964141846 593 652
0.9842326641082764 596 654
0.9905600547790527 600 651
0.9943356513977051 604 653
