time angle speed
0 0 0
0.002596139907836914 0 0
0.008328914642333984 0 0
0.012032508850097656 -1 -2
0.01652359962463379 -1 -2
0.020145416259765625 -1 -13
0.026201486587524414 -2 -11
0.02984023094177246 -3 -11
0.0335845947265625 -3 -146
0.03999662399291992 -5 -146
0.04379558563232422 -6 -74
0.04825758934020996 -7 -203
0.051991939544677734 -7 -233
0.05657458305358887 -9 -261
0.062408447265625 -11 -289
0.06673550605773926 -14 -304
0.07406973838806152 -15 -321
0.07878637313842773 -17 -331
0.08255147933959961 -19 -355
0.08858108520507812 -20 -363
0.09235024452209473 -22 -379
0.09685683250427246 -24 -391
0.10269308090209961 -26 -396
0.10726308822631836 -28 -408
0.11078763008117676 -29 -413
0.11531233787536621 -31 -420
0.1213834285736084 -34 -431
0.12593793869018555 -35 -437
0.12956500053405762 -37 -440
0.13333368301391602 -39 -449
0.1378631591796875 -41 -455
0.14354944229125977 -45 -463
0.14824700355529785 -47 -470
0.15198755264282227 -48 -475
0.1563127040863037 -51 -476
0.15987777709960938 -53 -478
0.166001558303833 -55 -482
0.1696009635925293 -57 -484
0.17337441444396973 -58 -483
0.17845487594604492 -61 -487
0.18221402168273926 -64 -491
0.18807721138000488 -66 -494
0.19173502922058105 -67 -498
0.19617724418640137 -71 -499
0.2020721435546875 -73 -503
0.20638751983642578 -75 -508
0.2099752426147461 -77 -503
0.21380186080932617 -79 -507
0.21827936172485352 -83 -507
0.22391343116760254 -85 -508
0.22841453552246094 -87 -507
0.23216795921325684 -89 -510
0.2366621494293213 -91 -509
0.24243474006652832 -94 -514
0.24774384498596191 -96 -514
0.25136232376098633 -98 -519
0.25583910942077637 -100 -515
0.2594630718231201 -102 -516
0.2660689353942871 -106 -515
0.26969361305236816 -107 -516
0.2734663486480713 -110 -517
0.2781825065612793 -113 -518
0.2819540500640869 -113 -519
0.28786563873291016 -117 -520
0.29145050048828125 -119 -521
0.29610276222229004 -123 -522
0.30198097229003906 -124 -524
0.3063316345214844 -127 -524
0.3099024295806885 -129 -522
0.31366395950317383 -131 -520
0.31819868087768555 -134 -519
0.32386112213134766 -137 -521
0.3283820152282715 -139 -520
0.3322262763977051 -141 -521
0.33655691146850586 -143 -525
0.34014010429382324 -146 -526
0.34677648544311523 -148 -526
0.3503577709197998 -150 -528
0.35411930084228516 -152 -525
0.3587932586669922 -154 -520
0.36258578300476074 -157 -522
0.36849308013916016 -159 -521
0.37224507331848145 -161 -522
0.37658119201660156 -165 -524
0.38246679306030273 -167 -528
0.386810302734375 -169 -525
0.39035654067993164 -171 -528
0.3941352367401123 -173 -526
0.39862751960754395 -176 -525
0.405292272567749 -179 -524
0.40926194190979004 -181 -522
0.412792444229126 -183 -524
0.41768646240234375 -185 -524
0.4233283996582031 -188 -521
0.4278733730316162 -190 -526
0.4314839839935303 -192 -530
0.43598413467407227 -194 -529
0.4395925998687744 -196 -528
0.4454500675201416 -199 -530
0.4492921829223633 -201 -523
0.4528236389160156 -203 -522
0.45937323570251465 -207 -521
0.46319079399108887 -209 -521
0.4676995277404785 -211 -527
0.47624683380126953 -216 -526
0.4798402786254883 -219 -527
0.4866037368774414 -221 -529
0.49024367332458496 -223 -528
0.4940202236175537 -226 -523
0.49866318702697754 -228 -525
0.502450704574585 -231 -526
0.5082910060882568 -233 -525
0.5120387077331543 -235 -529
0.518322229385376 -239 -528
0.5220756530761719 -241 -527
0.5263690948486328 -243 -528
0.5299737453460693 -245 -528
0.5337626934051514 -247 -526
0.5403141975402832 -250 -524
0.5440754890441895 -252 -524
0.5486187934875488 -254 -525
0.5523905754089355 -256 -525
0.556706428527832 -258 -527
0.562507152557373 -261 -525
0.5668294429779053 -264 -530
0.5704066753387451 -266 -529
0.5745818614959717 -268 -527
0.5787642002105713 -271 -526
0.5853817462921143 -273 -526
0.5891895294189453 -275 -522
0.5927166938781738 -277 -525
0.5975818634033203 -279 -525
0.6033463478088379 -283 -526
0.607933521270752 -285 -524
0.6115083694458008 -287 -527
0.6160452365875244 -290 -528
0.6196315288543701 -291 -527
0.625481128692627 -294 -524
0.6292934417724609 -296 -525
0.6328377723693848 -299 -525
0.639531135559082 -301 -523
0.6433348655700684 -303 -523
0.6478221416473389 -306 -524
0.6513950824737549 -308 -526
0.6560623645782471 -311 -527
0.661839485168457 -313 -533
0.6664218902587891 -316 -528
0.6700124740600586 -319 -526
0.6737816333770752 -321 -525
0.6783926486968994 -323 -522
0.6840834617614746 -326 -522
0.6885843276977539 -328 -524
0.6923935413360596 -330 -526
0.6967029571533203 -332 -525
0.7002687454223633 -334 -530
0.7063241004943848 -337 -530
0.7099177837371826 -339 -527
0.7136745452880859 -342 -527
0.719592809677124 -344 -527
0.7233521938323975 -346 -524
0.727839469909668 -348 -522
0.7334856986999512 -352 -525
0.7380094528198242 -354 -520
0.7417166233062744 -355 -525
0.7461416721343994 -359 -527
0.7497618198394775 -359 -528
0.7563588619232178 -364 -527
0.7599692344665527 -366 -527
0.7637600898742676 -368 -524
0.7682638168334961 -370 -525
0.772017240524292 -372 -523
0.778069019317627 -375 -523
0.7817308902740479 -376 -523
0.786135196685791 -381 -526
0.7921147346496582 -383 -529
0.7966506481170654 -385 -528
0.8002157211303711 -387 -529
0.8039867877960205 -389 -527
0.8105499744415283 -392 -525
0.8146073818206787 -394 -524
0.8186988830566406 -396 -525
0.8224680423736572 -399 -525
0.8267905712127686 -401 -526
0.8326420783996582 -404 -525
0.83754563331604 -406 -528
0.8411941528320312 -408 -527
0.8454995155334473 -410 -526
0.8493199348449707 -412 -527
0.855931282043457 -415 -524
0.8595330715179443 -417 -523
0.8633019924163818 -419 -524
0.8678348064422607 -422 -526
0.8761904239654541 -428 -525
0.8820219039916992 -430 -529
0.8865015506744385 -432 -525
0.8900556564331055 -434 -531
0.8938374519348145 -437 -529
0.8985886573791504 -439 -527
0.9051637649536133 -442 -523
0.908757209777832 -444 -526
0.9125080108642578 -446 -525
0.916832447052002 -448 -523
0.9206995964050293 -451 -526
0.9276950359344482 -453 -526
0.9313113689422607 -455 -527
0.9357819557189941 -457 -528
0.9394094944000244 -459 -527
0.9446048736572266 -463 -528
0.9487819671630859 -465 -526
0.9525802135467529 -467 -524
0.9579935073852539 -469 -524
0.9617047309875488 -471 -524
0.9676878452301025 -474 -524
0.9712851047515869 -477 -527
0.9755744934082031 -479 -527
0.9814324378967285 -482 -529
0.9859793186187744 -484 -528
0.9895873069763184 -486 -531
0.9933395385742188 -488 -526
0.997854471206665 -490 -522
