time angle speed
0 0 0
0.003178834915161133 0 0
0.0067822933197021484 0 0
0.01052713394165039 0 -3
0.01510477066040039 0 -3
0.018895626068115234 0 -3
0.025195598602294922 0 -7
0.029090404510498047 -1 -7
0.03498077392578125 -1 -17
0.038810014724731445 -1 -48
0.0450596809387207 -2 -61
0.04880976676940918 -3 -88
0.053080081939697266 -3 -33
0.056668758392333984 -3 -33
0.06045699119567871 -4 -105
0.06685090065002441 -5 -123
0.07061576843261719 -5 -130
0.07512497901916504 -6 -142
0.07886767387390137 -7 -151
0.08333420753479004 -7 -160
0.08912396430969238 -9 -163
0.09346699714660645 -9 -172
0.09702587127685547 -10 -177
0.10075950622558594 -11 -181
0.10524511337280273 -12 -182
0.11127662658691406 -13 -185
0.11584854125976562 -13 -190
0.11938095092773438 -14 -191
0.12398314476013184 -15 -195
0.12749624252319336 -16 -198
0.13428640365600586 -17 -199
0.1379399299621582 -18 -200
0.1422421932220459 -19 -201
0.14624977111816406 -20 -203
0.1520531177520752 -21 -205
0.1558678150177002 -22 -207
0.1594083309173584 -23 -207
0.16601991653442383 -24 -207
0.16956615447998047 -25 -209
0.17426133155822754 -25 -212
0.17791962623596191 -27 -211
0.18223142623901367 -27 -213
0.18804383277893066 -29 -213
0.19255542755126953 -29 -215
0.19614791870117188 -30 -217
0.19991707801818848 -31 -217
0.20459318161010742 -32 -220
0.21037077903747559 -34 -221
0.21486926078796387 -35 -221
0.2232053279876709 -37 -221
0.22676706314086914 -37 -220
0.2305305004119873 -39 -220
0.23644042015075684 -39 -221
0.24022173881530762 -41 -222
0.2449648380279541 -42 -222
0.25059080123901367 -43 -222
0.2550673484802246 -44 -222
0.25882577896118164 -45 -223
0.263317346572876 -45 -223
0.26694369316101074 -47 -226
0.2735416889190674 -48 -224
0.2771010398864746 -49 -225
0.28084421157836914 -49 -223
0.285320520401001 -51 -224
0.28903841972351074 -52 -222
0.29491662979125977 -53 -223
0.2986750602722168 -53 -226
0.30297183990478516 -55 -224
0.3088099956512451 -56 -227
0.3130941390991211 -57 -225
0.3166768550872803 -58 -229
0.3204333782196045 -59 -228
0.32512426376342773 -60 -226
0.330826997756958 -61 -226
0.3353097438812256 -62 -227
0.33904552459716797 -63 -227
0.3433394432067871 -63 -227
0.3491349220275879 -65 -226
0.353487491607666 -66 -226
0.35703516006469727 -67 -227
0.36076807975769043 -68 -226
0.36524271965026855 -69 -225
0.37127017974853516 -70 -225
0.3755476474761963 -71 -224
0.37930870056152344 -72 -222
0.3840756416320801 -73 -223
0.38779425621032715 -73 -222
0.3934187889099121 -75 -222
0.39696383476257324 -76 -223
0.40080881118774414 -77 -223
0.4073059558868408 -78 -224
0.4113426208496094 -79 -224
0.41542506217956543 -80 -225
0.4191882610321045 -81 -225
0.4234788417816162 -81 -225
0.4292454719543457 -83 -228
0.4335782527923584 -84 -227
0.43726158142089844 -85 -231
0.4412996768951416 -86 -228
0.4455597400665283 -87 -229
0.45215559005737305 -88 -230
0.4559452533721924 -89 -227
0.45946431159973145 -90 -230
0.4640519618988037 -91 -227
0.4675791263580322 -91 -228
0.4734327793121338 -93 -226
0.4769892692565918 -94 -224
0.4808003902435303 -95 -225
0.4870467185974121 -96 -225
0.49079465866088867 -97 -226
0.4952988624572754 -98 -224
0.49905896186828613 -99 -225
0.503563642501831 -100 -225
0.5093765258789062 -101 -226
0.5139632225036621 -102 -226
0.5174856185913086 -103 -225
0.5219357013702393 -104 -226
0.5254757404327393 -105 -228
0.5320632457733154 -106 -228
0.5358681678771973 -107 -225
0.5393877029418945 -108 -228
0.5439612865447998 -109 -229
0.5495254993438721 -110 -230
0.5542035102844238 -111 -227
0.5578927993774414 -112 -227
0.5621998310089111 -113 -228
0.566169261932373 -114 -227
0.5728280544281006 -115 -225
0.576399564743042 -116 -226
0.5801458358764648 -117 -226
0.5847010612487793 -118 -225
0.5882961750030518 -119 -225
0.5942916870117188 -120 -225
0.5979704856872559 -121 -225
0.6022565364837646 -122 -224
0.6081535816192627 -123 -223
0.6126360893249512 -124 -224
0.6162669658660889 -126 -224
0.625037431716919 -127 -226
0.6287918090820312 -128 -226
0.634943962097168 -130 -228
0.6386890411376953 -130 -228
0.6446449756622314 -131 -226
0.6482634544372559 -132 -226
0.6528110504150391 -134 -225
0.6585090160369873 -135 -226
0.6629214286804199 -136 -226
0.6665356159210205 -137 -226
0.670332670211792 -138 -227
0.6749064922332764 -139 -225
0.6805646419525146 -140 -225
0.6852507591247559 -141 -225
0.6890146732330322 -142 -224
0.6933050155639648 -143 -226
0.6968767642974854 -144 -225
0.7029609680175781 -145 -227
0.7065403461456299 -146 -227
0.7102952003479004 -147 -227
0.716660737991333 -148 -228
0.7204627990722656 -149 -226
0.724973201751709 -150 -226
0.7287304401397705 -151 -226
0.7330803871154785 -152 -226
0.7389316558837891 -153 -226
0.7434070110321045 -154 -225
0.7469618320465088 -155 -227
0.7507131099700928 -156 -226
0.7551908493041992 -157 -227
0.7608246803283691 -158 -227
0.765505313873291 -159 -228
0.7692608833312988 -160 -228
0.7735843658447266 -161 -227
0.7772762775421143 -162 -228
0.7840032577514648 -163 -226
0.7878947257995605 -164 -227
0.7922060489654541 -165 -227
0.796025276184082 -166 -226
0.7995312213897705 -167 -227
0.8055558204650879 -168 -225
0.8093328475952148 -169 -225
0.81589674949646 -171 -225
0.8195016384124756 -171 -224
0.8240983486175537 -172 -225
0.8278439044952393 -173 -225
0.8321387767791748 -174 -226
0.8379793167114258 -175 -227
0.8425071239471436 -176 -226
0.8461673259735107 -177 -226
0.8499107360839844 -178 -225
0.8544363975524902 -179 -226
0.8601012229919434 -181 -228
0.8648300170898438 -182 -227
0.8685119152069092 -182 -227
0.8729395866394043 -183 -230
0.8765275478363037 -185 -228
0.8825898170471191 -185 -229
0.8861913681030273 -186 -227
0.8899712562561035 -187 -226
0.8958592414855957 -189 -227
0.8994016647338867 -189 -224
0.904076099395752 -190 -226
0.9098398685455322 -192 -226
0.9144546985626221 -193 -226
0.9180479049682617 -193 -226
0.9226973056793213 -195 -226
0.9263286590576172 -195 -226
0.9329419136047363 -197 -226
0.9365355968475342 -198 -225
0.940300464630127 -199 -227
0.9447968006134033 -200 -225
0.9484512805938721 -200 -228
0.9544074535369873 -202 -227
0.9580128192901611 -203 -226
0.9644935131072998 -204 -227
0.9681167602539062 -205 -227
0.9732217788696289 -206 -228
0.9767870903015137 -207 -226
0.9805469512939453 -208 -228
0.9870736598968506 -209 -227
0.9912583827972412 -210 -227
0.9953813552856445 -211 -227
0.9991509914398193 -212 -227
