0 0 
0.002853870391845703 0
0.007445096969604492 0
0.010951519012451172 0
0.0151824951171875 2
0.022369384765625 7
0.032088279724121094 47
0.03829765319824219 96
0.04431438446044922 33
0.04885387420654297 69
0.05520343780517578 116
0.060028076171875 146
0.06377148628234863 171
0.0717778205871582 176
0.07603788375854492 193
0.08186101913452148 196
0.08635449409484863 196
0.08998608589172363 202
0.09375715255737305 210
0.09829401969909668 215
0.10432767868041992 222
0.10884523391723633 225
0.11235785484313965 232
0.11692190170288086 233
0.12044548988342285 239
0.1272718906402588 243
0.13100910186767578 246
0.13549351692199707 248
0.13910174369812012 250
0.14429521560668945 258
0.14889264106750488 257
0.15242671966552734 260
0.15914201736450195 264
0.162949800491333 267
0.16743016242980957 268
0.17101025581359863 267
0.17555689811706543 268
0.18124747276306152 271
0.18579697608947754 270
0.189375638961792 269
0.1931302547454834 272
0.19762039184570312 272
0.20325732231140137 272
0.20791339874267578 275
0.21167874336242676 273
0.21602964401245117 275
0.2196183204650879 276
0.22622251510620117 278
0.22978997230529785 280
0.2335376739501953 279
0.23819875717163086 281
0.24194812774658203 281
0.24782800674438477 281
0.2515244483947754 281
0.25589466094970703 282
0.2617638111114502 280
0.2661902904510498 279
0.2697486877441406 280
0.2735283374786377 282
0.2780323028564453 283
0.28368115425109863 282
0.2881748676300049 283
0.2919032573699951 280
0.2962014675140381 280
0.299727201461792 280
0.30628108978271484 281
0.3098752498626709 283
0.31360530853271484 280
0.3180661201477051 281
0.32181310653686523 283
0.3278462886810303 284
0.3315589427947998 284
0.3379194736480713 287
0.34174346923828125 285
0.34607529640197754 284
0.34966421127319336 285
0.35344552993774414 283
0.3598325252532959 282
0.36362648010253906 282
0.36828112602233887 282
0.372051477432251 283
0.37641406059265137 282
0.382213830947876 282
0.3869473934173584 282
0.39046764373779297 282
0.3949313163757324 281
0.3984687328338623 281
0.4050908088684082 283
0.4088611602783203 283
0.4124419689178467 284
0.4170114994049072 286
0.42055296897888184 284
0.4299948215484619 286
0.4337637424468994 284
0.43839287757873535 285
0.4449920654296875 284
0.44907593727111816 284
0.45257091522216797 282
0.45749807357788086 282
0.46312546730041504 282
0.4676969051361084 283
0.4712562561035156 282
0.47577881813049316 283
0.47935009002685547 284
0.48517823219299316 282
0.4890162944793701 286
0.4925203323364258 284
0.4993901252746582 286
0.5031759738922119 288
0.5078482627868652 286
0.5115337371826172 286
0.515897274017334 289
0.5217244625091553 287
0.5260398387908936 285
0.5296247005462646 286
0.5333757400512695 282
0.5378432273864746 280
0.5434877872467041 281
0.5479788780212402 283
0.5516924858093262 282
0.5560352802276611 285
0.5596075057983398 284
0.566368818283081 283
0.5699150562286377 284
0.5736536979675293 286
0.5781209468841553 283
0.5818617343902588 286
0.5877764225006104 285
0.5914309024810791 284
0.5958285331726074 285
0.601647138595581 286
0.6059801578521729 285
0.6095452308654785 286
0.6132872104644775 284
0.6177811622619629 282
0.6233835220336914 285
0.6280367374420166 282
0.6317756175994873 282
0.6360433101654053 283
0.639594316482544 280
0.6461284160614014 281
0.6497054100036621 284
0.6534736156463623 286
0.6579532623291016 288
0.6635746955871582 286
0.6680500507354736 286
0.6717910766601562 284
0.676105260848999 286
0.6796882152557373 283
0.686016321182251 286
0.6896078586578369 285
0.6933460235595703 285
0.6996970176696777 284
0.7034809589385986 283
0.7080473899841309 286
0.7118000984191895 285
0.7160787582397461 282
0.7218954563140869 283
0.7262265682220459 284
0.729762077331543 284
0.7334926128387451 282
0.7379837036132812 285
0.7436025142669678 282
0.748215913772583 284
0.7519650459289551 283
0.7570850849151611 286
0.760817289352417 285
0.7664096355438232 287
0.7699630260467529 287
0.7752220630645752 286
0.7810957431793213 286
0.7855768203735352 286
0.7891635894775391 283
0.7929434776306152 284
0.7975666522979736 283
0.8031938076019287 282
0.8078486919403076 283
0.8115336894989014 282
0.8159034252166748 284
0.8195226192474365 285
0.8297090530395508 288
0.8335227966308594 288
0.8381402492523193 289
0.8418676853179932 288
0.8468048572540283 286
0.8523714542388916 286
0.8572256565093994 286
0.8608682155609131 286
0.8651418685913086 286
0.8691093921661377 288
0.875706672668457 283
0.8792839050292969 283
0.8830468654632568 284
0.8877136707305908 282
0.8913838863372803 283
0.897294282913208 283
0.9009292125701904 283
0.9052338600158691 285
0.9111068248748779 287
0.9156239032745361 286
0.9192192554473877 287
0.922950267791748 287
0.9277453422546387 284
0.9333946704864502 285
0.9378254413604736 286
0.9414975643157959 286
0.9458901882171631 284
0.9517178535461426 286
0.9560451507568359 283
0.9596405029296875 284
0.9634313583374023 282
0.9679243564605713 282
0.973581075668335 283
0.9780519008636475 286
0.981827974319458 284
0.9862427711486816 285
0.9898016452789307 285
0.9958713054656982 283
0.9994866847991943 285
