0 0 
0.0022003650665283203 0
0.006055593490600586 0
0.009788751602172852 0
0.013300657272338867 2
0.022139549255371094 14
0.028332948684692383 35
0.03495383262634277 30
0.04004645347595215 57
0.04382443428039551 159
0.050112247467041016 169
0.05713534355163574 174
0.06318044662475586 209
0.06767916679382324 221
0.07157206535339355 239
0.07533049583435059 256
0.07982420921325684 264
0.08556461334228516 283
0.0901024341583252 290
0.09385561943054199 298
0.09816408157348633 299
0.10174250602722168 302
0.10794591903686523 313
0.11154937744140625 319
0.11533069610595703 326
0.12162137031555176 329
0.12548828125 335
0.13009309768676758 338
0.13385486602783203 345
0.13815522193908691 351
0.14401650428771973 356
0.14832520484924316 362
0.1519026756286621 364
0.1556398868560791 367
0.16013693809509277 371
0.16576361656188965 373
0.1705186367034912 371
0.17427635192871094 374
0.17863130569458008 375
0.18220758438110352 376
0.18916845321655273 377
0.19289517402648926 381
0.19719195365905762 381
0.20101118087768555 386
0.20452451705932617 389
0.21043109893798828 389
0.21420526504516602 393
0.22051405906677246 394
0.22429347038269043 391
0.22902417182922363 392
0.23254919052124023 394
0.237046480178833 390
0.24292850494384766 392
0.24720978736877441 393
0.25103259086608887 394
0.25456762313842773 396
0.26005101203918457 395
0.26573801040649414 398
0.2702319622039795 400
0.2740178108215332 399
0.27831077575683594 399
0.28188562393188477 399
0.28861308097839355 398
0.2921569347381592 398
0.2958948612213135 398
0.3003823757171631 398
0.3041207790374756 396
0.3099501132965088 398
0.31362080574035645 398
0.31800413131713867 399
0.32390427589416504 402
0.3281843662261963 401
0.33178043365478516 405
0.3371717929840088 406
0.3430056571960449 402
0.3473470211029053 404
0.3513314723968506 401
0.3550887107849121 399
0.3595883846282959 400
0.3652369976043701 400
0.3697671890258789 402
0.37335968017578125 401
0.37789154052734375 402
0.3814678192138672 402
0.3873105049133301 405
0.3950467109680176 404
0.39972877502441406 403
0.40538501739501953 405
0.4101734161376953 404
0.4140157699584961 403
0.4184722900390625 402
0.4220259189605713 401
0.42863035202026367 402
0.43219780921936035 401
0.436382532119751 402
0.4404716491699219 404
0.44422078132629395 405
0.4500916004180908 405
0.45384693145751953 405
0.45815134048461914 405
0.46401047706604004 405
0.46848273277282715 404
0.4720265865325928 405
0.4757966995239258 402
0.48026204109191895 403
0.4858982563018799 402
0.4903700351715088 402
0.49419116973876953 401
0.498521089553833 403
0.5043003559112549 404
0.5086338520050049 404
0.512178897857666 404
0.5159158706665039 407
0.5205812454223633 406
0.5271892547607422 405
0.5311541557312012 404
0.5346484184265137 404
0.539344072341919 403
0.5430107116699219 398
0.5486249923706055 401
0.5522162914276123 404
0.5563580989837646 403
0.5625550746917725 405
0.5670475959777832 406
0.5706028938293457 408
0.5743749141693115 410
0.5786716938018799 406
0.5845341682434082 402
0.5894021987915039 403
0.5930373668670654 405
0.5973327159881592 399
0.601109504699707 397
0.6076741218566895 400
0.6112768650054932 402
0.6150341033935547 404
0.6195182800292969 402
0.6231074333190918 403
0.628974437713623 404
0.6324326992034912 406
0.6371855735778809 405
0.6429996490478516 404
0.6473574638366699 406
0.6513547897338867 402
0.6551089286804199 403
0.6595678329467773 400
0.6652028560638428 403
0.669762372970581 400
0.673349142074585 400
0.6778402328491211 402
0.6815178394317627 406
0.6873338222503662 407
0.6911325454711914 407
0.6946272850036621 407
0.7013025283813477 407
0.7050924301147461 404
0.7097423076629639 407
0.7133080959320068 402
0.7177965641021729 404
0.7235181331634521 402
0.727947473526001 401
0.7314925193786621 401
0.7352378368377686 401
0.7397537231445312 405
0.745405912399292 404
0.7498593330383301 405
0.7535521984100342 407
0.7579317092895508 407
0.761474609375 405
0.7681910991668701 405
0.7717511653900146 404
0.7754926681518555 404
0.7801234722137451 398
0.7838943004608154 400
0.7897615432739258 402
0.7979345321655273 403
0.8036613464355469 406
0.8082301616668701 405
0.8118185997009277 405
0.8203330039978027 404
0.8241024017333984 406
0.8299612998962402 403
0.8336567878723145 404
0.8382601737976074 403
0.844066858291626 404
0.8485183715820312 402
0.8520762920379639 401
0.8558056354522705 404
0.8602645397186279 403
0.865875244140625 406
0.8703811168670654 406
0.874122142791748 405
0.8784010410308838 404
0.8819606304168701 405
0.8886818885803223 404
0.8923726081848145 403
0.896357536315918 404
0.9004848003387451 402
0.9042425155639648 403
0.9102687835693359 403
0.9140126705169678 401
0.9183142185211182 403
0.9241085052490234 407
0.9285275936126709 405
0.9320807456970215 403
0.935835599899292 406
0.9421725273132324 403
0.9463169574737549 404
0.9505746364593506 404
0.9543540477752686 402
0.9589107036590576 403
0.9644668102264404 403
0.9690291881561279 402
0.972541332244873 402
0.9769978523254395 406
0.98055100440979 405
0.9871342182159424 404
0.990659236907959 406
0.9944279193878174 404
0.9989883899688721 405
