0 0 
0.0037958621978759766 0
0.008733987808227539 2
0.01402425765991211 2
0.017590045928955078 2
0.021898508071899414 59
0.027806758880615234 13
0.03242897987365723 21
0.03602337837219238 90
0.03982877731323242 54
0.04448962211608887 169
0.04917120933532715 241
0.055162668228149414 267
0.05890655517578125 291
0.06805419921875 321
0.07426834106445312 341
0.07784152030944824 358
0.08376693725585938 380
0.0873403549194336 394
0.09184050559997559 394
0.09781432151794434 411
0.10232686996459961 424
0.10592937469482422 429
0.10966730117797852 433
0.11411380767822266 450
0.11983180046081543 464
0.12462377548217773 463
0.12832260131835938 473
0.13269853591918945 480
0.13628935813903809 490
0.14284658432006836 494
0.14641427993774414 498
0.15015840530395508 505
0.15463662147521973 505
0.15829920768737793 513
0.1642453670501709 512
0.16786861419677734 514
0.17235064506530762 521
0.17805051803588867 526
0.18273091316223145 530
0.18629837036132812 532
0.1900794506072998 538
0.19454741477966309 539
0.20018362998962402 540
0.20465373992919922 540
0.2083454132080078 541
0.21272826194763184 543
0.21640372276306152 547
0.22301578521728516 550
0.2265470027923584 552
0.23030614852905273 554
0.23478055000305176 555
0.2384951114654541 557
0.24454116821289062 553
0.24821090698242188 555
0.2541167736053467 557
0.25782322883605957 556
0.2622966766357422 558
0.2679264545440674 557
0.2725052833557129 562
0.276090145111084 565
0.2798306941986084 561
0.28438878059387207 564
0.29004478454589844 561
0.2945873737335205 560
0.2982351779937744 566
0.30277347564697266 561
0.3063375949859619 563
0.3123807907104492 566
0.31600332260131836 567
0.31977105140686035 565
0.32613706588745117 569
0.32994627952575684 568
0.33455777168273926 567
0.3382246494293213 568
0.34264087677001953 566
0.3483467102050781 569
0.35275816917419434 569
0.3563361167907715 571
0.36008715629577637 574
0.3647482395172119 568
0.370375394821167 566
0.37489891052246094 568
0.37865591049194336 568
0.38316988945007324 568
0.38669800758361816 569
0.39332151412963867 574
0.39688920974731445 571
0.40106892585754395 573
0.4052577018737793 573
0.4090104103088379 570
0.4148719310760498 568
0.4186255931854248 569
0.4230484962463379 567
0.4288628101348877 568
0.43320155143737793 568
0.4367523193359375 574
0.44051361083984375 574
0.4449779987335205 572
0.4506065845489502 571
0.45510053634643555 572
0.45890092849731445 570
0.46320438385009766 569
0.47264909744262695 571
0.47849392890930176 574
0.4831416606903076 574
0.4866924285888672 574
0.4905068874359131 573
0.49512195587158203 573
0.5011575222015381 570
0.5052366256713867 570
0.5089795589447021 570
0.5137097835540771 571
0.5172407627105713 574
0.5230767726898193 573
0.5266366004943848 574
0.5303685665130615 573
0.5367016792297363 570
0.5404610633850098 572
0.5451300144195557 568
0.5488462448120117 568
0.5531373023986816 567
0.5589210987091064 575
0.5632169246673584 572
0.566718578338623 574
0.5704684257507324 576
0.5749731063842773 575
0.5806465148925781 569
0.585129976272583 573
0.588874340057373 572
0.5932064056396484 568
0.5967488288879395 571
0.6037640571594238 575
0.6072714328765869 572
0.6117088794708252 576
0.6152374744415283 576
0.6189806461334229 573
0.6248486042022705 573
0.628594160079956 569
0.6328825950622559 573
0.6386868953704834 573
0.6431756019592285 572
0.6467058658599854 573
0.6504483222961426 576
0.6548960208892822 574
0.6605277061462402 573
0.6651897430419922 573
0.6689450740814209 573
0.6732089519500732 570
0.6768360137939453 573
0.6836512088775635 571
0.6870946884155273 573
0.691129207611084 576
0.6952023506164551 575
0.7017440795898438 574
0.7052953243255615 573
0.7090201377868652 569
0.7133183479309082 569
0.7168505191802979 568
0.7230556011199951 572
0.7266008853912354 574
0.7303600311279297 575
0.7367169857025146 574
0.7404994964599609 576
0.7449698448181152 574
0.748708963394165 571
0.753000020980835 572
0.7587606906890869 568
0.7630672454833984 570
0.7665970325469971 571
0.770336389541626 574
0.7749578952789307 576
0.7805709838867188 575
0.7852268218994141 576
0.7890651226043701 574
0.7933783531188965 573
0.7970576286315918 569
0.8029444217681885 570
0.8065371513366699 569
0.8102691173553467 573
0.8166201114654541 575
0.8204042911529541 574
0.8248636722564697 572
0.8286082744598389 573
0.8328776359558105 575
0.8387024402618408 568
0.8431856632232666 571
0.8467187881469727 572
0.8504388332366943 570
0.8549051284790039 572
0.8605203628540039 576
0.8650009632110596 574
0.8733549118041992 573
0.8769054412841797 574
0.8817362785339355 571
0.8877606391906738 569
0.8924458026885986 570
0.8960733413696289 573
0.899836540222168 575
0.9045372009277344 574
0.9101710319519043 576
0.9146525859832764 574
0.9185245037078857 572
0.9228379726409912 568
0.9264059066772461 570
0.9329707622528076 571
0.9365220069885254 569
0.9402933120727539 574
0.9448549747467041 577
0.9486315250396729 573
0.9545114040374756 576
0.9581906795501709 577
0.9627530574798584 570
0.9685559272766113 567
0.973027229309082 568
0.9765779972076416 569
0.9803497791290283 571
0.9848315715789795 572
0.9904775619506836 576
0.9949548244476318 574
0.998701810836792 571
