0 0 
0.002214670181274414 0
0.0059397220611572266 0
0.010385990142822266 2
0.014027118682861328 7
0.01844954490661621 7
0.021979093551635742 19
0.03364396095275879 71
0.038968563079833984 188
0.04487419128417969 241
0.05017375946044922 274
0.05374455451965332 278
0.058258771896362305 304
0.061837196350097656 353
0.06839990615844727 363
0.07204961776733398 374
0.07582426071166992 390
0.08036947250366211 408
0.08418083190917969 430
0.09023666381835938 432
0.09390115737915039 454
0.09830570220947266 475
0.10416483879089355 484
0.10850167274475098 495
0.11207771301269531 499
0.11585354804992676 511
0.12039947509765625 521
0.12606596946716309 529
0.1306924819946289 531
0.1344585418701172 541
0.1389021873474121 546
0.14468693733215332 557
0.14950942993164062 559
0.15302443504333496 567
0.15752863883972168 572
0.16135740280151367 578
0.16802477836608887 578
0.1716625690460205 580
0.17542338371276855 584
0.1799154281616211 584
0.1834719181060791 595
0.18933558464050293 596
0.19280266761779785 598
0.19733023643493652 604
0.203016996383667 606
0.20750045776367188 608
0.21147799491882324 606
0.22237086296081543 613
0.22619867324829102 613
0.23445630073547363 623
0.2417147159576416 621
0.24552345275878906 619
0.25063109397888184 621
0.2543830871582031 621
0.2616121768951416 627
0.26860928535461426 627
0.2744426727294922 629
0.278749942779541 629
0.2822995185852051 630
0.2860836982727051 628
0.29251623153686523 629
0.29869580268859863 627
0.30226778984069824 635
0.30602455139160156 634
0.3119347095489502 634
0.3187255859375 632
0.3287808895111084 635
0.3323338031768799 632
0.3360769748687744 631
0.34258198738098145 637
0.34976816177368164 638
0.35343313217163086 641
0.35772013664245605 639
0.36162567138671875 633
0.36848902702331543 635
0.37433362007141113 636
0.37870001792907715 637
0.3822605609893799 638
0.3859994411468506 643
0.3919062614440918 639
0.4003427028656006 639
0.40401768684387207 637
0.4100182056427002 634
0.41553378105163574 636
0.42195725440979004 641
0.42811036109924316 642
0.43390703201293945 641
0.43833494186401367 642
0.4419286251068115 637
0.44822168350219727 638
0.4562358856201172 642
0.4607672691345215 642
0.4667844772338867 641
0.47087955474853516 639
0.47463464736938477 636
0.4794299602508545 639
0.4849891662597656 639
0.48999667167663574 639
0.49564695358276367 642
0.5001709461212158 641
0.5037522315979004 641
0.509976863861084 642
0.5155835151672363 643
0.5203151702880859 641
0.5285429954528809 642
0.5321249961853027 643
0.5358612537384033 643
0.542248010635376 644
0.5459895133972168 641
0.5507216453552246 637
0.5567226409912109 640
0.5608315467834473 641
0.5673537254333496 643
0.5712862014770508 643
0.5748116970062256 646
0.5806369781494141 642
0.5843703746795654 638
0.594585657119751 639
0.6005992889404297 645
0.6043639183044434 641
0.6087303161621094 645
0.6168015003204346 643
0.6210253238677979 642
0.6247835159301758 642
0.6294991970062256 640
0.6330018043518066 640
0.6408717632293701 641
0.6446914672851562 642
0.6574456691741943 640
0.6614203453063965 641
0.6649701595306396 640
0.6738605499267578 640
0.6786224842071533 645
0.6862468719482422 645
0.6909997463226318 647
0.6947853565216064 642
0.6999006271362305 643
0.70672607421875 640
0.7149310111999512 643
0.7197780609130859 645
0.728233814239502 643
0.7339980602264404 639
0.7387397289276123 641
0.7467179298400879 643
0.7534027099609375 644
0.7594976425170898 648
0.7667057514190674 640
0.77301025390625 642
0.7775139808654785 638
0.7836024761199951 638
0.7881147861480713 642
0.7938838005065918 646
0.7998604774475098 646
0.8034520149230957 643
0.8077263832092285 642
0.8128163814544678 637
0.8202672004699707 637
0.8279902935028076 641
0.8315980434417725 641
0.8353285789489746 643
0.8416829109191895 642
0.8455116748809814 642
0.8500332832336426 642
0.8535873889923096 642
0.8581104278564453 642
0.8638730049133301 640
0.8684308528900146 642
0.8720035552978516 644
0.8757507801055908 644
0.8802227973937988 642
0.8858628273010254 638
0.8903236389160156 636
0.8940060138702393 638
0.8983767032623291 640
0.9020628929138184 644
0.908820629119873 648
0.9123587608337402 648
0.916114091873169 646
0.9205746650695801 642
0.9243335723876953 639
0.930349588394165 639
0.9340305328369141 639
0.9384250640869141 642
0.94425368309021 644
0.9485251903533936 646
0.9520831108093262 645
0.9558303356170654 642
0.9602923393249512 640
0.9659311771392822 642
0.970442533493042 638
0.9741981029510498 643
0.9784970283508301 641
0.9842939376831055 645
0.9887568950653076 643
0.9923205375671387 644
0.9960629940032959 640
