0 0 
0.0026438236236572266 0
0.008378982543945312 0
0.012075662612915039 -2
0.01635599136352539 -7
0.019971132278442383 -16
0.026009082794189453 -45
0.029614686965942383 -35
0.033380985260009766 -75
0.03947257995605469 -51
0.04326200485229492 -239
0.047884464263916016 -284
0.05212116241455078 -321
0.05833864212036133 -364
0.06206560134887695 -398
0.06795358657836914 -404
0.07156634330749512 -433
0.07610225677490234 -462
0.08182334899902344 -501
0.08641862869262695 -521
0.08998727798461914 -534
0.09374117851257324 -562
0.0981905460357666 -564
0.10387396812438965 -595
0.10835742950439453 -602
0.11209464073181152 -616
0.11662983894348145 -629
0.1201939582824707 -643
0.12624502182006836 -653
0.12984991073608398 -665
0.1336205005645752 -680
0.13997769355773926 -684
0.14374995231628418 -692
0.14820337295532227 -696
0.15184712409973145 -710
0.15623974800109863 -713
0.1621546745300293 -727
0.16646480560302734 -731
0.17003083229064941 -734
0.1737668514251709 -739
0.1783771514892578 -748
0.18401098251342773 -752
0.18850994110107422 -758
0.1922602653503418 -760
0.1965785026550293 -768
0.20013213157653809 -768
0.20669198036193848 -769
0.21030020713806152 -771
0.21405935287475586 -775
0.21872186660766602 -778
0.2224876880645752 -786
0.2283616065979004 -787
0.23208022117614746 -786
0.23656225204467773 -789
0.2424180507659912 -790
0.2467653751373291 -791
0.2503032684326172 -797
0.25408172607421875 -799
0.25856637954711914 -798
0.26465606689453125 -799
0.26876235008239746 -800
0.27249979972839355 -801
0.27682924270629883 -800
0.2803945541381836 -807
0.2872340679168701 -807
0.29068446159362793 -806
0.294689416885376 -808
0.29892444610595703 -808
0.30269789695739746 -809
0.3085336685180664 -811
0.31227922439575195 -811
0.3165905475616455 -813
0.32242298126220703 -812
0.32680439949035645 -811
0.33036017417907715 -813
0.33415913581848145 -816
0.34465956687927246 -818
0.349261999130249 -817
0.35277605056762695 -814
0.3578007221221924 -814
0.36139559745788574 -816
0.36742401123046875 -815
0.3709564208984375 -819
0.3754429817199707 -820
0.3813169002532959 -817
0.3855912685394287 -815
0.3894188404083252 -816
0.3929171562194824 -816
0.3975989818572998 -820
0.4034230709075928 -822
0.40793609619140625 -819
0.4115025997161865 -821
0.4161951541900635 -820
0.41977357864379883 -818
0.42634105682373047 -819
0.4299185276031494 -823
0.4336681365966797 -822
0.43817138671875 -821
0.4418163299560547 -821
0.44776201248168945 -817
0.4513382911682129 -820
0.4577934741973877 -823
0.46140551567077637 -821
0.4658694267272949 -821
0.4694859981536865 -821
0.47321319580078125 -820
0.47989702224731445 -819
0.4837768077850342 -822
0.48822712898254395 -824
0.4919135570526123 -822
0.4962756633758545 -822
0.5021357536315918 -817
0.5064520835876465 -819
0.5100359916687012 -820
0.5137894153594971 -825
0.5182592868804932 -823
0.5239503383636475 -825
0.5284368991851807 -822
0.5322389602661133 -824
0.5367369651794434 -821
0.540292501449585 -820
0.5463461875915527 -824
0.5499119758605957 -824
0.5564038753509521 -822
0.5622777938842773 -819
0.5666000843048096 -822
0.5701260566711426 -820
0.5739409923553467 -823
0.5784356594085693 -826
0.5841128826141357 -825
0.5886068344116211 -821
0.5923569202423096 -824
0.5968036651611328 -822
0.6003601551055908 -825
0.6073646545410156 -824
0.610889196395874 -824
0.6153647899627686 -822
0.6189267635345459 -820
0.6226978302001953 -821
0.6285495758056641 -824
0.6322743892669678 -826
0.6365866661071777 -823
0.6424267292022705 -822
0.6467859745025635 -822
0.6503250598907471 -822
0.6540729999542236 -820
0.6587138175964355 -823
0.6652913093566895 -826
0.6688659191131592 -824
0.6727068424224854 -822
0.6773083209991455 -821
0.6808183193206787 -823
0.6875848770141602 -823
0.6912226676940918 -827
0.6954965591430664 -826
0.6993284225463867 -827
0.7028424739837646 -823
0.7087042331695557 -823
0.7124617099761963 -824
0.7183640003204346 -826
0.7221434116363525 -827
0.7264423370361328 -827
0.7322931289672852 -823
0.7367784976959229 -820
0.7403321266174316 -822
0.7485933303833008 -821
0.7523479461669922 -824
0.7583389282226562 -824
0.7621281147003174 -820
0.7665705680847168 -821
0.7720973491668701 -823
0.7765626907348633 -824
0.7801220417022705 -827
0.7838656902313232 -825
0.7885141372680664 -823
0.79225754737854 -821
0.7965602874755859 -820
0.8001363277435303 -822
0.8038969039916992 -823
0.8083376884460449 -826
0.812077522277832 -824
0.8163855075836182 -824
0.8212337493896484 -822
0.8255314826965332 -821
0.8293039798736572 -821
0.8328239917755127 -822
0.8376765251159668 -820
0.8413143157958984 -827
0.845595121383667 -825
0.8493702411651611 -823
0.8529038429260254 -822
0.8575727939605713 -822
0.8612172603607178 -820
0.865473747253418 -826
0.870159387588501 -827
0.8739864826202393 -822
0.8784558773040771 -823
0.882225513458252 -822
0.8865349292755127 -820
0.8901007175445557 -823
0.8938748836517334 -829
0.8985106945037842 -825
0.9023644924163818 -824
0.9066946506500244 -824
0.9102504253387451 -822
0.9139866828918457 -818
0.9184753894805908 -823
0.92330002784729 -824
0.9277775287628174 -826
0.9313540458679199 -825
0.9356536865234375 -827
0.9394598007202148 -824
0.943183422088623 -823
0.9476108551025391 -823
0.9512810707092285 -825
0.9555587768554688 -823
0.9595308303833008 -825
0.9633076190948486 -823
0.9678134918212891 -823
0.972252368927002 -820
0.9765894412994385 -825
0.9801285266876221 -824
0.983900785446167 -826
0.9883370399475098 -826
0.9921011924743652 -825
0.9965841770172119 -822
