0 0 
0.0022966861724853516 0
0.006941318511962891 0
0.010648727416992188 0
0.014899253845214844 0
0.018452882766723633 -2
0.024358749389648438 -2
0.027921438217163086 -7
0.03449082374572754 -15
0.038114070892333984 -15
0.04188394546508789 -35
0.04632258415222168 -77
0.04995989799499512 -29
0.055834054946899414 -29
0.05947470664978027 -54
0.06373977661132812 -105
0.0688483715057373 -114
0.07342386245727539 -126
0.07947182655334473 -136
0.0838010311126709 -147
0.0896449089050293 -152
0.09415888786315918 -155
0.0977482795715332 -161
0.10150027275085449 -164
0.10596489906311035 -167
0.11159515380859375 -172
0.11621642112731934 -176
0.11979389190673828 -175
0.12447333335876465 -180
0.1280384063720703 -184
0.13459205627441406 -185
0.13816571235656738 -185
0.1418933868408203 -190
0.14634442329406738 -188
0.14998126029968262 -190
0.15596413612365723 -192
0.15963029861450195 -192
0.16407561302185059 -197
0.16974616050720215 -195
0.17423462867736816 -196
0.1778113842010498 -198
0.18159246444702148 -198
0.18625640869140625 -200
0.19191288948059082 -201
0.20024538040161133 -202
0.20480728149414062 -204
0.2084057331085205 -202
0.21464753150939941 -202
0.21821188926696777 -204
0.22197699546813965 -204
0.2284839153289795 -204
0.23223376274108887 -204
0.23672032356262207 -204
0.24046874046325684 -206
0.24491477012634277 -204
0.25072669982910156 -203
0.2550489902496338 -204
0.2586047649383545 -205
0.26236462593078613 -203
0.26696300506591797 -204
0.27355003356933594 -203
0.2770664691925049 -204
0.28079891204833984 -204
0.28510069847106934 -206
0.2886350154876709 -204
0.2947044372558594 -206
0.29825496673583984 -206
0.30199694633483887 -206
0.3078935146331787 -207
0.31163954734802246 -208
0.3161497116088867 -208
0.32178592681884766 -207
0.32627201080322266 -207
0.3299882411956787 -209
0.33454394340515137 -209
0.3381204605102539 -208
0.3447113037109375 -207
0.3482494354248047 -208
0.3519878387451172 -208
0.35649919509887695 -207
0.36212611198425293 -206
0.3667750358581543 -207
0.3705294132232666 -207
0.37480664253234863 -205
0.3783690929412842 -206
0.38446569442749023 -204
0.3880486488342285 -205
0.3918039798736572 -204
0.39820122718811035 -205
0.40207338333129883 -205
0.40656232833862305 -205
0.4102966785430908 -206
0.4146003723144531 -208
0.4204287528991699 -207
0.4249141216278076 -208
0.42847657203674316 -208
0.4322235584259033 -209
0.4366886615753174 -210
0.4422905445098877 -211
0.44678282737731934 -213
0.4505295753479004 -211
0.4548072814941406 -211
0.4583773612976074 -212
0.46460795402526855 -211
0.46817994117736816 -211
0.47197937965393066 -208
0.478344202041626 -209
0.48221373558044434 -207
0.4868471622467041 -206
0.49057888984680176 -208
0.49487733840942383 -206
0.5006487369537354 -205
0.5049505233764648 -205
0.5085070133209229 -206
0.5122597217559814 -207
0.516730785369873 -207
0.5223169326782227 -207
0.5268254280090332 -207
0.5306148529052734 -209
0.534937858581543 -209
0.538466215133667 -208
0.5446586608886719 -209
0.5482344627380371 -209
0.5520069599151611 -208
0.5582709312438965 -208
0.5620195865631104 -208
0.5665009021759033 -208
0.5702970027923584 -207
0.5745847225189209 -208
0.5804059505462646 -207
0.5847327709197998 -208
0.5883083343505859 -208
0.5920541286468506 -207
0.6016519069671631 -210
0.6064319610595703 -208
0.6102125644683838 -209
0.614926815032959 -208
0.6206977367401123 -207
0.625420331954956 -206
0.6288635730743408 -206
0.6328365802764893 -207
0.6369302272796631 -206
0.643510103225708 -208
0.6470580101013184 -207
0.6508467197418213 -209
0.6553921699523926 -208
0.6588351726531982 -207
0.6649844646453857 -210
0.6685667037963867 -208
0.6728336811065674 -209
0.6790106296539307 -208
0.683506965637207 -208
0.6870372295379639 -208
0.6907949447631836 -208
0.6951010227203369 -207
0.7009689807891846 -208
0.7055728435516357 -206
0.7090911865234375 -208
0.7135803699493408 -207
0.7182488441467285 -208
0.7220640182495117 -207
0.7266964912414551 -207
0.7304646968841553 -209
0.7356157302856445 -209
0.7393391132354736 -208
0.7435927391052246 -209
0.7473938465118408 -208
0.750908613204956 -209
0.7554295063018799 -208
0.7589654922485352 -207
0.763394832611084 -207
0.7669398784637451 -207
0.7718155384063721 -210
0.7763137817382812 -209
0.7801859378814697 -209
0.7846605777740479 -209
0.788257360458374 -209
0.7919943332672119 -210
0.7964839935302734 -209
0.8002262115478516 -207
0.8045327663421631 -208
0.8080790042877197 -207
0.8118178844451904 -208
0.8163282871246338 -208
0.8208217620849609 -205
0.8259139060974121 -206
0.8300507068634033 -206
0.8344271183013916 -206
0.8380157947540283 -206
0.8418271541595459 -205
0.8464572429656982 -205
0.8502049446105957 -207
0.8546733856201172 -206
0.8582320213317871 -205
0.8620204925537109 -205
0.8664817810058594 -205
0.8710246086120605 -207
0.8757517337799072 -207
0.8793900012969971 -206
0.883674144744873 -207
0.887448787689209 -208
0.8909409046173096 -209
0.8957257270812988 -210
0.899416446685791 -209
0.9037060737609863 -212
0.9076917171478271 -212
0.911468505859375 -212
0.9159238338470459 -210
0.9195208549499512 -211
0.9247972965240479 -211
0.9283866882324219 -209
0.932138204574585 -208
0.9365856647491455 -208
0.9403436183929443 -208
0.9446420669555664 -208
0.9482221603393555 -208
0.9520041942596436 -208
0.9565243721008301 -206
0.9602832794189453 -206
0.9647488594055176 -206
0.9682872295379639 -207
0.9736919403076172 -206
0.9775278568267822 -207
0.9810543060302734 -205
0.9859766960144043 -207
0.9895637035369873 -207
0.9940195083618164 -205
