0 0 
0.0025827884674072266 0
0.008337259292602539 0
0.012015104293823242 3
0.01651310920715332 9
0.020116567611694336 24
0.026135921478271484 24
0.02969646453857422 14
0.033444881439208984 143
0.03987908363342285 156
0.0436551570892334 164
0.04806780815124512 177
0.05168795585632324 203
0.05605602264404297 242
0.061713457107543945 279
0.0661473274230957 279
0.06975293159484863 290
0.0736243724822998 323
0.08199691772460938 344
0.08804035186767578 347
0.09168696403503418 360
0.09624409675598145 379
0.10207200050354004 388
0.10650181770324707 397
0.11005377769470215 401
0.11379480361938477 408
0.11837053298950195 417
0.12398624420166016 426
0.1286625862121582 433
0.13240313529968262 437
0.13709092140197754 441
0.14055895805358887 447
0.1472477912902832 449
0.15073418617248535 451
0.1552143096923828 454
0.1587846279144287 462
0.16547131538391113 465
0.16928887367248535 468
0.1727910041809082 471
0.17736434936523438 477
0.18112993240356445 480
0.18676304817199707 483
0.19033312797546387 482
0.19405055046081543 482
0.2010664939880371 483
0.20534563064575195 483
0.20914268493652344 489
0.21277236938476562 489
0.21750998497009277 494
0.2232344150543213 499
0.22771167755126953 497
0.23129582405090332 496
0.23578333854675293 499
0.23938965797424316 497
0.2460007667541504 497
0.24956083297729492 495
0.2533128261566162 500
0.2579822540283203 501
0.26155519485473633 501
0.2676966190338135 504
0.27333617210388184 506
0.2779500484466553 508
0.28151440620422363 504
0.2860245704650879 508
0.2895963191986084 504
0.2954378128051758 504
0.2992665767669678 502
0.30280184745788574 503
0.309462308883667 503
0.3132457733154297 508
0.31792211532592773 509
0.32152509689331055 511
0.3260185718536377 510
0.3318214416503906 511
0.336259126663208 509
0.3398149013519287 508
0.34355592727661133 507
0.3480672836303711 508
0.3536996841430664 505
0.35823965072631836 511
0.36203932762145996 510
0.36632394790649414 512
0.3699204921722412 511
0.37616419792175293 512
0.37978124618530273 512
0.38354063034057617 513
0.38948845863342285 509
0.39326906204223633 508
0.3977680206298828 510
0.4035072326660156 509
0.40798377990722656 513
0.41167306900024414 510
0.4160807132720947 512
0.41968417167663574 515
0.4262862205505371 516
0.42983531951904297 513
0.4335815906524658 511
0.43822383880615234 509
0.4419577121734619 510
0.4478600025177002 507
0.4514293670654297 510
0.4559037685394287 514
0.4617006778717041 515
0.46610021591186523 514
0.46965456008911133 516
0.4733922481536865 514
0.4816575050354004 511
0.48784518241882324 510
0.4914262294769287 509
0.4972951412200928 510
0.5011022090911865 510
0.5053811073303223 514
0.511387825012207 514
0.5160536766052246 514
0.5196244716644287 513
0.5233733654022217 512
0.5278563499450684 510
0.5334873199462891 510
0.537987470626831 513
0.5416605472564697 514
0.5460617542266846 512
0.5496299266815186 515
0.5563192367553711 516
0.5599174499511719 516
0.5636768341064453 514
0.5681378841400146 516
0.5718109607696533 513
0.5778512954711914 513
0.5814359188079834 511
0.5878875255584717 510
0.591480016708374 510
0.5959732532501221 517
0.5995478630065918 515
0.6032938957214355 517
0.6096434593200684 516
0.6134250164031982 513
0.6181364059448242 511
0.6218118667602539 513
0.6261849403381348 512
0.6319835186004639 512
0.6363048553466797 512
0.6398665904998779 512
0.6436269283294678 511
0.6482796669006348 515
0.6538951396942139 514
0.6583597660064697 515
0.6620979309082031 515
0.6663422584533691 514
0.6699204444885254 515
0.6762580871582031 510
0.6798141002655029 511
0.6835517883300781 512
0.6898193359375 514
0.6935760974884033 516
0.698045015335083 515
0.7016844749450684 515
0.7061331272125244 514
0.71195387840271 514
0.7162799835205078 512
0.7198183536529541 511
0.7235581874847412 511
0.7280347347259521 512
0.7336597442626953 514
0.7383029460906982 511
0.7420496940612793 515
0.7463164329528809 514
0.752100944519043 514
0.7564213275909424 514
0.7599837779998779 512
0.7637617588043213 510
0.7682178020477295 511
0.7738418579101562 510
0.7785029411315918 511
0.7822518348693848 515
0.7866694927215576 516
0.7902297973632812 517
0.7964737415313721 517
0.8000311851501465 513
0.8037893772125244 511
0.8101067543029785 512
0.8138916492462158 510
0.8183450698852539 511
0.822136402130127 514
0.8264522552490234 514
0.8322327136993408 514
0.8365085124969482 517
0.8400497436523438 517
0.8437960147857666 515
0.848252534866333 513
0.853888750076294 513
0.8585059642791748 511
0.862241268157959 510
0.8665282726287842 514
0.8700704574584961 512
0.8761062622070312 513
0.8833966255187988 517
0.888049840927124 515
0.8936617374420166 515
0.8982787132263184 514
0.9020261764526367 513
0.9066009521484375 511
0.9101505279541016 511
0.9172101020812988 511
0.9207189083099365 510
0.9251611232757568 517
0.9287128448486328 514
0.9324514865875244 513
0.9383208751678467 514
0.9420692920684814 517
0.9463479518890381 510
0.9521589279174805 510
0.9564647674560547 510
0.9600169658660889 512
0.9637691974639893 511
0.9701189994812012 514
0.973867654800415 515
0.9785001277923584 513
0.9822430610656738 515
0.9865255355834961 513
0.9923202991485596 513
0.996652364730835 512
