0 0 
0.0024139881134033203 0
0.007075309753417969 0
0.012056589126586914 0
0.016526460647583008 -2
0.02015089988708496 -2
0.025046586990356445 -6
0.030842304229736328 -13
0.03515481948852539 -29
0.0387723445892334 -86
0.04251217842102051 -17
0.04695534706115723 -49
0.05258512496948242 -108
0.057074785232543945 -125
0.060854434967041016 -151
0.0651404857635498 -163
0.06871342658996582 -180
0.07574033737182617 -187
0.07919430732727051 -195
0.08317446708679199 -190
0.08768057823181152 -195
0.09121465682983398 -208
0.09707260131835938 -215
0.1008141040802002 -220
0.10509896278381348 -229
0.11091804504394531 -231
0.11533069610595703 -234
0.11885547637939453 -239
0.1226046085357666 -241
0.12705731391906738 -244
0.13268136978149414 -249
0.13717055320739746 -251
0.1409294605255127 -254
0.14542651176452637 -256
0.1491107940673828 -258
0.15581917762756348 -260
0.1593763828277588 -260
0.16387486457824707 -264
0.16742348670959473 -267
0.17121171951293945 -265
0.17702960968017578 -269
0.18075823783874512 -272
0.18702149391174316 -269
0.19079804420471191 -275
0.195082426071167 -276
0.19860410690307617 -273
0.2023928165435791 -276
0.20926809310913086 -277
0.21372389793395996 -276
0.21728968620300293 -271
0.22105193138122559 -276
0.22536587715148926 -274
0.23121905326843262 -274
0.23581838607788086 -277
0.23932194709777832 -276
0.24378132820129395 -275
0.24734926223754883 -278
0.2539699077606201 -278
0.2577834129333496 -277
0.2613332271575928 -281
0.26617431640625 -281
0.269822359085083 -280
0.27570295333862305 -282
0.28392505645751953 -282
0.2899355888366699 -282
0.2946176528930664 -282
0.2982180118560791 -285
0.3019731044769287 -280
0.30661439895629883 -282
0.3122861385345459 -279
0.3168182373046875 -278
0.3205544948577881 -276
0.32505249977111816 -280
0.32869505882263184 -281
0.33493590354919434 -281
0.33853721618652344 -282
0.34232449531555176 -281
0.34870314598083496 -282
0.35249757766723633 -284
0.35698986053466797 -283
0.3607463836669922 -282
0.3650681972503662 -284
0.370927095413208 -283
0.37524867057800293 -283
0.3787860870361328 -283
0.38254761695861816 -285
0.387204647064209 -284
0.39373278617858887 -283
0.3973355293273926 -281
0.40124058723449707 -279
0.4058098793029785 -278
0.40930986404418945 -281
0.4160501956939697 -280
0.4197118282318115 -281
0.42397427558898926 -283
0.42777514457702637 -282
0.43134427070617676 -281
0.43717360496520996 -280
0.4409489631652832 -285
0.4468419551849365 -287
0.45063233375549316 -284
0.4549214839935303 -287
0.460756778717041 -285
0.46523094177246094 -282
0.4687678813934326 -282
0.4725303649902344 -283
0.47702836990356445 -282
0.48313450813293457 -281
0.48723793029785156 -280
0.4910159111022949 -280
0.4953267574310303 -279
0.4988892078399658 -279
0.5050773620605469 -278
0.5086338520050049 -282
0.5123879909515381 -284
0.5186598300933838 -286
0.5224096775054932 -283
0.5269126892089844 -285
0.5306715965270996 -288
0.5349798202514648 -284
0.5407912731170654 -285
0.5450963973999023 -282
0.5486795902252197 -284
0.5524435043334961 -282
0.5569181442260742 -282
0.5625786781311035 -281
0.567206621170044 -282
0.5710158348083496 -279
0.5753731727600098 -280
0.5789308547973633 -280
0.5857644081115723 -281
0.5892715454101562 -280
0.5937252044677734 -280
0.5977299213409424 -285
0.6041135787963867 -281
0.6079442501068115 -283
0.6116809844970703 -285
0.6161408424377441 -284
0.6197953224182129 -280
0.6258580684661865 -287
0.6293900012969971 -285
0.6339051723480225 -284
0.639801025390625 -281
0.6440865993499756 -283
0.6478703022003174 -279
0.6513996124267578 -280
0.6561133861541748 -281
0.6618506908416748 -279
0.666330099105835 -280
0.6699986457824707 -283
0.6745033264160156 -281
0.6809954643249512 -284
0.6871340274810791 -283
0.6931707859039307 -284
0.6974349021911621 -285
0.7012009620666504 -284
0.7059605121612549 -283
0.7097032070159912 -285
0.7153210639953613 -282
0.7189223766326904 -282
0.7226614952087402 -282
0.7280356884002686 -282
0.7338573932647705 -283
0.7374343872070312 -283
0.7412176132202148 -282
0.7480013370513916 -280
0.7517943382263184 -281
0.7563059329986572 -278
0.7599296569824219 -281
0.7643828392028809 -282
0.7700233459472656 -283
0.7745707035064697 -285
0.7781784534454346 -284
0.7819383144378662 -284
0.786578893661499 -281
0.7922418117523193 -281
0.796729564666748 -281
0.8004021644592285 -284
0.80495285987854 -287
0.8085067272186279 -284
0.8145294189453125 -279
0.8181593418121338 -282
0.8219113349914551 -279
0.8283114433288574 -280
0.832115888595581 -284
0.8366563320159912 -281
0.8403036594390869 -281
0.8447144031524658 -284
0.8505187034606934 -283
0.8550169467926025 -281
0.8585927486419678 -285
0.8623638153076172 -283
0.8670308589935303 -284
0.8726723194122314 -285
0.8771717548370361 -281
0.8809294700622559 -285
0.8852567672729492 -282
0.8888094425201416 -285
0.8954088687896729 -281
0.8989734649658203 -284
0.9030892848968506 -279
0.9071998596191406 -283
0.9110631942749023 -283
0.9169528484344482 -281
0.9207570552825928 -281
0.9252440929412842 -280
0.9310860633850098 -281
0.9354121685028076 -280
0.9389698505401611 -281
0.9431107044219971 -283
0.9472136497497559 -285
0.9537715911865234 -285
0.9573225975036621 -285
0.9610962867736816 -285
0.9654021263122559 -286
0.9689426422119141 -284
0.9758121967315674 -285
0.9793505668640137 -282
0.9838404655456543 -283
0.987858772277832 -279
0.9913773536682129 -279
0.9972648620605469 -277
