0 0 
0.0024149417877197266 2
0.007091045379638672 2
0.012093067169189453 2
0.016767024993896484 2
0.020433902740478516 6
0.024985074996948242 6
0.03074502944946289 13
0.03516817092895508 29
0.03873443603515625 57
0.04247546195983887 87
0.04690051078796387 26
0.05250239372253418 47
0.05694127082824707 105
0.060662269592285156 105
0.06495261192321777 132
0.0684969425201416 143
0.07526850700378418 153
0.07880783081054688 160
0.08253979682922363 165
0.08699703216552734 171
0.0907595157623291 176
0.09664392471313477 179
0.10023331642150879 187
0.10472917556762695 189
0.11048698425292969 195
0.11493372917175293 197
0.11851048469543457 196
0.12225604057312012 200
0.12674570083618164 204
0.13239336013793945 206
0.13705921173095703 209
0.14081335067749023 211
0.14514422416687012 213
0.1509408950805664 215
0.1552257537841797 216
0.1588759422302246 216
0.16264915466308594 218
0.16727685928344727 218
0.17331862449645996 219
0.17736506462097168 219
0.1811070442199707 219
0.18543434143066406 220
0.18898367881774902 222
0.19517755508422852 223
0.19873738288879395 225
0.20247888565063477 226
0.20891213417053223 228
0.21268987655639648 229
0.21716523170471191 230
0.22091412544250488 231
0.22521209716796875 233
0.2310030460357666 232
0.23533415794372559 231
0.23888039588928223 233
0.24264788627624512 232
0.24714136123657227 232
0.2527732849121094 232
0.257415771484375 233
0.2612423896789551 233
0.26578807830810547 232
0.26925086975097656 233
0.2751908302307129 232
0.2787325382232666 232
0.2824852466583252 234
0.2888326644897461 232
0.2925846576690674 233
0.2972233295440674 234
0.3058500289916992 234
0.30930066108703613 232
0.3164851665496826 235
0.3200507164001465 235
0.32462263107299805 235
0.3283412456512451 234
0.3341336250305176 237
0.33791518211364746 236
0.34146571159362793 236
0.3481173515319824 237
0.35191941261291504 236
0.35648083686828613 235
0.36007189750671387 234
0.36453700065612793 235
0.37016749382019043 235
0.3748629093170166 232
0.3784518241882324 233
0.3821980953216553 233
0.3867008686065674 233
0.39235520362854004 234
0.39684343338012695 233
0.40070390701293945 233
0.40502333641052246 233
0.4085843563079834 234
0.4147055149078369 234
0.41826653480529785 234
0.422041654586792 236
0.427919864654541 236
0.4314405918121338 237
0.43635082244873047 237
0.44202232360839844 238
0.4465372562408447 237
0.4500858783721924 235
0.4545252323150635 236
0.45810890197753906 235
0.4646766185760498 234
0.468245267868042 232
0.4719729423522949 236
0.47647881507873535 233
0.48015546798706055 234
0.48624372482299805 233
0.49193382263183594 235
0.4966599941253662 235
0.5002374649047852 233
0.5047576427459717 234
0.5083272457122803 234
0.5141327381134033 235
0.5179882049560547 233
0.5214881896972656 234
0.5280923843383789 236
0.5319156646728516 235
0.5366153717041016 236
0.5401880741119385 237
0.5446794033050537 237
0.5503644943237305 237
0.5549681186676025 237
0.5585236549377441 237
0.5623025894165039 234
0.5668296813964844 235
0.5725407600402832 232
0.5770230293273926 232
0.5807704925537109 234
0.5850558280944824 233
0.5886287689208984 233
0.5952463150024414 233
0.5988132953643799 235
0.6025493144989014 235
0.6070153713226318 234
0.6107654571533203 235
0.6167895793914795 235
0.6204910278320312 235
0.6248648166656494 237
0.6306772232055664 237
0.635000467300415 237
0.6385507583618164 236
0.6422953605651855 238
0.6468520164489746 237
0.6524879932403564 235
0.6569819450378418 235
0.660729169845581 234
0.6650211811065674 236
0.6687102317810059 233
0.6754121780395508 234
0.67899489402771 234
0.6827199459075928 234
0.6873660087585449 234
0.691124677658081 232
0.6970152854919434 234
0.7051537036895752 234
0.710939884185791 232
0.7154157161712646 234
0.7189590930938721 236
0.7226953506469727 234
0.7273008823394775 236
0.7338416576385498 236
0.7378284931182861 239
0.7413334846496582 237
0.7458758354187012 235
0.7493164539337158 236
0.7552008628845215 235
0.7587566375732422 235
0.7625257968902588 234
0.7688558101654053 237
0.772615909576416 235
0.7770628929138184 234
0.7808434963226318 232
0.7852637767791748 234
0.7911324501037598 234
0.7958188056945801 232
0.7992439270019531 232
0.8032281398773193 234
0.8073232173919678 235
0.8138265609741211 233
0.8177890777587891 233
0.8213348388671875 235
0.8258976936340332 236
0.8294003009796143 236
0.836029052734375 236
0.8397440910339355 235
0.8440513610839844 236
0.8478469848632812 235
0.8514044284820557 236
0.857428789138794 236
0.8611764907836914 237
0.8654673099517822 237
0.8712990283966064 236
0.8758697509765625 235
0.8794219493865967 233
0.8838868141174316 233
0.8874382972717285 233
0.8940191268920898 232
0.8978173732757568 233
0.9013314247131348 235
0.905881404876709 233
0.9117779731750488 234
0.9164588451385498 234
0.9200561046600342 235
0.9245049953460693 235
0.9280998706817627 237
0.9351904392242432 236
0.9387338161468506 236
0.9424693584442139 236
0.94710373878479 236
0.9508373737335205 237
0.9567008018493652 237
0.9603786468505859 237
0.9647960662841797 236
0.9706387519836426 233
0.9751436710357666 236
0.9786930084228516 234
0.9824700355529785 235
0.9869470596313477 233
0.9926035404205322 235
0.9970674514770508 234
