0 0 
0.002578258514404297 0
0.008548974990844727 0
0.012248039245605469 -2
0.016553401947021484 -2
0.020213842391967773 -2
0.026288747787475586 -2
0.029895305633544922 -6
0.0336606502532959 -14
0.040059804916381836 -35
0.04385638236999512 -64
0.04830121994018555 -64
0.05204486846923828 -28
0.05652976036071777 -83
0.062335968017578125 -83
0.06710529327392578 -112
0.07062387466430664 -126
0.07518982887268066 -131
0.0809636116027832 -146
0.08531904220581055 -153
0.09303593635559082 -161
0.09768414497375488 -167
0.1012732982635498 -169
0.10617733001708984 -175
0.11205196380615234 -179
0.11653733253479004 -181
0.12015914916992188 -183
0.1239166259765625 -186
0.1285686492919922 -190
0.13515949249267578 -191
0.13893747329711914 -194
0.14251255989074707 -195
0.1471257209777832 -195
0.15066313743591309 -197
0.15652823448181152 -199
0.16008257865905762 -199
0.16390633583068848 -203
0.1701674461364746 -204
0.1739649772644043 -207
0.17844223976135254 -208
0.1821918487548828 -208
0.18668675422668457 -211
0.19254469871520996 -212
0.19713187217712402 -211
0.20066022872924805 -211
0.20515966415405273 -212
0.2086951732635498 -212
0.2153630256652832 -212
0.21915221214294434 -211
0.22265386581420898 -213
0.2273237705230713 -214
0.23305678367614746 -213
0.2375955581665039 -213
0.24117350578308105 -212
0.24578285217285156 -212
0.24941372871398926 -213
0.2552335262298584 -212
0.25908756256103516 -212
0.2625997066497803 -212
0.26928067207336426 -213
0.2730903625488281 -212
0.2775740623474121 -213
0.28113746643066406 -214
0.2856178283691406 -215
0.29128122329711914 -215
0.2958083152770996 -216
0.2993886470794678 -216
0.3031322956085205 -217
0.3078029155731201 -217
0.31348156929016113 -218
0.31815528869628906 -219
0.3218998908996582 -219
0.32619380950927734 -219
0.32987499237060547 -220
0.3364448547363281 -218
0.34000277519226074 -219
0.3437347412109375 -219
0.34824180603027344 -218
0.35199713706970215 -215
0.3578522205352783 -215
0.36153173446655273 -215
0.36617302894592285 -213
0.3720560073852539 -215
0.376389741897583 -214
0.3799161911010742 -215
0.38364434242248535 -217
0.388120174407959 -216
0.39374542236328125 -216
0.3982388973236084 -218
0.4020547866821289 -218
0.40639400482177734 -217
0.4099400043487549 -216
0.41654038429260254 -218
0.4200873374938965 -219
0.4238409996032715 -219
0.4284508228302002 -218
0.43221354484558105 -220
0.4381539821624756 -219
0.44377970695495605 -218
0.4484536647796631 -217
0.4522099494934082 -217
0.4565310478210449 -217
0.4600846767425537 -215
0.46616101264953613 -215
0.469740629196167 -215
0.47347497940063477 -215
0.47983407974243164 -214
0.4836869239807129 -215
0.4922304153442383 -218
0.4966897964477539 -216
0.5002403259277344 -216
0.5073273181915283 -216
0.5109491348266602 -217
0.5152261257171631 -217
0.5192306041717529 -217
0.5244245529174805 -217
0.5286028385162354 -218
0.5323879718780518 -218
0.5389301776885986 -218
0.542525053024292 -217
0.547391414642334 -218
0.5510528087615967 -218
0.55533766746521 -218
0.5611357688903809 -217
0.5656626224517822 -218
0.5692675113677979 -218
0.5730252265930176 -215
0.5778160095214844 -215
0.5834815502166748 -214
0.5880115032196045 -214
0.5916810035705566 -216
0.596095085144043 -215
0.5996575355529785 -218
0.605888843536377 -216
0.6094844341278076 -214
0.6132762432098389 -216
0.6196551322937012 -215
0.62343430519104 -216
0.627896785736084 -217
0.6315555572509766 -218
0.6359937191009521 -218
0.641812801361084 -218
0.6461470127105713 -218
0.6496918201446533 -218
0.6534714698791504 -217
0.6579577922821045 -219
0.6636326313018799 -219
0.6682658195495605 -219
0.6720302104949951 -217
0.6764490604400635 -217
0.6800251007080078 -217
0.6865854263305664 -214
0.6901674270629883 -214
0.6939373016357422 -213
0.6984374523162842 -215
0.7021942138671875 -214
0.708261251449585 -214
0.7120039463043213 -215
0.7163715362548828 -214
0.7222509384155273 -216
0.7269566059112549 -216
0.7304329872131348 -217
0.7344539165496826 -217
0.7385492324829102 -218
0.7451531887054443 -219
0.7487027645111084 -217
0.752511739730835 -218
0.7570385932922363 -220
0.7625973224639893 -221
0.7672169208526611 -219
0.7709548473358154 -220
0.7752442359924316 -219
0.779088020324707 -220
0.7858092784881592 -217
0.7895510196685791 -217
0.7933139801025391 -216
0.7978527545928955 -215
0.8015360832214355 -217
0.8075673580169678 -214
0.8111624717712402 -215
0.8156476020812988 -214
0.821357011795044 -215
0.8258116245269775 -214
0.8294076919555664 -215
0.8332006931304932 -215
0.8378853797912598 -215
0.8435254096984863 -218
0.8481724262237549 -216
0.8519248962402344 -216
0.8562130928039551 -217
0.8598251342773438 -217
0.8664646148681641 -219
0.8700313568115234 -218
0.8737859725952148 -218
0.878272294998169 -219
0.8820123672485352 -217
0.8878841400146484 -217
0.8962423801422119 -217
0.9020886421203613 -216
0.90669846534729 -216
0.9103856086730957 -216
0.9144022464752197 -214
0.9190108776092529 -214
0.925633430480957 -213
0.9292535781860352 -213
0.9329979419708252 -214
0.9374339580535889 -215
0.9410722255706787 -218
0.9469404220581055 -217
0.9504492282867432 -218
0.9544627666473389 -218
0.9606842994689941 -218
0.9652087688446045 -216
0.9692144393920898 -217
0.972977876663208 -216
0.9774336814880371 -219
0.9831738471984863 -220
0.9876899719238281 -217
0.9912769794464111 -220
0.9957668781280518 -218
0.9993791580200195 -218
