0 0 
0.002216339111328125 0
0.008263349533081055 0
0.011775732040405273 0
0.015472173690795898 9
0.02542877197265625 9
0.03057408332824707 9
0.03430008888244629 23
0.04004621505737305 44
0.04364824295043945 130
0.04836082458496094 155
0.05801033973693848 191
0.06258893013000488 204
0.06942439079284668 216
0.07360649108886719 240
0.0788726806640625 248
0.08244609832763672 260
0.08819317817687988 272
0.09392666816711426 287
0.09832191467285156 289
0.1018834114074707 295
0.10563302040100098 299
0.11018252372741699 301
0.11582732200622559 306
0.12047863006591797 310
0.1242074966430664 317
0.1286015510559082 320
0.13216590881347656 324
0.13816070556640625 329
0.14178752899169922 332
0.14554953575134277 340
0.15041518211364746 345
0.1560978889465332 349
0.1614665985107422 354
0.1649622917175293 357
0.16954326629638672 354
0.17539000511169434 359
0.1799333095550537 358
0.18349313735961914 359
0.18778491020202637 358
0.19156575202941895 361
0.1950516700744629 359
0.2009410858154297 364
0.20470142364501953 364
0.21146082878112793 368
0.21504759788513184 371
0.21973562240600586 372
0.22345495223999023 373
0.22777032852172852 375
0.23359203338623047 375
0.2381446361541748 375
0.2417433261871338 376
0.24547457695007324 376
0.25011610984802246 372
0.2593722343444824 374
0.2629239559173584 374
0.2668032646179199 374
0.27349066734313965 374
0.27818775177001953 377
0.28189659118652344 379
0.2856881618499756 381
0.29016828536987305 382
0.29584693908691406 383
0.3003203868865967 382
0.3039510250091553 381
0.3083057403564453 380
0.31188201904296875 378
0.318462610244751 376
0.32201480865478516 378
0.32575273513793945 379
0.3304009437561035 377
0.3340799808502197 382
0.3400895595550537 383
0.3437225818634033 382
0.3496108055114746 383
0.35333704948425293 386
0.3596017360687256 384
0.3633859157562256 384
0.36768078804016113 381
0.371476411819458 382
0.3749887943267822 381
0.3817906379699707 380
0.38556909561157227 379
0.3902547359466553 380
0.39489316940307617 380
0.3994576930999756 382
0.4050283432006836 383
0.40972304344177246 384
0.41335487365722656 385
0.41774725914001465 386
0.4215354919433594 389
0.42818546295166016 385
0.4317898750305176 384
0.4355297088623047 384
0.43999719619750977 382
0.4435892105102539 382
0.4497501850128174 381
0.4534454345703125 379
0.45772600173950195 381
0.4636387825012207 380
0.4681408405303955 381
0.47173070907592773 382
0.4754757881164551 384
0.47995781898498535 387
0.4855995178222656 383
0.4900975227355957 386
0.49364757537841797 385
0.49828147888183594 381
0.5018632411956787 383
0.5086150169372559 380
0.5122179985046387 381
0.515972375869751 383
0.5204534530639648 381
0.5260717868804932 384
0.5306112766265869 386
0.5343539714813232 387
0.5386276245117188 386
0.5422179698944092 387
0.5482504367828369 387
0.5518162250518799 385
0.555556058883667 383
0.5619113445281982 384
0.5656905174255371 381
0.5703716278076172 380
0.5740437507629395 380
0.578420877456665 381
0.5842361450195312 383
0.5886116027832031 382
0.5921845436096191 383
0.5959463119506836 387
0.6004314422607422 385
0.6060652732849121 388
0.6105706691741943 388
0.6143097877502441 387
0.6185765266418457 384
0.6221621036529541 384
0.628354549407959 381
0.6319460868835449 382
0.635697603225708 377
0.641613245010376 379
0.6453323364257812 383
0.6498043537139893 387
0.6600501537322998 386
0.6636385917663574 387
0.6682291030883789 385
0.6718347072601318 386
0.6776590347290039 382
0.6816408634185791 382
0.6854274272918701 382
0.6921689510345459 382
0.6959660053253174 382
0.7004539966583252 383
0.7041752338409424 382
0.7084987163543701 384
0.7142820358276367 383
0.7185831069946289 385
0.7221560478210449 385
0.7258875370025635 385
0.7303488254547119 384
0.7359309196472168 386
0.7404332160949707 383
0.7441856861114502 386
0.7486436367034912 383
0.7522082328796387 383
0.7582337856292725 382
0.7618060111999512 381
0.7655420303344727 381
0.7706615924835205 383
0.7743971347808838 385
0.780240535736084 382
0.7837867736816406 385
0.7882466316223145 384
0.7939574718475342 386
0.7983725070953369 383
0.8020408153533936 387
0.8058059215545654 388
0.8104500770568848 383
0.8160667419433594 383
0.8205509185791016 381
0.8242902755737305 381
0.8285863399505615 382
0.8321616649627686 383
0.8387093544006348 382
0.8422565460205078 385
0.8459844589233398 382
0.8504719734191895 385
0.854205846786499 385
0.8600788116455078 386
0.8636491298675537 384
0.868788480758667 386
0.8723530769348145 383
0.8784067630767822 384
0.8819992542266846 384
0.8857722282409668 379
0.8921043872833252 381
0.8958845138549805 383
0.9005017280578613 383
0.904231071472168 383
0.9085512161254883 386
0.9143750667572021 387
0.9187157154083252 388
0.9222581386566162 388
0.9260928630828857 388
0.9307267665863037 386
0.9363291263580322 384
0.94081711769104 383
0.9445550441741943 383
0.9488413333892822 380
0.9523954391479492 382
0.9584145545959473 383
0.9620034694671631 384
0.9657449722290039 384
0.9720067977905273 385
0.9758007526397705 385
0.9802913665771484 384
0.9839515686035156 385
0.9899213314056396 383
0.9935488700866699 381
0.9980113506317139 384
