0 0 
0.0025653839111328125 0
0.008324146270751953 0
0.011919260025024414 0
0.016258716583251953 2
0.01985001564025879 16
0.02565765380859375 12
0.02943897247314453 33
0.03293728828430176 31
0.03949570655822754 96
0.042986392974853516 245
0.04798626899719238 296
0.0515289306640625 280
0.056038618087768555 343
0.0617222785949707 364
0.0661935806274414 391
0.06977725028991699 401
0.07362031936645508 425
0.07806539535522461 452
0.08370590209960938 480
0.08821558952331543 487
0.09180617332458496 495
0.09628915786743164 509
0.09985804557800293 540
0.1065831184387207 551
0.11017870903015137 555
0.11405396461486816 571
0.11855387687683105 579
0.12229418754577637 588
0.12835097312927246 592
0.13203930854797363 603
0.13835930824279785 612
0.14206886291503906 623
0.14651131629943848 631
0.15006637573242188 632
0.15385103225708008 644
0.16028857231140137 646
0.16406679153442383 649
0.16871380805969238 656
0.1725025177001953 661
0.1767730712890625 666
0.18256235122680664 671
0.1869046688079834 674
0.19042754173278809 677
0.19417333602905273 679
0.19865679740905762 685
0.20430994033813477 680
0.20884013175964355 686
0.2126321792602539 694
0.21692728996276855 696
0.2205028533935547 696
0.22751283645629883 695
0.2310774326324463 700
0.23558640480041504 695
0.23938918113708496 700
0.24293971061706543 707
0.24881863594055176 708
0.25260376930236816 709
0.2570946216583252 710
0.2630300521850586 710
0.2677340507507324 710
0.2713913917541504 710
0.2756979465484619 710
0.2815098762512207 716
0.2861902713775635 719
0.2898125648498535 715
0.2935519218444824 718
0.2980515956878662 717
0.3037099838256836 719
0.3082563877105713 715
0.3119368553161621 720
0.31635308265686035 721
0.3199183940887451 723
0.3260040283203125 722
0.3296523094177246 723
0.3333907127380371 719
0.33978986740112305 721
0.3484992980957031 724
0.35222816467285156 725
0.3567380905151367 726
0.3602907657623291 725
0.367006778717041 725
0.3705461025238037 721
0.3760528564453125 725
0.3796713352203369 726
0.3834192752838135 729
0.38831186294555664 728
0.39397740364074707 727
0.3984825611114502 727
0.4023149013519287 725
0.40674805641174316 727
0.41254210472106934 725
0.41684985160827637 729
0.42040395736694336 728
0.42415523529052734 730
0.4286234378814697 726
0.4342997074127197 727
0.43879127502441406 725
0.4425513744354248 727
0.4468109607696533 727
0.45037221908569336 731
0.4564237594604492 728
0.46004438400268555 728
0.46380186080932617 726
0.470334529876709 726
0.47406935691833496 726
0.47857213020324707 728
0.48241734504699707 730
0.4867420196533203 728
0.492539644241333 730
0.49683451652526855 728
0.5003974437713623 726
0.5041265487670898 726
0.508587121963501 730
0.5142230987548828 729
0.5188744068145752 732
0.5226273536682129 730
0.5270774364471436 730
0.5306296348571777 725
0.5368819236755371 728
0.5404064655303955 728
0.5441360473632812 732
0.5504522323608398 734
0.5542323589324951 732
0.558692455291748 731
0.5624380111694336 728
0.5667634010314941 725
0.572601318359375 725
0.576941967010498 729
0.5804870128631592 729
0.5842123031616211 732
0.5888488292694092 734
0.5948460102081299 730
0.5989217758178711 728
0.6026806831359863 728
0.606980562210083 726
0.6105260848999023 730
0.6170966625213623 732
0.6207869052886963 732
0.6247580051422119 732
0.6288537979125977 731
0.6326076984405518 727
0.6384568214416504 731
0.6421995162963867 732
0.648087739944458 732
0.6516742706298828 732
0.6561484336853027 731
0.6617567539215088 728
0.6662759780883789 727
0.6699345111846924 729
0.6736831665039062 731
0.6782596111297607 730
0.6838932037353516 732
0.6883530616760254 732
0.6920228004455566 730
0.6964113712310791 729
0.6999850273132324 731
0.7067165374755859 733
0.7102532386779785 732
0.713994026184082 733
0.7184789180755615 731
0.7222564220428467 732
0.7281146049499512 732
0.7316443920135498 729
0.7360978126525879 728
0.7462129592895508 732
0.7498471736907959 730
0.7536261081695557 731
0.7582731246948242 731
0.7639021873474121 730
0.7686231136322021 731
0.7723848819732666 730
0.7769062519073486 730
0.7804429531097412 735
0.7842888832092285 731
0.7913141250610352 730
0.7955937385559082 730
0.7993729114532471 731
0.8028867244720459 731
0.8074591159820557 732
0.8129978179931641 730
0.817608118057251 732
0.82131028175354 733
0.8255612850189209 729
0.8295080661773682 729
0.8360917568206787 729
0.8396694660186768 730
0.8434104919433594 732
0.8478143215179443 735
0.851463794708252 732
0.8570916652679443 732
0.8606319427490234 733
0.8647768497467041 726
0.8708686828613281 731
0.8753869533538818 733
0.8789443969726562 734
0.8827075958251953 731
0.8894102573394775 730
0.8930268287658691 730
0.8976080417633057 727
0.9013223648071289 728
0.9055852890014648 730
0.9116849899291992 735
0.9162590503692627 734
0.91983962059021 732
0.9236321449279785 730
0.928126335144043 732
0.9337446689605713 731
0.938237190246582 731
0.9419229030609131 734
0.9464700222015381 732
0.9500341415405273 731
0.9560737609863281 732
0.9596707820892334 729
0.9634127616882324 727
0.9697704315185547 728
0.9735562801361084 730
0.9780547618865967 729
0.9816479682922363 731
0.9861526489257812 732
0.9917774200439453 730
0.996347188949585 730
0.9998972415924072 731
