0 0 
0.0045015811920166016 0
0.010277748107910156 2
0.021728515625 2
0.026277780532836914 7
0.03177809715270996 7
0.036341190338134766 7
0.04306387901306152 14
0.049482107162475586 53
0.054143667221069336 53
0.057711124420166016 69
0.06145167350769043 69
0.0664663314819336 91
0.0729529857635498 95
0.07662701606750488 82
0.08037042617797852 82
0.08493566513061523 95
0.08842158317565918 103
0.0951242446899414 107
0.09858846664428711 107
0.10305309295654297 115
0.10659313201904297 117
0.11032772064208984 118
0.11614704132080078 122
0.11989831924438477 125
0.12457132339477539 126
0.13047361373901367 129
0.13507437705993652 130
0.13860201835632324 132
0.1431434154510498 132
0.14691686630249023 134
0.15332674980163574 135
0.157149076461792 137
0.16062712669372559 138
0.1653575897216797 139
0.16901540756225586 139
0.1749711036682129 140
0.17839717864990234 139
0.18239974975585938 139
0.1878972053527832 139
0.19164299964904785 140
0.19612789154052734 140
0.20180559158325195 139
0.20644187927246094 141
0.21019887924194336 140
0.21608185768127441 141
0.22176861763000488 140
0.22634434700012207 141
0.23010516166687012 141
0.2344074249267578 141
0.2379612922668457 141
0.24411439895629883 143
0.24768996238708496 143
0.2514657974243164 144
0.257800817489624 144
0.26158976554870605 146
0.2660796642303467 147
0.26981067657470703 146
0.27410888671875 146
0.280010461807251 147
0.28432273864746094 147
0.2878756523132324 146
0.291609525680542 146
0.29602575302124023 147
0.30169010162353516 146
0.30634045600891113 147
0.31009912490844727 147
0.3143925666809082 147
0.31795549392700195 147
0.323972225189209 147
0.32754015922546387 145
0.3313021659851074 147
0.337207555770874 147
0.34102654457092285 147
0.34554243087768555 146
0.3512094020843506 147
0.35570716857910156 147
0.35930418968200684 145
0.3640005588531494 146
0.36758899688720703 147
0.3757305145263672 145
0.37929487228393555 145
0.3838679790496826 145
0.3874168395996094 146
0.391193151473999 145
0.3956716060638428 145
0.3992156982421875 145
0.40372753143310547 145
0.41407179832458496 147
0.4177520275115967 147
0.4215221405029297 147
0.4262735843658447 146
0.43003082275390625 146
0.43604445457458496 147
0.439772367477417 145
0.4441037178039551 144
0.4499077796936035 145
0.4550480842590332 146
0.4586057662963867 146
0.46309757232666016 145
0.4690718650817871 146
0.4735722541809082 147
0.47716832160949707 146
0.48090386390686035 146
0.48560142517089844 146
0.4912393093109131 146
0.49576592445373535 146
0.49954962730407715 145
0.5039403438568115 145
0.5075185298919678 146
0.5140862464904785 146
0.5176613330841064 146
0.5214188098907471 146
0.525876522064209 146
0.5294959545135498 145
0.5354652404785156 145
0.5390341281890869 146
0.5433168411254883 145
0.5493385791778564 145
0.5538134574890137 145
0.5573673248291016 145
0.5611245632171631 146
0.5656137466430664 146
0.5712418556213379 147
0.5757880210876465 148
0.5793464183807373 148
0.583838701248169 148
0.5874669551849365 148
0.5941617488861084 147
0.5977323055267334 147
0.6014499664306641 147
0.6060988903045654 146
0.6098453998565674 146
0.6157238483428955 148
0.619276762008667 147
0.623748779296875 147
0.6294856071472168 147
0.633908748626709 147
0.6374375820159912 145
0.6411843299865723 144
0.6456539630889893 145
0.651259183883667 146
0.6557753086090088 143
0.6593413352966309 145
0.6640050411224365 146
0.6698071956634521 146
0.674126148223877 144
0.6776807308197021 144
0.6814253330230713 147
0.6860136985778809 145
0.6916353702545166 145
0.6961226463317871 145
0.6998538970947266 144
0.704132080078125 145
0.7076747417449951 145
0.7137191295623779 145
0.7173237800598145 146
0.721085786819458 147
0.7269477844238281 147
0.7304425239562988 146
0.7349767684936523 147
0.7405064105987549 148
0.7451019287109375 148
0.748638391494751 146
0.7531490325927734 146
0.7589418888092041 149
0.763277530670166 148
0.7670903205871582 147
0.7705843448638916 146
0.7752692699432373 146
0.7809848785400391 148
0.7857253551483154 148
0.7892911434173584 148
0.7937583923339844 146
0.7974612712860107 147
0.8032803535461426 147
0.8071091175079346 146
0.8153386116027832 146
0.8210687637329102 146
0.8257968425750732 146
0.8294737339019775 146
0.8340573310852051 146
0.8376262187957764 145
0.8438470363616943 146
0.8474462032318115 146
0.851205587387085 144
0.8561806678771973 143
0.8618273735046387 144
0.8662815093994141 143
0.8700213432312012 143
0.8743009567260742 143
0.8800830841064453 144
0.8843817710876465 144
0.8879420757293701 144
0.8917262554168701 146
0.8961830139160156 145
0.9018359184265137 145
0.9064691066741943 146
0.9102280139923096 146
0.9145219326019287 146
0.9180707931518555 146
0.9241251945495605 146
0.927839994430542 147
0.9316082000732422 148
0.9379541873931885 148
0.9417312145233154 147
0.9462096691131592 147
0.9499905109405518 148
0.9542930126190186 147
0.9601149559020996 147
0.9646329879760742 146
0.9681823253631592 146
0.9719154834747314 148
0.9763898849487305 148
0.9824154376983643 148
0.9869396686553955 148
0.9904541969299316 148
0.9950404167175293 148
0.9985618591308594 147
