0 0 
0.0026464462280273438 0
0.006931304931640625 2
0.010832071304321289 2
0.014533281326293945 7
0.022237300872802734 13
0.028173208236694336 20
0.03170967102050781 32
0.0397183895111084 183
0.043511152267456055 254
0.04856610298156738 287
0.052005767822265625 313
0.057949066162109375 342
0.06153678894042969 362
0.06530165672302246 388
0.0711820125579834 400
0.07499194145202637 420
0.07954955101013184 439
0.08522915840148926 469
0.09089088439941406 482
0.0946805477142334 501
0.10139060020446777 507
0.10744285583496094 524
0.1110222339630127 534
0.11475944519042969 542
0.12113285064697266 560
0.12503886222839355 573
0.12955904006958008 578
0.13323688507080078 586
0.13762378692626953 590
0.143463134765625 599
0.14792180061340332 601
0.15149259567260742 609
0.15525341033935547 618
0.15977120399475098 625
0.16544771194458008 631
0.1700115203857422 631
0.17374944686889648 634
0.1780719757080078 640
0.18160510063171387 640
0.18761825561523438 643
0.19121861457824707 651
0.19501376152038574 652
0.200150728225708 657
0.20389509201049805 662
0.20991301536560059 661
0.21371936798095703 662
0.21808218955993652 663
0.22396016120910645 665
0.2285323143005371 668
0.23198604583740234 673
0.23603200912475586 677
0.24012255668640137 675
0.24675464630126953 679
0.25057077407836914 679
0.2540857791900635 677
0.25896549224853516 678
0.264667272567749 682
0.2693624496459961 684
0.2731187343597412 687
0.2775247097015381 687
0.2810783386230469 688
0.28690028190612793 687
0.29072022438049316 685
0.294238805770874 682
0.3008904457092285 688
0.30467987060546875 690
0.30918049812316895 694
0.31278252601623535 697
0.31722283363342285 690
0.3260517120361328 692
0.3307673931121826 692
0.33425450325012207 694
0.3411283493041992 694
0.34493088722229004 694
0.3495900630950928 695
0.3532590866088867 697
0.3576655387878418 694
0.363480806350708 693
0.3677706718444824 695
0.371351957321167 695
0.37508106231689453 696
0.3795490264892578 698
0.3852043151855469 700
0.3898582458496094 699
0.39360547065734863 697
0.39793848991394043 697
0.401475191116333 694
0.4075191020965576 697
0.41113781929016113 697
0.4149501323699951 699
0.42133450508117676 698
0.4250977039337158 695
0.429546594619751 696
0.4332301616668701 697
0.4376063346862793 700
0.4434685707092285 699
0.44791460037231445 701
0.4514586925506592 697
0.4551994800567627 694
0.45984458923339844 698
0.4654724597930908 695
0.4699702262878418 696
0.4737250804901123 698
0.47802019119262695 703
0.48159360885620117 701
0.48763275146484375 699
0.4912843704223633 700
0.49504542350769043 695
0.5012965202331543 698
0.5050859451293945 695
0.5096888542175293 700
0.5134046077728271 700
0.5177338123321533 701
0.523554801940918 698
0.5278534889221191 698
0.5314369201660156 696
0.535186767578125 698
0.5396623611450195 699
0.5452792644500732 702
0.5497732162475586 701
0.5535197257995605 703
0.5577826499938965 698
0.5636484622955322 693
0.568115234375 699
0.5716772079467773 697
0.5754232406616211 699
0.5799441337585449 703
0.5859518051147461 702
0.590247631072998 703
0.5939979553222656 701
0.5985689163208008 699
0.601994514465332 697
0.6079277992248535 701
0.6114530563354492 700
0.6152069568634033 702
0.6215775012969971 702
0.6253447532653809 701
0.629997730255127 697
0.6337387561798096 698
0.6380293369293213 700
0.6438329219818115 699
0.6481709480285645 703
0.6517157554626465 703
0.6554386615753174 702
0.659904956817627 697
0.6655163764953613 698
0.670001745223999 699
0.6737475395202637 699
0.6781759262084961 698
0.681727409362793 701
0.6878974437713623 701
0.6914577484130859 702
0.6952097415924072 699
0.701439380645752 699
0.70517897605896 697
0.7097342014312744 698
0.7134444713592529 701
0.7179000377655029 705
0.7281033992767334 704
0.7316370010375977 698
0.735421895980835 699
0.7400236129760742 698
0.7437665462493896 699
0.7498981952667236 700
0.7536230087280273 702
0.7598531246185303 702
0.7636182308197021 698
0.7679235935211182 701
0.7714545726776123 697
0.775209903717041 698
0.7815320491790771 702
0.7853200435638428 703
0.7898225784301758 702
0.7936611175537109 707
0.7979681491851807 702
0.8037352561950684 697
0.8081848621368408 697
0.811730146408081 697
0.81545090675354 700
0.8199367523193359 703
0.8255348205566406 705
0.8300225734710693 703
0.8337602615356445 702
0.8380584716796875 698
0.8416125774383545 699
0.8485982418060303 701
0.852041482925415 705
0.8560194969177246 705
0.8601477146148682 704
0.8638796806335449 701
0.8698904514312744 699
0.8736166954040527 697
0.8779439926147461 699
0.8837621212005615 699
0.8881044387817383 701
0.8916375637054443 701
0.8953828811645508 706
0.8998503684997559 699
0.9054827690124512 698
0.9100451469421387 698
0.9138002395629883 699
0.9181797504425049 699
0.9217369556427002 701
0.9287209510803223 701
0.9322211742401123 702
0.9367125034332275 699
0.9402692317962646 700
0.9440393447875977 701
0.9498569965362549 704
0.9536023139953613 702
0.9579219818115234 702
0.9637551307678223 705
0.9680726528167725 702
0.971616268157959 698
0.9769027233123779 698
0.9828824996948242 699
0.9875662326812744 699
0.9911394119262695 701
0.9949214458465576 702
0.9994204044342041 703
