0 0 
0.0022430419921875 0
0.00986027717590332 0
0.013434171676635742 -2
0.017712116241455078 -15
0.023699045181274414 -39
0.028167724609375 -19
0.03174161911010742 -32
0.03543281555175781 -189
0.03999948501586914 -194
0.04565238952636719 -274
0.050356149673461914 -293
0.05402970314025879 -292
0.05841231346130371 -327
0.061972856521606445 -384
0.06857705116271973 -397
0.07214784622192383 -413
0.07595348358154297 -447
0.08042168617248535 -455
0.08405327796936035 -488
0.08992528915405273 -498
0.09356188774108887 -504
0.0978689193725586 -528
0.10374188423156738 -540
0.10836076736450195 -549
0.11192131042480469 -564
0.11575174331665039 -573
0.12026143074035645 -596
0.12593483924865723 -602
0.13040828704833984 -606
0.13405323028564453 -618
0.13859820365905762 -628
0.14440488815307617 -633
0.14871859550476074 -637
0.15227079391479492 -644
0.15608000755310059 -653
0.16064047813415527 -665
0.1663038730621338 -668
0.1709446907043457 -669
0.1746985912322998 -673
0.1790153980255127 -676
0.18255305290222168 -680
0.18860220909118652 -688
0.19216346740722656 -684
0.19591522216796875 -696
0.2022840976715088 -699
0.20609021186828613 -699
0.2106320858001709 -701
0.21441960334777832 -704
0.21872353553771973 -704
0.22454428672790527 -704
0.2290189266204834 -707
0.23257923126220703 -712
0.23633551597595215 -715
0.24077820777893066 -714
0.24643588066101074 -719
0.2516660690307617 -717
0.2559034824371338 -719
0.26040077209472656 -718
0.2641129493713379 -723
0.2702751159667969 -723
0.27387356758117676 -728
0.27835941314697266 -724
0.28411030769348145 -724
0.2886624336242676 -725
0.2922344207763672 -727
0.2959895133972168 -727
0.30047035217285156 -731
0.3061411380767822 -733
0.31061816215515137 -733
0.31433796882629395 -731
0.3186521530151367 -731
0.3222312927246094 -732
0.32890892028808594 -732
0.33248424530029297 -736
0.3362443447113037 -735
0.3407003879547119 -737
0.3504600524902344 -733
0.35417675971984863 -736
0.35872697830200195 -737
0.3645296096801758 -739
0.36899471282958984 -735
0.37253427505493164 -738
0.37629103660583496 -735
0.3807659149169922 -735
0.38637566566467285 -734
0.39087915420532227 -738
0.394622802734375 -738
0.3990755081176758 -740
0.4027218818664551 -740
0.40987563133239746 -740
0.4135715961456299 -738
0.4178495407104492 -737
0.42163586616516113 -738
0.4251413345336914 -743
0.43102431297302246 -743
0.4347724914550781 -741
0.43908238410949707 -740
0.4449293613433838 -736
0.4494895935058594 -736
0.45294189453125 -736
0.45694541931152344 -739
0.4631333351135254 -742
0.4676513671875 -744
0.47162318229675293 -741
0.47513461112976074 -739
0.47971343994140625 -738
0.48563337326049805 -740
0.4901576042175293 -742
0.4937305450439453 -742
0.4982490539550781 -742
0.5018565654754639 -741
0.5084640979766846 -737
0.5120227336883545 -736
0.5157876014709473 -737
0.5203151702880859 -739
0.5238969326019287 -743
0.5301742553710938 -741
0.5337657928466797 -744
0.5382742881774902 -735
0.5440561771392822 -737
0.5484600067138672 -737
0.5520498752593994 -739
0.5558388233184814 -746
0.5603551864624023 -746
0.5660305023193359 -745
0.5705313682556152 -740
0.5743517875671387 -738
0.5786607265472412 -737
0.5822248458862305 -737
0.5890035629272461 -740
0.5925400257110596 -742
0.5962719917297363 -742
0.6007711887359619 -740
0.6045212745666504 -740
0.6104354858398438 -737
0.6141138076782227 -739
0.6185212135314941 -742
0.624396562576294 -741
0.6286578178405762 -743
0.6322424411773682 -741
0.6359860897064209 -740
0.6404557228088379 -738
0.6461122035980225 -738
0.6507577896118164 -742
0.6545093059539795 -744
0.6589839458465576 -744
0.6647794246673584 -740
0.6691198348999023 -741
0.6729371547698975 -740
0.6783018112182617 -740
0.6819090843200684 -741
0.6885154247283936 -743
0.692126989364624 -739
0.6958990097045898 -739
0.7004044055938721 -742
0.7040736675262451 -740
0.7102663516998291 -737
0.7138495445251465 -740
0.7183699607849121 -741
0.7241523265838623 -744
0.7285528182983398 -743
0.7321600914001465 -742
0.7359156608581543 -741
0.7404050827026367 -740
0.7500996589660645 -742
0.7536847591400146 -743
0.7585718631744385 -739
0.7643859386444092 -742
0.768925666809082 -739
0.7724771499633789 -740
0.776231050491333 -740
0.7806878089904785 -744
0.7863495349884033 -745
0.7911107540130615 -742
0.7949008941650391 -740
0.7994832992553711 -740
0.8029143810272217 -738
0.8088276386260986 -737
0.8123714923858643 -742
0.8161523342132568 -745
0.8206043243408203 -743
0.8243422508239746 -739
0.8288016319274902 -740
0.8323578834533691 -742
0.8361282348632812 -739
0.8405971527099609 -738
0.8443779945373535 -738
0.8486597537994385 -744
0.8522200584411621 -744
0.8559911251068115 -742
0.8611195087432861 -743
0.8648867607116699 -740
0.869194507598877 -739
0.8727123737335205 -737
0.8768658638000488 -741
0.880964994430542 -740
0.8847196102142334 -743
0.8891685009002686 -742
0.8927299976348877 -743
0.8968517780303955 -739
0.9009599685668945 -742
0.904843807220459 -738
0.9103090763092041 -739
0.9139103889465332 -741
0.918593168258667 -740
0.9221599102020264 -742
0.9259152412414551 -739
0.9304192066192627 -742
0.9340946674346924 -743
0.9384770393371582 -738
0.9420859813690186 -743
0.945850133895874 -739
0.9504668712615967 -743
0.9541487693786621 -744
0.9585249423980713 -741
0.9631237983703613 -737
0.9675769805908203 -738
0.9711146354675293 -737
0.9748644828796387 -742
0.9791784286499023 -742
0.9828777313232422 -743
0.9868860244750977 -743
0.9910197257995605 -741
0.9947731494903564 -741
0.9990878105163574 -738
