0 0 
0.0022280216217041016 0
0.008274555206298828 -3
0.013996362686157227 -8
0.01835799217224121 -8
0.022023439407348633 -19
0.025788068771362305 -22
0.03028082847595215 -40
0.035961151123046875 -189
0.04071784019470215 -179
0.04444718360900879 -248
0.04875946044921875 -287
0.05230212211608887 -322
0.058859825134277344 -348
0.06242179870605469 -384
0.06619834899902344 -395
0.07067131996154785 -414
0.07446980476379395 -454
0.08035516738891602 -461
0.08399677276611328 -488
0.08837652206420898 -496
0.09424591064453125 -523
0.09874773025512695 -537
0.1023099422454834 -544
0.10606265068054199 -565
0.11072278022766113 -580
0.11682009696960449 -592
0.12092709541320801 -599
0.12471652030944824 -603
0.12903237342834473 -616
0.1325817108154297 -630
0.13940882682800293 -637
0.14288973808288574 -646
0.1468954086303711 -654
0.15097737312316895 -661
0.15475964546203613 -666
0.1608436107635498 -668
0.16459369659423828 -673
0.16891694068908691 -683
0.1747574806213379 -691
0.17909574508666992 -696
0.18281078338623047 -697
0.18678998947143555 -695
0.19087648391723633 -701
0.19742512702941895 -706
0.20100116729736328 -708
0.20474863052368164 -710
0.20943045616149902 -718
0.21503520011901855 -721
0.22368431091308594 -719
0.228348970413208 -723
0.23191618919372559 -725
0.23567724227905273 -728
0.24069476127624512 -733
0.24633336067199707 -735
0.25096607208251953 -734
0.2547109127044678 -732
0.2590043544769287 -739
0.26256585121154785 -734
0.269481897354126 -739
0.27299976348876953 -740
0.2774503231048584 -746
0.28144216537475586 -747
0.28498077392578125 -745
0.2908623218536377 -742
0.2946281433105469 -744
0.2989823818206787 -745
0.3048410415649414 -749
0.30942535400390625 -749
0.31289172172546387 -749
0.3168911933898926 -752
0.32097434997558594 -746
0.32759761810302734 -748
0.3317708969116211 -753
0.33608412742614746 -751
0.3407139778137207 -756
0.34634971618652344 -753
0.3508751392364502 -752
0.35465335845947266 -750
0.35896944999694824 -753
0.36254096031188965 -753
0.3687422275543213 -758
0.3723134994506836 -761
0.3760673999786377 -754
0.38235044479370117 -751
0.3861067295074463 -755
0.39060473442077637 -751
0.39440298080444336 -753
0.39889049530029297 -755
0.40484142303466797 -760
0.409468412399292 -759
0.41296911239624023 -755
0.4168977737426758 -755
0.4209721088409424 -757
0.4275393486022949 -756
0.4310789108276367 -760
0.43483805656433105 -759
0.43944859504699707 -758
0.4429616928100586 -756
0.44965291023254395 -758
0.4533884525299072 -758
0.45767760276794434 -757
0.4616532325744629 -758
0.466869592666626 -762
0.47101879119873047 -760
0.4747660160064697 -759
0.4790990352630615 -756
0.485032320022583 -756
0.48962950706481934 -759
0.4933593273162842 -758
0.49766969680786133 -764
0.5036966800689697 -761
0.5082452297210693 -761
0.5119228363037109 -761
0.5156905651092529 -756
0.5203506946563721 -757
0.5260510444641113 -760
0.5305254459381104 -761
0.5342800617218018 -760
0.5385892391204834 -762
0.5421783924102783 -759
0.5487701892852783 -757
0.552314043045044 -757
0.5560805797576904 -758
0.560589075088501 -762
0.5643277168273926 -761
0.5702216625213623 -760
0.573993444442749 -759
0.5785520076751709 -755
0.5844266414642334 -758
0.5887641906738281 -757
0.5923073291778564 -763
0.5960822105407715 -762
0.6005527973175049 -761
0.6061909198760986 -759
0.6106622219085693 -758
0.6144523620605469 -757
0.6224486827850342 -760
0.6287822723388672 -761
0.6323387622833252 -762
0.6360917091369629 -758
0.6428952217102051 -759
0.6474261283874512 -758
0.6513876914978027 -757
0.6549460887908936 -763
0.6595194339752197 -762
0.6651067733764648 -759
0.6698358058929443 -758
0.6735084056854248 -757
0.678112268447876 -758
0.6817255020141602 -758
0.6885364055633545 -760
0.6921043395996094 -762
0.6958920955657959 -762
0.7006149291992188 -759
0.7043972015380859 -758
0.7102673053741455 -759
0.713942289352417 -759
0.7183451652526855 -756
0.7242259979248047 -759
0.7285592555999756 -756
0.7321224212646484 -759
0.7358889579772949 -760
0.7404003143310547 -760
0.746068000793457 -759
0.7505369186401367 -761
0.7543106079101562 -761
0.7587976455688477 -760
0.7646031379699707 -757
0.7699439525604248 -758
0.7735466957092285 -758
0.7778346538543701 -761
0.7816340923309326 -761
0.7863340377807617 -762
0.7909152507781982 -760
0.794701337814331 -756
0.7989721298217773 -757
0.8025331497192383 -757
0.8062918186187744 -757
0.8107450008392334 -759
0.8145396709442139 -763
0.8189802169799805 -760
0.822533130645752 -761
0.8262763023376465 -758
0.8307445049285889 -758
0.8354887962341309 -758
0.8400447368621826 -761
0.8436143398284912 -761
0.848092794418335 -763
0.8516769409179688 -762
0.8554449081420898 -758
0.8599565029144287 -759
0.8635578155517578 -759
0.8678367137908936 -756
0.8716435432434082 -756
0.8754017353057861 -760
0.8800921440124512 -762
0.8836734294891357 -762
0.8894233703613281 -759
0.8928873538970947 -757
0.8968911170959473 -757
0.9010071754455566 -759
0.9048957824707031 -761
0.9094798564910889 -765
0.9129974842071533 -761
0.9174704551696777 -762
0.9210143089294434 -756
0.924788236618042 -754
0.9291198253631592 -757
0.9328064918518066 -758
0.9385435581207275 -761
0.9421122074127197 -763
0.945880651473999 -764
0.9503414630889893 -759
0.954003095626831 -756
0.958449125289917 -759
0.9620282649993896 -757
0.965785026550293 -760
0.970264196395874 -762
0.9738204479217529 -764
0.9783341884613037 -763
0.9819052219390869 -762
0.9857132434844971 -758
0.9909713268280029 -757
0.9947226047515869 -757
0.9994375705718994 -759
