0 0 
0.002393960952758789 0
0.008407831192016602 0
0.011953353881835938 -2
0.015462160110473633 -2
0.02051544189453125 -16
0.028630495071411133 -12
0.03223252296447754 -74
0.03603982925415039 -176
0.04062318801879883 -98
0.044298410415649414 -259
0.04892325401306152 -280
0.05473804473876953 -336
0.05910205841064453 -381
0.0626533031463623 -383
0.06644678115844727 -418
0.07094550132751465 -450
0.08036518096923828 -484
0.0859518051147461 -518
0.09065461158752441 -526
0.09431672096252441 -554
0.0988922119140625 -573
0.10475420951843262 -590
0.10925889015197754 -600
0.11282634735107422 -613
0.11657309532165527 -623
0.12135577201843262 -635
0.12796330451965332 -648
0.1317596435546875 -651
0.13529324531555176 -661
0.14018487930297852 -676
0.14591169357299805 -688
0.15050458908081055 -695
0.15410494804382324 -699
0.1585981845855713 -705
0.16219830513000488 -706
0.16810321807861328 -714
0.1719346046447754 -720
0.17543530464172363 -727
0.18213295936584473 -734
0.18592429161071777 -739
0.1904313564300537 -742
0.19400954246520996 -745
0.19863629341125488 -746
0.20441770553588867 -753
0.20883798599243164 -755
0.21241044998168945 -762
0.21624255180358887 -767
0.22078323364257812 -762
0.22647404670715332 -769
0.23099565505981445 -767
0.23480892181396484 -769
0.2391676902770996 -774
0.24271845817565918 -779
0.24893832206726074 -780
0.25252413749694824 -782
0.2562870979309082 -777
0.26137590408325195 -782
0.2651817798614502 -781
0.271087646484375 -784
0.27482175827026367 -789
0.27915477752685547 -791
0.284970760345459 -789
0.28930187225341797 -789
0.2928893566131592 -788
0.2966442108154297 -791
0.3011350631713867 -797
0.30716466903686523 -795
0.3112752437591553 -793
0.3150334358215332 -792
0.31974339485168457 -791
0.3232600688934326 -789
0.33011674880981445 -793
0.3338747024536133 -797
0.33818960189819336 -798
0.34200000762939453 -797
0.347186803817749 -794
0.35138487815856934 -797
0.3551623821258545 -797
0.3594813346862793 -799
0.365375280380249 -801
0.36995744705200195 -802
0.37348175048828125 -799
0.3780019283294678 -799
0.3840458393096924 -796
0.38856983184814453 -798
0.39275217056274414 -802
0.3965263366699219 -804
0.40105199813842773 -803
0.407181978225708 -800
0.41132497787475586 -804
0.41509151458740234 -800
0.4194190502166748 -801
0.4230067729949951 -803
0.4290313720703125 -805
0.43262362480163574 -801
0.43947577476501465 -802
0.4431791305541992 -797
0.4471879005432129 -804
0.45377087593078613 -804
0.45808839797973633 -804
0.46194005012512207 -803
0.46544766426086426 -801
0.47080278396606445 -803
0.47649216651916504 -803
0.4863729476928711 -805
0.4913139343261719 -805
0.49514222145080566 -803
0.5010833740234375 -801
0.504892110824585 -804
0.509436845779419 -802
0.5152904987335205 -806
0.5199310779571533 -806
0.5234766006469727 -802
0.5279855728149414 -801
0.5337843894958496 -805
0.5381546020507812 -802
0.541978120803833 -804
0.54547119140625 -806
0.550194263458252 -809
0.5559003353118896 -801
0.5606248378753662 -804
0.5643644332885742 -804
0.5687675476074219 -801
0.5723557472229004 -805
0.5782060623168945 -808
0.5820214748382568 -806
0.5858807563781738 -802
0.5917963981628418 -802
0.5953285694122314 -805
0.5999431610107422 -806
0.6057548522949219 -807
0.6102128028869629 -806
0.6138749122619629 -803
0.6181883811950684 -804
0.6241950988769531 -803
0.6287243366241455 -805
0.6323034763336182 -804
0.6361093521118164 -807
0.6407966613769531 -804
0.646479606628418 -803
0.6509735584259033 -801
0.654754638671875 -806
0.6590921878814697 -806
0.662665843963623 -807
0.6687209606170654 -805
0.6722846031188965 -806
0.6760551929473877 -804
0.6826159954071045 -806
0.6865129470825195 -808
0.6909985542297363 -807
0.694796085357666 -807
0.6991066932678223 -806
0.7049274444580078 -801
0.7092413902282715 -803
0.7128069400787354 -804
0.7165734767913818 -804
0.7210690975189209 -809
0.726726770401001 -808
0.7312006950378418 -808
0.7349720001220703 -805
0.7394869327545166 -804
0.7431809902191162 -804
0.7491066455841064 -808
0.7527101039886475 -805
0.7564709186553955 -806
0.7628343105316162 -805
0.7666268348693848 -803
0.7712535858154297 -805
0.7750225067138672 -807
0.7793552875518799 -807
0.7851965427398682 -807
0.7897863388061523 -807
0.7932641506195068 -806
0.7979092597961426 -799
0.8022058010101318 -803
0.80605149269104 -806
0.8105831146240234 -806
0.8141772747039795 -808
0.8186595439910889 -807
0.8222484588623047 -808
0.8260464668273926 -806
0.8305675983428955 -802
0.8341560363769531 -804
0.8386898040771484 -805
0.8422691822052002 -809
0.8460440635681152 -808
0.8505642414093018 -806
0.8551433086395264 -804
0.8598597049713135 -804
0.8633859157562256 -803
0.8678741455078125 -803
0.8714418411254883 -808
0.8752052783966064 -808
0.879784345626831 -808
0.8832387924194336 -804
0.8917515277862549 -805
0.8952960968017578 -804
0.900317907333374 -806
0.9049203395843506 -808
0.9093835353851318 -805
0.9129440784454346 -802
0.9172053337097168 -804
0.9214794635772705 -804
0.9252772331237793 -805
0.9298431873321533 -803
0.9333720207214355 -808
0.9378392696380615 -806
0.9413855075836182 -804
0.9451644420623779 -803
0.9494826793670654 -806
0.9532084465026855 -806
0.9587612152099609 -802
0.9623181819915771 -805
0.9660871028900146 -805
0.9706401824951172 -805
0.9743151664733887 -807
0.9789164066314697 -805
0.9824824333190918 -801
0.9862542152404785 -803
0.9907732009887695 -806
0.9944591522216797 -805
0.9988434314727783 -806
