0 0 
0.0023648738861083984 0
0.008179664611816406 0
0.01190328598022461 0
0.015390157699584961 -8
0.020131349563598633 -22
0.025893211364746094 -90
0.03073573112487793 -23
0.03430676460266113 -126
0.038858890533447266 -189
0.042435407638549805 -152
0.04826664924621582 -227
0.05205273628234863 -268
0.05554533004760742 -293
0.061415910720825195 -322
0.06518077850341797 -343
0.06945943832397461 -376
0.07529592514038086 -396
0.07962679862976074 -400
0.08330893516540527 -417
0.08729863166809082 -426
0.09155011177062988 -448
0.09815764427185059 -457
0.1019740104675293 -466
0.10548210144042969 -473
0.11013031005859375 -485
0.11598014831542969 -498
0.12049603462219238 -505
0.12407422065734863 -514
0.1283435821533203 -520
0.13219642639160156 -530
0.13738584518432617 -540
0.14153766632080078 -541
0.14530229568481445 -544
0.15204143524169922 -551
0.1555943489074707 -558
0.16045022010803223 -560
0.16402673721313477 -567
0.16829514503479004 -572
0.17409253120422363 -578
0.17923259735107422 -583
0.18278789520263672 -583
0.1865379810333252 -586
0.19119620323181152 -585
0.19684791564941406 -589
0.20134830474853516 -592
0.2050938606262207 -592
0.20963001251220703 -596
0.21317005157470703 -599
0.21927690505981445 -603
0.22283124923706055 -603
0.22656726837158203 -603
0.23290562629699707 -608
0.236663818359375 -605
0.2411186695098877 -607
0.24488472938537598 -610
0.2492213249206543 -613
0.25502467155456543 -612
0.25933146476745605 -614
0.26296329498291016 -614
0.26673007011413574 -614
0.2713806629180908 -612
0.2779810428619385 -614
0.2815284729003906 -617
0.2852904796600342 -618
0.2895684242248535 -619
0.293121337890625 -623
0.2999696731567383 -619
0.30349111557006836 -619
0.30797696113586426 -620
0.3115262985229492 -617
0.31529903411865234 -617
0.32134246826171875 -624
0.33029603958129883 -623
0.33600759506225586 -625
0.3407175540924072 -625
0.3443155288696289 -624
0.34897756576538086 -622
0.3525691032409668 -623
0.35865235328674316 -623
0.36223649978637695 -624
0.3660092353820801 -624
0.3723740577697754 -628
0.3761718273162842 -626
0.3807048797607422 -625
0.38431334495544434 -622
0.3889768123626709 -623
0.39479804039001465 -625
0.3991086483001709 -624
0.4027721881866455 -625
0.406552791595459 -632
0.411008358001709 -628
0.416623592376709 -626
0.42112135887145996 -626
0.42490530014038086 -625
0.4292116165161133 -623
0.4327716827392578 -623
0.43934011459350586 -629
0.4429168701171875 -627
0.44670748710632324 -631
0.45136141777038574 -630
0.45510125160217285 -626
0.46098804473876953 -627
0.4647393226623535 -626
0.4690835475921631 -627
0.474956750869751 -627
0.4792599678039551 -631
0.4829123020172119 -626
0.4866611957550049 -632
0.491119384765625 -630
0.49677515029907227 -628
0.5012679100036621 -625
0.5050351619720459 -629
0.5095005035400391 -625
0.5130565166473389 -629
0.5198974609375 -628
0.5233612060546875 -632
0.5273697376251221 -628
0.5314805507659912 -628
0.5352497100830078 -627
0.5411200523376465 -626
0.5448789596557617 -626
0.5491559505462646 -627
0.554973840713501 -629
0.5592749118804932 -628
0.5628163814544678 -631
0.5665879249572754 -627
0.5713026523590088 -627
0.5773274898529053 -624
0.5815889835357666 -627
0.5853688716888428 -624
0.5899145603179932 -632
0.5933897495269775 -630
0.6001396179199219 -631
0.6038599014282227 -628
0.6081299781799316 -629
0.6119308471679688 -627
0.615454912185669 -623
0.6213414669036865 -626
0.6250936985015869 -626
0.6304490566253662 -627
0.6340742111206055 -630
0.639939546585083 -632
0.6433706283569336 -630
0.6473689079284668 -625
0.6535611152648926 -625
0.6580870151519775 -625
0.6616213321685791 -626
0.6653964519500732 -628
0.6700615882873535 -630
0.6756229400634766 -630
0.6803338527679443 -629
0.6839790344238281 -629
0.6882455348968506 -624
0.6921999454498291 -623
0.6988070011138916 -626
0.7023756504058838 -624
0.7061378955841064 -627
0.7108252048492432 -629
0.7144839763641357 -631
0.7204484939575195 -629
0.7267460823059082 -623
0.7343263626098633 -624
0.7390522956848145 -623
0.742609977722168 -625
0.746347188949585 -625
0.7510795593261719 -630
0.7567284107208252 -629
0.7612264156341553 -630
0.7650020122528076 -627
0.7693076133728027 -626
0.7728555202484131 -626
0.7789046764373779 -625
0.7824945449829102 -625
0.7863938808441162 -626
0.7928025722503662 -631
0.7965960502624512 -629
0.8010885715484619 -624
0.8048291206359863 -628
0.8092646598815918 -626
0.81504225730896 -625
0.8193387985229492 -627
0.8229491710662842 -629
0.8266868591308594 -626
0.8311491012573242 -627
0.836784839630127 -626
0.841418981552124 -625
0.8451590538024902 -622
0.849454402923584 -624
0.853022575378418 -626
0.859055757522583 -628
0.8626222610473633 -628
0.8663780689239502 -631
0.8722872734069824 -629
0.8760535717010498 -629
0.8805668354034424 -621
0.8862247467041016 -623
0.8907489776611328 -623
0.8944392204284668 -624
0.8988611698150635 -625
0.9024250507354736 -628
0.9090147018432617 -629
0.9126811027526855 -626
0.9164564609527588 -626
0.9209284782409668 -624
0.9245996475219727 -623
0.9301278591156006 -626
0.9336292743682861 -625
0.9381375312805176 -628
0.94211745262146 -629
0.9456174373626709 -630
0.9502890110015869 -629
0.9539504051208496 -628
0.9591929912567139 -623
0.9627676010131836 -623
0.9665138721466064 -625
0.9712026119232178 -624
0.9749524593353271 -630
0.9792661666870117 -630
0.9828283786773682 -631
0.9865760803222656 -630
0.9912052154541016 -630
0.9949557781219482 -623
0.9992938041687012 -625
