0 0 
0.0031282901763916016 0
0.007045745849609375 0
0.010516881942749023 3
0.016651391983032227 8
0.021100521087646484 13
0.02895975112915039 40
0.03542590141296387 35
0.04113912582397461 191
0.045696258544921875 275
0.04923820495605469 271
0.05383563041687012 314
0.05953621864318848 371
0.0641477108001709 393
0.06999683380126953 420
0.07448768615722656 442
0.07802057266235352 470
0.08418011665344238 485
0.08778262138366699 517
0.09810972213745117 531
0.10184669494628906 540
0.1070864200592041 554
0.11058974266052246 568
0.11645150184631348 578
0.12115287780761719 585
0.12753653526306152 615
0.1363985538482666 619
0.14066362380981445 624
0.14601850509643555 638
0.1502819061279297 637
0.15573763847351074 648
0.16233134269714355 655
0.16733026504516602 661
0.1714763641357422 671
0.17667412757873535 672
0.1804523468017578 681
0.18784856796264648 679
0.19161534309387207 686
0.2033679485321045 694
0.20789718627929688 699
0.2118673324584961 698
0.21711993217468262 698
0.2206284999847412 701
0.22663331031799316 705
0.23041129112243652 708
0.23775696754455566 713
0.24385404586791992 714
0.24749064445495605 712
0.2512516975402832 713
0.25780725479125977 714
0.2616293430328369 719
0.26607179641723633 721
0.26981592178344727 724
0.27414917945861816 727
0.2799677848815918 722
0.28430747985839844 722
0.2878742218017578 725
0.2916452884674072 721
0.2960987091064453 728
0.30422353744506836 732
0.3078162670135498 731
0.31404566764831543 730
0.3176593780517578 731
0.3213980197906494 729
0.3277626037597656 727
0.33155012130737305 729
0.33603453636169434 733
0.3397817611694336 735
0.34409284591674805 734
0.3499283790588379 734
0.3542749881744385 733
0.36188769340515137 733
0.3666095733642578 735
0.37169718742370605 734
0.3790128231048584 736
0.3842191696166992 732
0.38860225677490234 736
0.3939321041107178 739
0.39977455139160156 737
0.40438079833984375 738
0.40795326232910156 740
0.4117307662963867 738
0.4164462089538574 736
0.42297911643981934 736
0.4265446662902832 736
0.43029069900512695 739
0.4350321292877197 737
0.4385261535644531 739
0.44553279876708984 738
0.4492228031158447 736
0.45368075370788574 734
0.45726847648620605 733
0.4630441665649414 739
0.46660637855529785 738
0.47037625312805176 739
0.4769480228424072 741
0.48053431510925293 739
0.48512935638427734 735
0.48862767219543457 736
0.49312448501586914 739
0.49910640716552734 741
0.5036625862121582 741
0.507260799407959 737
0.5109930038452148 739
0.5154159069061279 739
0.5211226940155029 736
0.5255880355834961 737
0.5292656421661377 741
0.5337522029876709 742
0.5373332500457764 740
0.5438888072967529 742
0.5474624633789062 739
0.5512285232543945 738
0.5558843612670898 738
0.5595362186431885 741
0.5654056072235107 741
0.569037914276123 740
0.5733015537261963 738
0.5782294273376465 739
0.5823357105255127 736
0.58642578125 737
0.5929827690124512 744
0.6003081798553467 743
0.6050364971160889 743
0.6085243225097656 738
0.6146302223205566 737
0.6182043552398682 737
0.6223983764648438 741
0.6289565563201904 743
0.6332077980041504 743
0.6369748115539551 741
0.6404690742492676 738
0.6450259685516357 738
0.6505990028381348 740
0.6553106307983398 740
0.6589310169219971 740
0.6631932258605957 743
0.6669795513153076 742
0.6733462810516357 739
0.6773049831390381 737
0.6810693740844727 737
0.6855409145355225 740
0.6890954971313477 743
0.6949245929718018 742
0.6983656883239746 744
0.7023451328277588 742
0.7078843116760254 739
0.7115938663482666 736
0.7160649299621582 740
0.7217814922332764 743
0.7262594699859619 741
0.7299892902374268 742
0.7344911098480225 742
0.7402653694152832 741
0.7445471286773682 737
0.7480742931365967 738
0.7518234252929688 741
0.7563512325286865 743
0.7619497776031494 740
0.766442060470581 741
0.7701461315155029 741
0.7744107246398926 739
0.7779600620269775 737
0.7839961051940918 741
0.7875781059265137 741
0.7913463115692139 743
0.7978379726409912 742
0.8016273975372314 740
0.8060698509216309 738
0.8097984790802002 739
0.8140749931335449 740
0.8198978900909424 741
0.8250494003295898 745
0.8285319805145264 741
0.8330771923065186 741
0.8370189666748047 737
0.8433833122253418 738
0.8471651077270508 741
0.8506691455841064 743
0.8555970191955566 743
0.8591716289520264 743
0.8650403022766113 741
0.8685503005981445 740
0.8729887008666992 738
0.8789150714874268 742
0.8831925392150879 746
0.8869838714599609 742
0.8904843330383301 742
0.8970422744750977 743
0.9006080627441406 738
0.905181884765625 737
0.9089360237121582 738
0.9131696224212646 739
0.9191172122955322 740
0.9236290454864502 741
0.9272279739379883 743
0.9309449195861816 740
0.9353785514831543 740
0.9410843849182129 739
0.9456357955932617 743
0.9492175579071045 741
0.9536690711975098 743
0.9573848247528076 744
0.9632053375244141 738
0.9671897888183594 737
0.9706883430480957 740
0.9765899181365967 737
0.9803645610809326 739
0.9846742153167725 742
0.9904654026031494 743
0.995072603225708 739
