0 0 
0.0022232532501220703 0
0.008146524429321289 0
0.011674165725708008 -2
0.015398502349853516 -2
0.01995563507080078 -7
0.02561783790588379 -49
0.030379533767700195 -12
0.03405141830444336 -35
0.03863096237182617 -145
0.042189836502075195 -169
0.0477137565612793 -187
0.054022789001464844 -227
0.05844926834106445 -247
0.06200861930847168 -254
0.06576108932495117 -280
0.07022428512573242 -289
0.0759429931640625 -297
0.08044123649597168 -312
0.08417010307312012 -328
0.08851480484008789 -341
0.09208321571350098 -358
0.09935140609741211 -367
0.10278511047363281 -378
0.10675811767578125 -388
0.11102461814880371 -396
0.1148977279663086 -399
0.120758056640625 -403
0.12450122833251953 -409
0.1289360523223877 -415
0.13477373123168945 -417
0.139329195022583 -422
0.1427595615386963 -426
0.1467723846435547 -432
0.15085101127624512 -438
0.15738725662231445 -442
0.16099905967712402 -449
0.16476202011108398 -449
0.16949915885925293 -452
0.17303872108459473 -456
0.17978882789611816 -456
0.18343019485473633 -458
0.18770265579223633 -459
0.19148802757263184 -462
0.19500088691711426 -461
0.20083951950073242 -465
0.20462656021118164 -468
0.2089707851409912 -470
0.21481752395629883 -473
0.21934795379638672 -474
0.22280359268188477 -477
0.22678518295288086 -474
0.23103928565979004 -477
0.2376406192779541 -476
0.24142026901245117 -474
0.24494671821594238 -473
0.2495250701904297 -477
0.25530505180358887 -479
0.2600057125091553 -482
0.26364731788635254 -485
0.26814699172973633 -486
0.2717325687408447 -483
0.2783339023590088 -483
0.28191232681274414 -485
0.28570055961608887 -481
0.29041147232055664 -481
0.29415440559387207 -481
0.3000178337097168 -482
0.3036165237426758 -481
0.3081040382385254 -487
0.3137657642364502 -489
0.31827306747436523 -490
0.3218560218811035 -488
0.32569003105163574 -488
0.330211877822876 -486
0.3358471393585205 -484
0.3403174877166748 -483
0.34399867057800293 -482
0.35215163230895996 -489
0.3583970069885254 -489
0.36198925971984863 -490
0.3657553195953369 -489
0.37230443954467773 -489
0.3761115074157715 -488
0.3807039260864258 -486
0.38446474075317383 -485
0.38892102241516113 -486
0.3947014808654785 -488
0.39902472496032715 -487
0.40290164947509766 -489
0.40683436393737793 -487
0.4110379219055176 -489
0.4176456928253174 -491
0.42144298553466797 -491
0.42497873306274414 -490
0.4295616149902344 -490
0.43331050872802734 -486
0.4389345645904541 -485
0.44249820709228516 -488
0.44623756408691406 -488
0.45258355140686035 -492
0.4567441940307617 -488
0.4608621597290039 -489
0.46461033821105957 -491
0.46931886672973633 -491
0.4748663902282715 -491
0.4794478416442871 -491
0.4832737445831299 -487
0.4875497817993164 -486
0.49334716796875 -487
0.4976804256439209 -484
0.5014998912811279 -489
0.5050191879272461 -489
0.5097098350524902 -492
0.5153775215148926 -491
0.5201308727264404 -493
0.5237419605255127 -489
0.5283868312835693 -489
0.5319874286651611 -487
0.5380282402038574 -485
0.5416398048400879 -490
0.5453946590423584 -489
0.551846981048584 -491
0.555652379989624 -492
0.5601503849029541 -494
0.5637423992156982 -492
0.5682404041290283 -491
0.5740244388580322 -490
0.5784702301025391 -484
0.5820412635803223 -485
0.5857887268066406 -486
0.590442419052124 -487
0.5961024761199951 -488
0.6005716323852539 -493
0.6043429374694824 -490
0.6086945533752441 -492
0.61224365234375 -489
0.6182572841644287 -490
0.6218373775482178 -488
0.6256098747253418 -488
0.6318855285644531 -490
0.6356935501098633 -486
0.6401805877685547 -486
0.643756628036499 -488
0.6484243869781494 -490
0.6542654037475586 -490
0.6585497856140137 -493
0.6621429920196533 -492
0.6659471988677979 -488
0.6705789566040039 -489
0.6762306690216064 -488
0.6807065010070801 -488
0.6844444274902344 -485
0.6887471675872803 -488
0.6923015117645264 -490
0.6988966464996338 -491
0.7024617195129395 -491
0.7062475681304932 -491
0.7108919620513916 -493
0.7146730422973633 -490
0.720557451248169 -490
0.7243466377258301 -489
0.7288904190063477 -484
0.734687089920044 -486
0.739006519317627 -485
0.7425329685211182 -487
0.7462677955627441 -490
0.7547223567962646 -491
0.7607190608978271 -491
0.7644710540771484 -492
0.7712974548339844 -489
0.7749042510986328 -487
0.7799501419067383 -487
0.783545970916748 -488
0.7881450653076172 -488
0.7937750816345215 -489
0.7983577251434326 -489
0.8019490242004395 -490
0.8056998252868652 -492
0.8102002143859863 -490
0.8158760070800781 -490
0.8203656673431396 -490
0.8240509033203125 -487
0.8286247253417969 -485
0.832188606262207 -488
0.8382139205932617 -488
0.8417913913726807 -489
0.8455357551574707 -491
0.8518984317779541 -492
0.855708122253418 -493
0.8601853847503662 -492
0.8637666702270508 -491
0.8682820796966553 -487
0.8739912509918213 -489
0.8783977031707764 -487
0.8819806575775146 -487
0.8857705593109131 -488
0.8904209136962891 -487
0.8960962295532227 -487
0.9005672931671143 -491
0.9043283462524414 -491
0.9088456630706787 -490
0.9124970436096191 -489
0.9185342788696289 -490
0.9221434593200684 -487
0.9259335994720459 -489
0.9322125911712646 -487
0.9359891414642334 -490
0.940483570098877 -488
0.9442074298858643 -492
0.9486887454986572 -491
0.9545211791992188 -494
0.9588413238525391 -490
0.9624040126800537 -491
0.9661538600921631 -488
0.9706478118896484 -490
0.976264238357544 -484
0.9807465076446533 -488
0.9845130443572998 -488
0.988837480545044 -487
0.9923837184906006 -492
0.9989397525787354 -490
