0 0 
0.0031881332397460938 0
0.006812095642089844 0
0.012825727462768555 -3
0.016938209533691406 -3
0.021155357360839844 -8
0.025757551193237305 -8
0.029278278350830078 -14
0.03516864776611328 -23
0.03901028633117676 -41
0.0433344841003418 -151
0.04919624328613281 -173
0.05376768112182617 -190
0.057211875915527344 -199
0.06174206733703613 -212
0.0674285888671875 -230
0.07198238372802734 -241
0.07587218284606934 -259
0.07940125465393066 -263
0.0843348503112793 -286
0.08999776840209961 -298
0.0944972038269043 -298
0.10261797904968262 -320
0.10646700859069824 -324
0.1102297306060791 -333
0.11521053314208984 -338
0.12186479568481445 -341
0.12585067749023438 -348
0.12940502166748047 -349
0.1340649127960205 -354
0.13975119590759277 -363
0.14449334144592285 -364
0.14807963371276855 -368
0.15256047248840332 -375
0.15616154670715332 -375
0.16199588775634766 -381
0.16589927673339844 -382
0.16940999031066895 -385
0.1760711669921875 -386
0.17986679077148438 -388
0.1843705177307129 -387
0.18799376487731934 -390
0.19245409965515137 -390
0.19811081886291504 -391
0.2027883529663086 -394
0.206390380859375 -397
0.21014761924743652 -399
0.21472549438476562 -401
0.22041559219360352 -404
0.2249138355255127 -406
0.2286677360534668 -404
0.2329566478729248 -405
0.2365431785583496 -405
0.24331951141357422 -403
0.24689960479736328 -403
0.25066184997558594 -405
0.2551398277282715 -405
0.2588818073272705 -404
0.2649214267730713 -408
0.2687413692474365 -407
0.27309465408325195 -408
0.2789168357849121 -409
0.2832217216491699 -412
0.28676533699035645 -412
0.2905139923095703 -411
0.29497790336608887 -411
0.3006129264831543 -410
0.3050975799560547 -409
0.3088521957397461 -410
0.3131744861602783 -410
0.31676197052001953 -410
0.32376909255981445 -410
0.32721376419067383 -411
0.3318319320678711 -410
0.33539557456970215 -411
0.3392012119293213 -413
0.34504055976867676 -413
0.3487875461578369 -413
0.3550536632537842 -413
0.35883092880249023 -413
0.3631622791290283 -413
0.3667471408843994 -411
0.3705155849456787 -412
0.37717700004577637 -409
0.38120365142822266 -408
0.38568115234375 -413
0.3892192840576172 -412
0.3938024044036865 -414
0.3993406295776367 -414
0.4041261672973633 -415
0.40779781341552734 -416
0.4120802879333496 -414
0.4158897399902344 -414
0.42244958877563477 -414
0.4260671138763428 -410
0.4298381805419922 -411
0.4343254566192627 -412
0.4399538040161133 -413
0.44466447830200195 -415
0.44834351539611816 -418
0.4527587890625 -416
0.45636749267578125 -415
0.4624006748199463 -416
0.4660146236419678 -416
0.46976566314697266 -413
0.476137638092041 -413
0.47995972633361816 -413
0.48456645011901855 -412
0.4882774353027344 -409
0.4926896095275879 -412
0.4983866214752197 -414
0.5066027641296387 -416
0.5103738307952881 -419
0.5150294303894043 -416
0.5187897682189941 -417
0.5248134136199951 -416
0.5285813808441162 -413
0.5330846309661865 -413
0.5389261245727539 -413
0.5432693958282471 -413
0.5468213558197021 -413
0.5505828857421875 -414
0.5550744533538818 -413
0.5606915950775146 -414
0.5654151439666748 -413
0.5692105293273926 -418
0.5737731456756592 -415
0.5773625373840332 -419
0.5841541290283203 -415
0.5878176689147949 -415
0.5921568870544434 -416
0.5959563255310059 -412
0.6011209487915039 -413
0.605341911315918 -411
0.6090924739837646 -413
0.6134281158447266 -415
0.6192812919616699 -417
0.624178409576416 -415
0.6278305053710938 -415
0.6321446895599365 -419
0.6382694244384766 -414
0.6427254676818848 -416
0.6463124752044678 -415
0.6501185894012451 -414
0.6546070575714111 -412
0.6602847576141357 -413
0.6648156642913818 -411
0.6685616970062256 -415
0.6728897094726562 -416
0.6765937805175781 -414
0.6828546524047852 -413
0.6864485740661621 -419
0.6902198791503906 -416
0.6966052055358887 -413
0.700390100479126 -417
0.7049095630645752 -416
0.7087211608886719 -415
0.7130801677703857 -413
0.7189199924468994 -411
0.7233078479766846 -413
0.7268903255462646 -414
0.7306537628173828 -412
0.7351715564727783 -416
0.7417383193969727 -415
0.7457420825958252 -418
0.7492668628692627 -418
0.7538566589355469 -418
0.7573792934417725 -416
0.7644283771514893 -414
0.7680232524871826 -413
0.7725362777709961 -411
0.7761335372924805 -412
0.7819662094116211 -412
0.7857873439788818 -411
0.790292501449585 -417
0.7967352867126465 -416
0.8005256652832031 -415
0.805171012878418 -416
0.8089118003845215 -417
0.8131980895996094 -416
0.8190081119537354 -414
0.8233726024627686 -417
0.8269455432891846 -411
0.8307068347930908 -411
0.835209846496582 -414
0.8412251472473145 -412
0.8453483581542969 -414
0.8490958213806152 -412
0.8534464836120605 -417
0.857142448425293 -416
0.8632247447967529 -416
0.8667936325073242 -417
0.8705611228942871 -416
0.8769659996032715 -413
0.8811547756195068 -415
0.8852763175964355 -413
0.8890523910522461 -414
0.8937699794769287 -411
0.9029929637908936 -415
0.9077987670898438 -414
0.9120945930480957 -415
0.9160783290863037 -417
0.9220328330993652 -418
0.926170825958252 -417
0.929912805557251 -416
0.9364571571350098 -415
0.94024658203125 -415
0.9447128772735596 -414
0.9483969211578369 -412
0.9528017044067383 -412
0.9586458206176758 -413
0.9629433155059814 -412
0.9665827751159668 -412
0.9703614711761475 -416
0.9748499393463135 -417
0.9805037975311279 -415
0.985175371170044 -417
0.9889132976531982 -416
0.9932684898376465 -414
0.9968678951263428 -412
