0 0 
0.0025925636291503906 0
0.008608341217041016 0
0.012792587280273438 3
0.017335891723632812 9
0.02109360694885254 9
0.02665233612060547 26
0.030182600021362305 195
0.03393673896789551 73
0.039813995361328125 214
0.04359602928161621 295
0.048166751861572266 323
0.05519366264343262 362
0.0593411922454834 399
0.06305551528930664 405
0.067718505859375 435
0.07128238677978516 473
0.07724976539611816 496
0.08076143264770508 502
0.08526754379272461 534
0.09110546112060547 549
0.09540271759033203 565
0.09920287132263184 588
0.10272097587585449 597
0.10729074478149414 615
0.1130518913269043 630
0.11778831481933594 638
0.12137413024902344 646
0.12589311599731445 656
0.13150262832641602 673
0.13619589805603027 686
0.13977313041687012 692
0.1435222625732422 699
0.14797019958496094 701
0.15361952781677246 713
0.15813827514648438 723
0.1619861125946045 727
0.16628122329711914 736
0.16988563537597656 740
0.1760556697845459 747
0.17962169647216797 746
0.18338823318481445 752
0.18981599807739258 756
0.1936049461364746 765
0.19804716110229492 762
0.2017054557800293 772
0.2060863971710205 777
0.21196794509887695 775
0.21630477905273438 776
0.2198941707611084 781
0.22364211082458496 783
0.2281191349029541 786
0.23618793487548828 796
0.2427222728729248 794
0.24833917617797852 799
0.2520918846130371 799
0.2565758228302002 799
0.2601161003112793 802
0.26384520530700684 802
0.26863861083984375 802
0.27530574798583984 804
0.2791411876678467 802
0.2826578617095947 807
0.28725099563598633 808
0.2907381057739258 813
0.2967565059661865 813
0.3003406524658203 815
0.3040812015533447 812
0.3105812072753906 811
0.3145630359649658 813
0.31865882873535156 814
0.322418212890625 817
0.3267195224761963 817
0.3326091766357422 820
0.3371908664703369 817
0.3406715393066406 819
0.3451061248779297 821
0.3486771583557129 824
0.3552687168121338 822
0.3592519760131836 824
0.36274051666259766 822
0.3673079013824463 820
0.37102603912353516 819
0.3766350746154785 824
0.38018321990966797 823
0.38393425941467285 826
0.39017558097839355 825
0.39394593238830566 824
0.39858150482177734 824
0.4024195671081543 826
0.4067080020904541 827
0.4125549793243408 828
0.4172999858856201 826
0.4210236072540283 825
0.4252774715423584 824
0.4287848472595215 825
0.4353928565979004 826
0.4391763210296631 826
0.4426851272583008 826
0.44727110862731934 826
0.4507601261138916 824
0.4574923515319824 825
0.461132287979126 825
0.4654073715209961 828
0.46918821334838867 828
0.47271275520324707 829
0.4787430763244629 829
0.4826023578643799 827
0.48910045623779297 825
0.49260687828063965 827
0.49716877937316895 828
0.5006809234619141 833
0.5051689147949219 827
0.5110626220703125 826
0.5153250694274902 826
0.5191235542297363 828
0.5226237773895264 829
0.5274267196655273 832
0.5331077575683594 832
0.5377712249755859 832
0.5413389205932617 829
0.5457916259765625 827
0.5493812561035156 831
0.5559194087982178 833
0.5595042705535889 830
0.5632519721984863 828
0.5677645206451416 827
0.571403980255127 825
0.5773162841796875 830
0.581031084060669 832
0.5854856967926025 833
0.5912778377532959 833
0.5959277153015137 832
0.5995264053344727 827
0.6032710075378418 827
0.607750415802002 826
0.6133558750152588 829
0.6178898811340332 830
0.6214945316314697 829
0.6259610652923584 830
0.6295132637023926 829
0.6352849006652832 827
0.6391100883483887 830
0.647261381149292 830
0.6527688503265381 830
0.6578450202941895 831
0.6614184379577637 826
0.6660189628601074 830
0.6695976257324219 832
0.676262378692627 829
0.6798174381256104 830
0.683568000793457 828
0.6880314350128174 829
0.6916625499725342 829
0.697540283203125 831
0.7011888027191162 830
0.7055058479309082 829
0.7113523483276367 829
0.7160389423370361 828
0.7196094989776611 828
0.7233655452728271 830
0.727869987487793 833
0.7335171699523926 830
0.7380013465881348 829
0.7416517734527588 829
0.7460246086120605 827
0.7517240047454834 829
0.7561295032501221 827
0.7597122192382812 833
0.7635066509246826 828
0.7679717540740967 832
0.7735812664031982 829
0.778221607208252 827
0.7819316387176514 830
0.7865049839019775 832
0.7900590896606445 832
0.7961173057556152 830
0.7997081279754639 831
0.8034663200378418 828
0.8097920417785645 831
0.8135809898376465 833
0.8180327415466309 832
0.8216981887817383 832
0.8260653018951416 827
0.8317437171936035 830
0.8362903594970703 829
0.8398516178131104 830
0.8435993194580078 831
0.8480346202850342 833
0.8536572456359863 830
0.8581662178039551 828
0.8618984222412109 827
0.8662233352661133 831
0.8697741031646729 833
0.8763129711151123 832
0.8799111843109131 831
0.8836665153503418 829
0.8881428241729736 829
0.8918724060058594 830
0.8979065418243408 831
0.9014906883239746 834
0.9059722423553467 831
0.9117991924285889 830
0.9163510799407959 831
0.9199154376983643 827
0.923708438873291 828
0.9281718730926514 833
0.9337868690490723 832
0.938370943069458 834
0.9420967102050781 831
0.9464263916015625 827
0.952202558517456 829
0.9566764831542969 829
0.9602088928222656 828
0.9639558792114258 828
0.968658447265625 831
0.9752311706542969 829
0.9787743091583252 830
0.9825444221496582 833
0.9870762825012207 831
0.9904851913452148 832
0.9964437484741211 832
0.9999852180480957 829
