0 0 
0.0022194385528564453 0
0.008533239364624023 3
0.012063741683959961 3
0.015767335891723633 8
0.020279407501220703 19
0.02594304084777832 22
0.030420303344726562 41
0.03412008285522461 35
0.03852987289428711 138
0.042096614837646484 242
0.0481417179107666 282
0.05169391632080078 329
0.055435895919799805 406
0.0685575008392334 451
0.0748896598815918 481
0.0796353816986084 489
0.08344602584838867 515
0.08776116371154785 543
0.09365057945251465 558
0.09810709953308105 580
0.10170507431030273 597
0.10547757148742676 600
0.11189603805541992 618
0.11571907997131348 627
0.12025237083435059 632
0.12402939796447754 652
0.12859678268432617 671
0.13440299034118652 678
0.1387770175933838 689
0.1423177719116211 687
0.14607620239257812 697
0.1506175994873047 705
0.1562511920928955 714
0.1607358455657959 717
0.1644759178161621 725
0.1688828468322754 730
0.172438383102417 738
0.17849206924438477 742
0.18210077285766602 742
0.18587541580200195 749
0.19180059432983398 748
0.19557714462280273 755
0.20008158683776855 762
0.2057788372039795 765
0.21045804023742676 772
0.21423077583312988 769
0.21862316131591797 771
0.2222435474395752 779
0.2288191318511963 779
0.23236656188964844 781
0.23612761497497559 783
0.2406597137451172 785
0.24443507194519043 786
0.2504892349243164 784
0.25426316261291504 791
0.2605605125427246 794
0.2643558979034424 799
0.2686588764190674 795
0.272296667098999 799
0.2760803699493408 795
0.28244543075561523 796
0.2862522602081299 799
0.29073619842529297 801
0.29452013969421387 803
0.2988464832305908 806
0.3046224117279053 803
0.3091237545013428 804
0.3126683235168457 804
0.31641316413879395 805
0.320889949798584 808
0.32744693756103516 810
0.3310048580169678 811
0.3348369598388672 808
0.3395731449127197 807
0.3430943489074707 807
0.3489518165588379 810
0.3524959087371826 812
0.3562896251678467 816
0.3625469207763672 811
0.3699817657470703 812
0.374814510345459 812
0.3795468807220459 815
0.38307881355285645 818
0.3901054859161377 817
0.39368128776550293 813
0.39830708503723145 815
0.401897668838501 813
0.40772509574890137 815
0.41160011291503906 813
0.41512537002563477 819
0.42177653312683105 816
0.4255666732788086 813
0.4302349090576172 814
0.4338243007659912 817
0.4383378028869629 817
0.4440629482269287 818
0.448483943939209 818
0.4520566463470459 817
0.4558098316192627 816
0.46028828620910645 813
0.46597933769226074 819
0.47068095207214355 819
0.4744417667388916 819
0.4787778854370117 819
0.48233556747436523 818
0.48908019065856934 815
0.49285030364990234 815
0.4969000816345215 822
0.5009739398956299 820
0.5047311782836914 820
0.5114915370941162 820
0.515066385269165 821
0.5196723937988281 816
0.5234050750732422 818
0.5276579856872559 820
0.533430814743042 818
0.5387182235717773 819
0.5422854423522949 820
0.5460460186004639 816
0.5507264137268066 821
0.5563640594482422 821
0.5608508586883545 823
0.5645837783813477 819
0.5688490867614746 822
0.5724132061004639 817
0.5784485340118408 817
0.582146167755127 818
0.5858991146087646 823
0.5922441482543945 820
0.5960297584533691 819
0.6006870269775391 819
0.6044173240661621 819
0.6089193820953369 819
0.6147217750549316 820
0.6190471649169922 823
0.6226000785827637 822
0.626317024230957 821
0.6308064460754395 821
0.6368005275726318 821
0.6409893035888672 822
0.644730806350708 821
0.6490161418914795 821
0.6525838375091553 819
0.658621072769165 817
0.6621739864349365 820
0.665926456451416 816
0.6718220710754395 821
0.6755721569061279 821
0.6801490783691406 823
0.685791015625 820
0.6902904510498047 823
0.6938567161560059 818
0.6983492374420166 819
0.7040276527404785 821
0.7084648609161377 824
0.712031364440918 822
0.7157759666442871 819
0.7202961444854736 821
0.7259747982025146 820
0.7306997776031494 822
0.7344496250152588 823
0.7387676239013672 821
0.7423181533813477 819
0.7483468055725098 817
0.7519099712371826 816
0.755683183670044 821
0.7621357440948486 820
0.7658984661102295 822
0.7741215229034424 824
0.7786428928375244 820
0.7822380065917969 820
0.789114236831665 821
0.7926604747772217 822
0.7968928813934326 822
0.8011093139648438 819
0.8048880100250244 818
0.81072998046875 819
0.8144865036010742 818
0.8187930583953857 824
0.8246006965637207 823
0.8289144039154053 820
0.8324735164642334 819
0.8362088203430176 819
0.8406708240509033 819
0.8462996482849121 819
0.8509440422058105 823
0.8547005653381348 820
0.8594098091125488 821
0.8628709316253662 818
0.8695909976959229 821
0.8731186389923096 819
0.8776140213012695 821
0.8811275959014893 820
0.8848788738250732 823
0.8907351493835449 817
0.8944563865661621 820
0.8987891674041748 819
0.9046022891998291 820
0.9090304374694824 821
0.9125986099243164 824
0.916346549987793 823
0.9229049682617188 822
0.926915168762207 820
0.9310564994812012 817
0.9347970485687256 819
0.9390943050384521 822
0.9449095726013184 820
0.949472188949585 818
0.952908992767334 819
0.9569106101989746 818
0.9610178470611572 819
0.9676251411437988 820
0.9715900421142578 827
0.9751064777374268 824
0.9797894954681396 821
0.9834160804748535 817
0.989415168762207 819
0.9928581714630127 817
0.9968540668487549 819
