0 0 
0.002310037612915039 0
0.008213043212890625 0
0.01175236701965332 0
0.015223264694213867 0
0.01991558074951172 -2
0.02559065818786621 -14
0.030472278594970703 -34
0.03414320945739746 -11
0.03876137733459473 -29
0.0423436164855957 -56
0.04645538330078125 -162
0.05390429496765137 -173
0.058393239974975586 -196
0.06200361251831055 -187
0.06576013565063477 -209
0.07026124000549316 -233
0.07597589492797852 -246
0.08047723770141602 -254
0.08413577079772949 -270
0.08870768547058105 -279
0.09227466583251953 -288
0.09889101982116699 -295
0.1024789810180664 -304
0.11086106300354004 -308
0.11460041999816895 -318
0.12059402465820312 -323
0.12438368797302246 -328
0.128920316696167 -332
0.1347341537475586 -337
0.1390388011932373 -339
0.14260435104370117 -343
0.14634990692138672 -348
0.1510000228881836 -352
0.1575932502746582 -356
0.16115808486938477 -358
0.1650066375732422 -359
0.16957497596740723 -360
0.1730365753173828 -361
0.18041706085205078 -362
0.18408918380737305 -361
0.18851423263549805 -363
0.1920773983001709 -366
0.19790220260620117 -369
0.2017045021057129 -365
0.20521140098571777 -372
0.21199417114257812 -374
0.21588540077209473 -375
0.220414400100708 -374
0.22408246994018555 -381
0.22849559783935547 -375
0.23422479629516602 -376
0.23862791061401367 -376
0.24222159385681152 -380
0.2460157871246338 -378
0.25066447257995605 -378
0.25631213188171387 -380
0.2608063220977783 -378
0.26456284523010254 -381
0.2690880298614502 -382
0.2726316452026367 -382
0.278728723526001 -383
0.2822568416595459 -386
0.28600025177001953 -385
0.2923760414123535 -385
0.29616355895996094 -386
0.3006770610809326 -380
0.3044314384460449 -385
0.30874013900756836 -382
0.3145723342895508 -382
0.3189091682434082 -379
0.32245612144470215 -381
0.32621121406555176 -385
0.3309199810028076 -384
0.33701276779174805 -385
0.3411290645599365 -388
0.3448927402496338 -387
0.34925150871276855 -389
0.3529644012451172 -390
0.3589015007019043 -387
0.3624870777130127 -383
0.36625242233276367 -384
0.37265777587890625 -387
0.37644100189208984 -381
0.3811173439025879 -384
0.38487911224365234 -381
0.38959717750549316 -382
0.39516305923461914 -389
0.3997838497161865 -389
0.40358829498291016 -385
0.4078943729400635 -390
0.4136962890625 -389
0.41825127601623535 -387
0.42184877395629883 -390
0.4256019592285156 -384
0.4301259517669678 -385
0.4357485771179199 -385
0.44033217430114746 -384
0.44393086433410645 -383
0.448591947555542 -384
0.4521939754486084 -383
0.45825791358947754 -387
0.4618721008300781 -386
0.46562695503234863 -388
0.47197961807250977 -390
0.4757869243621826 -388
0.48035550117492676 -389
0.4840829372406006 -388
0.48849987983703613 -386
0.49421262741088867 -384
0.4986236095428467 -384
0.5022196769714355 -386
0.5107386112213135 -384
0.5145204067230225 -385
0.5205450057983398 -389
0.5242295265197754 -389
0.5287730693817139 -390
0.534609317779541 -390
0.5390644073486328 -388
0.5426058769226074 -386
0.5463361740112305 -386
0.550804615020752 -384
0.5564181804656982 -383
0.5609667301177979 -385
0.564723014831543 -383
0.569166898727417 -383
0.5727262496948242 -385
0.5796470642089844 -387
0.5831680297851562 -386
0.5876240730285645 -388
0.5912215709686279 -388
0.5949990749359131 -388
0.6008696556091309 -386
0.6046080589294434 -386
0.6108713150024414 -387
0.6146395206451416 -384
0.6189708709716797 -386
0.6225214004516602 -383
0.6262784004211426 -385
0.6321964263916016 -385
0.635974645614624 -387
0.6406104564666748 -387
0.6462767124176025 -387
0.6507925987243652 -388
0.6545696258544922 -388
0.6589047908782959 -389
0.6624534130096436 -387
0.6690471172332764 -386
0.6725924015045166 -387
0.6764590740203857 -388
0.680978536605835 -385
0.6847326755523682 -384
0.6907620429992676 -386
0.694525957107544 -383
0.6988141536712646 -385
0.7046670913696289 -387
0.7090399265289307 -386
0.7126100063323975 -388
0.7163584232330322 -388
0.7227413654327393 -388
0.7265152931213379 -387
0.7310101985931396 -389
0.7347972393035889 -386
0.7391259670257568 -386
0.7449438571929932 -385
0.7496953010559082 -383
0.7532291412353516 -382
0.7577259540557861 -386
0.7612664699554443 -389
0.7678987979888916 -385
0.7718868255615234 -388
0.7756602764129639 -387
0.780174970626831 -390
0.7837252616882324 -387
0.7897515296936035 -389
0.7935445308685303 -386
0.7978456020355225 -384
0.8037633895874023 -384
0.8083972930908203 -384
0.8120052814483643 -383
0.8157675266265869 -385
0.8202736377716064 -388
0.825941801071167 -387
0.8304295539855957 -385
0.8341197967529297 -386
0.8385193347930908 -387
0.8420968055725098 -388
0.8486711978912354 -389
0.8522756099700928 -391
0.8560018539428711 -389
0.86065673828125 -387
0.8643975257873535 -384
0.8704550266265869 -384
0.8741185665130615 -384
0.8785414695739746 -385
0.8844022750854492 -387
0.8887465000152588 -387
0.8923285007476807 -387
0.8960940837860107 -388
0.900726318359375 -389
0.9108517169952393 -391
0.9146096706390381 -390
0.9191811084747314 -391
0.9227526187896729 -385
0.929049015045166 -386
0.932600736618042 -382
0.9363417625427246 -384
0.9430475234985352 -385
0.9470384120941162 -385
0.9511418342590332 -387
0.9548993110656738 -387
0.9592230319976807 -388
0.9650483131408691 -389
0.9696776866912842 -390
0.9732053279876709 -389
0.9777169227600098 -390
0.9812705516815186 -390
0.9879028797149658 -386
0.9918854236602783 -385
0.995715856552124 -386
