0 0 
0.004201650619506836 0
0.007976770401000977 0
0.011708974838256836 0
0.016138076782226562 0
0.01981377601623535 2
0.024144887924194336 6
0.027675628662109375 13
0.03421783447265625 30
0.037827253341674805 30
0.04159402847290039 17
0.0462949275970459 27
0.0500028133392334 139
0.061185359954833984 156
0.06567716598510742 169
0.06927013397216797 191
0.07722806930541992 199
0.08081221580505371 199
0.08607077598571777 207
0.09353971481323242 220
0.09733939170837402 228
0.10084199905395508 233
0.10764884948730469 241
0.11143231391906738 244
0.11596035957336426 249
0.11966538429260254 254
0.12416553497314453 256
0.13001585006713867 262
0.13432002067565918 263
0.13790082931518555 265
0.1416473388671875 267
0.14609503746032715 268
0.15173006057739258 278
0.16007351875305176 277
0.16460037231445312 282
0.16816186904907227 286
0.17196917533874512 284
0.1787552833557129 286
0.1832106113433838 292
0.18724656105041504 288
0.19078874588012695 288
0.19545698165893555 290
0.20115256309509277 292
0.2056899070739746 290
0.20926928520202637 293
0.21375250816345215 293
0.21736717224121094 295
0.22423386573791504 297
0.22781801223754883 296
0.23156952857971191 296
0.23607468605041504 298
0.23972415924072266 298
0.24566173553466797 301
0.2492377758026123 299
0.25349926948547363 302
0.25938916206359863 302
0.2639272212982178 301
0.26752376556396484 303
0.27130722999572754 301
0.27772092819213867 300
0.28153181076049805 299
0.2861819267272949 297
0.28993773460388184 300
0.29431724548339844 300
0.3001365661621094 300
0.30445170402526855 300
0.3079953193664551 301
0.3117403984069824 302
0.31640148162841797 301
0.3220641613006592 304
0.32657790184020996 303
0.3303031921386719 304
0.33455538749694824 304
0.338207483291626 305
0.3443930149078369 306
0.3479578495025635 305
0.3517119884490967 305
0.3581094741821289 303
0.36187076568603516 303
0.36632633209228516 301
0.37009763717651367 302
0.37438225746154785 302
0.38019895553588867 303
0.38454723358154297 301
0.3881371021270752 303
0.3918631076812744 303
0.39632105827331543 305
0.40198826789855957 304
0.4066505432128906 303
0.4105241298675537 306
0.41484642028808594 307
0.4185302257537842 304
0.4244379997253418 305
0.4280049800872803 305
0.4317653179168701 306
0.4380958080291748 303
0.44189929962158203 303
0.44652891159057617 303
0.45027995109558105 303
0.4545712471008301 301
0.46039366722106934 300
0.4650917053222656 303
0.46854496002197266 304
0.4725487232208252 304
0.47664499282836914 305
0.4831809997558594 305
0.4867374897003174 306
0.49054980278015137 307
0.4951329231262207 306
0.49860119819641113 305
0.5052971839904785 305
0.5088028907775879 305
0.5132818222045898 306
0.5168139934539795 304
0.5205860137939453 306
0.5266294479370117 305
0.5303759574890137 304
0.5346617698669434 302
0.5404822826385498 302
0.5448043346405029 303
0.548351526260376 299
0.5520877838134766 305
0.5625104904174805 304
0.56675124168396 304
0.5704820156097412 307
0.5753319263458252 307
0.5790557861328125 305
0.5852541923522949 304
0.5887768268585205 304
0.5932881832122803 304
0.5991241931915283 302
0.6034121513366699 304
0.6072225570678711 302
0.6107263565063477 305
0.6159842014312744 303
0.6216278076171875 303
0.6261749267578125 303
0.6299211978912354 304
0.634239912033081 303
0.6377954483032227 305
0.6444649696350098 305
0.648015022277832 305
0.6517782211303711 305
0.6562271118164062 305
0.6618597507476807 302
0.6663370132446289 304
0.6701257228851318 304
0.6744558811187744 304
0.6779952049255371 304
0.6851017475128174 302
0.6885724067687988 303
0.6939473152160645 302
0.6996684074401855 303
0.7042868137359619 303
0.7078509330749512 302
0.7115936279296875 304
0.7160956859588623 306
0.7216796875 305
0.7262001037597656 304
0.7299458980560303 306
0.7342619895935059 305
0.7378160953521729 303
0.744379997253418 304
0.7479462623596191 303
0.751699686050415 305
0.7562153339385986 303
0.7599442005157471 303
0.7659866809844971 303
0.7696895599365234 303
0.774078369140625 302
0.7798247337341309 303
0.784226655960083 302
0.7877883911132812 303
0.7915515899658203 306
0.7961537837982178 307
0.8017919063568115 307
0.8062748908996582 307
0.8100357055664062 306
0.8143234252929688 305
0.8179168701171875 303
0.8246424198150635 304
0.8281621932983398 304
0.831902027130127 302
0.8365414142608643 301
0.8403170108795166 301
0.8461971282958984 302
0.8499372005462646 302
0.8542780876159668 302
0.8600866794586182 303
0.86434006690979 303
0.8678994178771973 304
0.8716657161712646 304
0.8780114650726318 306
0.881767988204956 305
0.8864068984985352 307
0.8901491165161133 306
0.8944644927978516 305
0.8992404937744141 306
0.903536319732666 304
0.9102094173431396 303
0.9146847724914551 302
0.9182338714599609 303
0.9220783710479736 305
0.9267063140869141 303
0.9332485198974609 303
0.9367878437042236 302
0.9405486583709717 303
0.9452743530273438 304
0.9488022327423096 304
0.9555344581604004 305
0.96201491355896 306
0.9676311016082764 305
0.9713802337646484 307
0.9779045581817627 304
0.9816634654998779 305
0.986356258392334 304
0.9901196956634521 303
0.9944515228271484 302
