0 0 
0.0026159286499023438 0
0.007442951202392578 0
0.012061357498168945 0
0.015500307083129883 2
0.019982099533081055 16
0.023520946502685547 47
0.030110597610473633 35
0.03361821174621582 22
0.03740429878234863 103
0.04232215881347656 286
0.047995805740356445 292
0.05251169204711914 356
0.05607461929321289 396
0.06036210060119629 409
0.06414604187011719 461
0.07072591781616211 487
0.07439279556274414 510
0.07814335823059082 537
0.08263659477233887 564
0.08618521690368652 598
0.09204411506652832 609
0.09554767608642578 635
0.10003018379211426 662
0.10606765747070312 687
0.11034321784973145 696
0.1144111156463623 705
0.1181633472442627 718
0.12263917922973633 736
0.12828707695007324 753
0.13280200958251953 760
0.13648033142089844 773
0.14091086387634277 783
0.14447879791259766 798
0.1510021686553955 802
0.15457701683044434 809
0.15842938423156738 818
0.1630713939666748 829
0.16677451133728027 835
0.17264485359191895 841
0.1762218475341797 843
0.1826496124267578 849
0.1862630844116211 861
0.1907351016998291 859
0.194321870803833 874
0.1980726718902588 875
0.2044227123260498 882
0.2082669734954834 881
0.21278667449951172 884
0.2163701057434082 892
0.22100210189819336 896
0.2289106845855713 901
0.23354172706604004 902
0.2401597499847412 906
0.24424004554748535 907
0.24800467491149902 908
0.2526531219482422 914
0.2582685947418213 918
0.26279449462890625 919
0.2665424346923828 919
0.27097129821777344 923
0.27460336685180664 926
0.28084874153137207 929
0.2844538688659668 929
0.2882108688354492 929
0.294602632522583 934
0.2984161376953125 934
0.30289220809936523 936
0.30652761459350586 934
0.3109400272369385 937
0.31664514541625977 938
0.3210477828979492 937
0.32460951805114746 942
0.32848358154296875 942
0.3329637050628662 942
0.33864903450012207 941
0.3433105945587158 944
0.3470449447631836 942
0.3513450622558594 945
0.3548703193664551 948
0.36096644401550293 948
0.3645517826080322 941
0.36829471588134766 945
0.3748457431793213 947
0.37859225273132324 950
0.3830528259277344 947
0.3867988586425781 949
0.39111781120300293 951
0.39693188667297363 951
0.401500940322876 953
0.405048131942749 953
0.40879082679748535 951
0.41327953338623047 952
0.41892027854919434 950
0.42342066764831543 953
0.42716503143310547 953
0.43148374557495117 954
0.43502140045166016 955
0.44112253189086914 951
0.4447448253631592 954
0.44849443435668945 954
0.45484399795532227 950
0.4586155414581299 953
0.46321892738342285 955
0.4669623374938965 953
0.47131824493408203 958
0.477100133895874 960
0.4815082550048828 956
0.4850475788116455 955
0.48882007598876953 957
0.49329090118408203 955
0.49892401695251465 953
0.5036139488220215 958
0.5073776245117188 955
0.512890100479126 956
0.5185134410858154 956
0.5231800079345703 957
0.5269126892089844 958
0.5312275886535645 957
0.5347883701324463 959
0.5385355949401855 954
0.5450706481933594 956
0.5488247871398926 957
0.5532779693603516 959
0.5570211410522461 956
0.561333179473877 956
0.5670816898345947 956
0.5714409351348877 957
0.5749814510345459 957
0.5787022113800049 959
0.5833284854888916 956
0.5893738269805908 958
0.5934839248657227 956
0.5972416400909424 957
0.6015193462371826 960
0.6050629615783691 960
0.6111130714416504 958
0.614677906036377 957
0.618433952331543 957
0.6247448921203613 961
0.6331617832183838 960
0.6369204521179199 959
0.6415021419525146 956
0.6450943946838379 957
0.6520390510559082 958
0.6555333137512207 961
0.6599607467651367 958
0.6634981632232666 956
0.6672496795654297 957
0.6732237339019775 957
0.6769633293151855 960
0.6812739372253418 960
0.6870746612548828 958
0.6913614273071289 957
0.6949186325073242 957
0.6986746788024902 959
0.7033092975616455 957
0.7089149951934814 958
0.7133805751800537 958
0.7171170711517334 958
0.7213845252990723 959
0.7249412536621094 961
0.731515645980835 958
0.7350561618804932 959
0.7387983798980713 960
0.7432534694671631 957
0.7469987869262695 955
0.7528378963470459 958
0.7564966678619385 961
0.7615127563476562 958
0.7650632858276367 962
0.7710888385772705 960
0.7746424674987793 958
0.7783808708190918 962
0.784841775894165 963
0.7886872291564941 958
0.7931408882141113 959
0.7968881130218506 961
0.801166296005249 962
0.8069858551025391 957
0.8112888336181641 961
0.8148274421691895 958
0.8185937404632568 957
0.8232312202453613 959
0.8288347721099854 959
0.8332843780517578 961
0.8370282649993896 958
0.8413052558898926 962
0.8448407649993896 959
0.851372241973877 960
0.854933500289917 960
0.8586635589599609 962
0.8631219863891602 958
0.8668925762176514 960
0.8727691173553467 962
0.8763759136199951 962
0.8823297023773193 960
0.8860013484954834 960
0.8902604579925537 962
0.896230936050415 962
0.9007241725921631 961
0.9043102264404297 960
0.9081869125366211 962
0.9126632213592529 961
0.9183106422424316 958
0.9227979183197021 957
0.9264860153198242 957
0.9308793544769287 962
0.9344537258148193 956
0.9402632713317871 955
0.9442453384399414 959
0.9479856491088867 960
0.9542737007141113 963
0.9580457210540771 960
0.9625306129455566 958
0.9660999774932861 957
0.9703686237335205 958
0.9762041568756104 962
0.9807138442993164 962
0.9843223094940186 962
0.9880654811859131 959
0.9925780296325684 957
0.9982116222381592 958
