0 0 
0.003627777099609375 0
0.00739288330078125 0
0.012045621871948242 0
0.01575469970703125 -2
0.02105402946472168 -7
0.026764869689941406 -15
0.031430721282958984 -40
0.03497719764709473 -40
0.039658546447753906 -18
0.04325103759765625 -62
0.04750251770019531 -139
0.05491995811462402 -159
0.05939316749572754 -174
0.06296610832214355 -185
0.06671023368835449 -192
0.0713357925415039 -203
0.07704377174377441 -218
0.0815277099609375 -224
0.08521366119384766 -233
0.08963775634765625 -243
0.09534597396850586 -257
0.0997319221496582 -263
0.10330319404602051 -267
0.10705995559692383 -278
0.11153697967529297 -281
0.11727356910705566 -290
0.1217658519744873 -297
0.12549257278442383 -298
0.1299893856048584 -301
0.133544921875 -304
0.13962125778198242 -309
0.1432020664215088 -311
0.14696598052978516 -313
0.1533949375152588 -315
0.15718698501586914 -319
0.16171765327453613 -317
0.16548967361450195 -318
0.1698150634765625 -321
0.17564988136291504 -325
0.17998862266540527 -326
0.18353724479675293 -326
0.18726420402526855 -330
0.19189667701721191 -336
0.19757699966430664 -336
0.20208215713500977 -337
0.2058396339416504 -339
0.21017861366271973 -338
0.2137136459350586 -340
0.21973562240600586 -338
0.2233107089996338 -339
0.2270827293395996 -338
0.23355317115783691 -337
0.23732733726501465 -339
0.24177050590515137 -339
0.2454843521118164 -341
0.24995160102844238 -343
0.255765438079834 -343
0.26024603843688965 -342
0.2638590335845947 -344
0.2676076889038086 -347
0.27208828926086426 -347
0.27868223190307617 -347
0.2822597026824951 -347
0.2860078811645508 -346
0.2903270721435547 -345
0.2938854694366455 -344
0.2999267578125 -344
0.30350255966186523 -344
0.3072829246520996 -345
0.31261563301086426 -343
0.31618809700012207 -345
0.3220405578613281 -348
0.32584428787231445 -346
0.33014583587646484 -349
0.33597254753112793 -347
0.3402681350708008 -349
0.3438150882720947 -349
0.34755992889404297 -350
0.35202622413635254 -347
0.3580465316772461 -349
0.3621387481689453 -348
0.3658866882324219 -347
0.37036824226379395 -348
0.3795044422149658 -349
0.3852572441101074 -346
0.38997578620910645 -346
0.3935418128967285 -348
0.3973071575164795 -348
0.40204453468322754 -348
0.40810704231262207 -352
0.4122133255004883 -349
0.41596317291259766 -350
0.4202537536621094 -349
0.4238102436065674 -350
0.4300196170806885 -350
0.4335441589355469 -349
0.437302827835083 -345
0.44364142417907715 -348
0.4474062919616699 -346
0.4518866539001465 -344
0.4556546211242676 -345
0.4600028991699219 -349
0.46578216552734375 -346
0.4700899124145508 -348
0.4736599922180176 -352
0.47739672660827637 -350
0.48195648193359375 -350
0.48758530616760254 -349
0.4922828674316406 -350
0.49605274200439453 -348
0.500359296798706 -350
0.503911018371582 -347
0.5099561214447021 -348
0.513535737991333 -347
0.5172953605651855 -348
0.52264404296875 -348
0.5261681079864502 -347
0.5320096015930176 -348
0.5357561111450195 -347
0.5400354862213135 -351
0.5458555221557617 -352
0.5503809452056885 -353
0.5540652275085449 -353
0.5580761432647705 -350
0.5621957778930664 -349
0.5687313079833984 -348
0.5723717212677002 -345
0.5761492252349854 -345
0.5807323455810547 -347
0.5842432975769043 -344
0.5909004211425781 -345
0.5946214199066162 -346
0.5988938808441162 -350
0.6026818752288818 -348
0.6090681552886963 -350
0.6130695343017578 -348
0.6168472766876221 -350
0.621356725692749 -350
0.6249289512634277 -352
0.6308062076568604 -352
0.6343789100646973 -350
0.6388835906982422 -349
0.644752025604248 -349
0.6490447521209717 -345
0.6530277729034424 -345
0.6567635536193848 -346
0.6612606048583984 -349
0.6669011116027832 -349
0.6716983318328857 -349
0.6754560470581055 -350
0.6797430515289307 -348
0.6833195686340332 -347
0.6899111270904541 -350
0.693509578704834 -350
0.6972827911376953 -350
0.7017858028411865 -350
0.7055339813232422 -350
0.7114527225494385 -349
0.715031623840332 -347
0.7194993495941162 -349
0.7252604961395264 -348
0.7298223972320557 -345
0.7333674430847168 -345
0.7371172904968262 -350
0.7434673309326172 -350
0.7472667694091797 -351
0.7518367767333984 -354
0.7555887699127197 -354
0.7598700523376465 -351
0.7657248973846436 -349
0.7700347900390625 -350
0.7762720584869385 -348
0.7823638916015625 -349
0.7862443923950195 -344
0.7915239334106445 -347
0.7971832752227783 -347
0.8017563819885254 -347
0.8055174350738525 -348
0.8098304271697998 -350
0.8133795261383057 -349
0.8199977874755859 -350
0.8235580921173096 -350
0.8273162841796875 -350
0.8317818641662598 -350
0.8355731964111328 -349
0.8414533138275146 -349
0.8450615406036377 -349
0.8510291576385498 -348
0.8547248840332031 -348
0.8590266704559326 -348
0.8648319244384766 -346
0.869365930557251 -348
0.8729498386383057 -346
0.8767061233520508 -351
0.8812057971954346 -349
0.8868765830993652 -349
0.89139723777771 -350
0.8949613571166992 -350
0.8994476795196533 -349
0.9030442237854004 -351
0.9088249206542969 -350
0.9129371643066406 -348
0.916710376739502 -348
0.9230401515960693 -347
0.9267959594726562 -345
0.9313144683837891 -347
0.9349052906036377 -346
0.9394011497497559 -348
0.9450714588165283 -348
0.9496264457702637 -349
0.9532113075256348 -348
0.9569714069366455 -352
0.9614913463592529 -354
0.967139720916748 -351
0.9718010425567627 -352
0.9755311012268066 -350
0.979877233505249 -348
0.9834682941436768 -351
0.9900774955749512 -347
0.9936561584472656 -347
0.9974215030670166 -347
