0 0 
0.008915901184082031 0
0.014435529708862305 0
0.018570661544799805 0
0.02451920509338379 0
0.02906322479248047 0
0.03224945068359375 0
0.0359039306640625 -2
0.04056572914123535 -7
0.046962738037109375 -18
0.0512392520904541 -18
0.054859161376953125 -53
0.05904960632324219 -53
0.06226801872253418 -73
0.06848359107971191 -86
0.0719602108001709 -92
0.07558989524841309 -92
0.08000445365905762 -92
0.0853421688079834 -92
0.08957076072692871 -95
0.09324359893798828 -101
0.09699535369873047 -101
0.1012566089630127 -107
0.10750102996826172 -112
0.11125040054321289 -115
0.11489343643188477 -118
0.11915135383605957 -120
0.12238597869873047 -121
0.12606096267700195 -122
0.13296103477478027 -126
0.13627195358276367 -127
0.14089155197143555 -128
0.14429759979248047 -131
0.14847850799560547 -132
0.1544501781463623 -134
0.15903282165527344 -134
0.1623392105102539 -134
0.1660153865814209 -135
0.1703786849975586 -136
0.17571544647216797 -136
0.18009710311889648 -136
0.1835627555847168 -136
0.18768763542175293 -136
0.1913914680480957 -139
0.19700050354003906 -141
0.20111918449401855 -141
0.20455551147460938 -141
0.2092430591583252 -144
0.21248316764831543 -145
0.21943974494934082 -145
0.22305512428283691 -144
0.2263174057006836 -144
0.2309558391571045 -145
0.2343428134918213 -145
0.2409346103668213 -144
0.24439144134521484 -145
0.24854159355163574 -144
0.25202298164367676 -146
0.2556753158569336 -145
0.26024365425109863 -147
0.2660505771636963 -147
0.2704336643218994 -145
0.27390003204345703 -145
0.27841782569885254 -146
0.2819178104400635 -146
0.2881629467010498 -144
0.29166316986083984 -144
0.29529452323913574 -144
0.2995285987854004 -144
0.30499958992004395 -144
0.3092639446258545 -144
0.3124661445617676 -146
0.31612443923950195 -145
0.3208296298980713 -145
0.3241724967956543 -144
0.3343963623046875 -144
0.33907389640808105 -144
0.3423292636871338 -143
0.3459899425506592 -145
0.35242176055908203 -145
0.3561067581176758 -144
0.3608677387237549 -146
0.36418867111206055 -147
0.3684511184692383 -146
0.3744487762451172 -146
0.3788728713989258 -145
0.38213038444519043 -146
0.38578271865844727 -145
0.39033985137939453 -145
0.3938760757446289 -147
0.40056514739990234 -147
0.4041478633880615 -147
0.4083719253540039 -147
0.4118947982788086 -148
0.4184141159057617 -148
0.4219043254852295 -149
0.4255504608154297 -148
0.4297208786010742 -148
0.43337225914001465 -149
0.4375784397125244 -150
0.4436354637145996 -149
0.4477965831756592 -149
0.45151281356811523 -149
0.4551975727081299 -148
0.4595670700073242 -148
0.46509218215942383 -147
0.46932458877563477 -147
0.4731905460357666 -148
0.4764540195465088 -146
0.4810667037963867 -145
0.4861774444580078 -146
0.49057698249816895 -144
0.4941549301147461 -145
0.49842405319213867 -144
0.5019071102142334 -145
0.5081219673156738 -145
0.5116331577301025 -145
0.5152699947357178 -145
0.5196554660797119 -145
0.5233078002929688 -146
0.5298676490783691 -146
0.5334310531616211 -145
0.537524938583374 -145
0.5412695407867432 -145
0.5449321269989014 -145
0.5513136386871338 -145
0.5550248622894287 -146
0.5593385696411133 -147
0.5625414848327637 -147
0.5662147998809814 -147
0.5732359886169434 -148
0.5769972801208496 -150
0.5812578201293945 -150
0.5849196910858154 -150
0.589118480682373 -149
0.5923340320587158 -149
0.5995571613311768 -151
0.6032021045684814 -148
0.606428861618042 -147
0.6110334396362305 -148
0.6144740581512451 -149
0.6210532188415527 -148
0.624459981918335 -145
0.628852128982544 -146
0.6320874691009521 -147
0.6357412338256836 -147
0.6410531997680664 -145
0.6444807052612305 -146
0.6513082981109619 -146
0.6550774574279785 -145
0.6592822074890137 -144
0.6625025272369385 -144
0.6661615371704102 -146
0.6729421615600586 -145
0.6762518882751465 -145
0.6808745861053467 -145
0.6841838359832764 -146
0.6884257793426514 -146
0.6943888664245605 -145
0.6989762783050537 -145
0.7022607326507568 -145
0.7059040069580078 -147
0.7102618217468262 -146
0.714869499206543 -146
0.7190897464752197 -145
0.7223219871520996 -147
0.7260115146636963 -147
0.7335779666900635 -147
0.7377290725708008 -147
0.7415750026702881 -147
0.7452256679534912 -147
0.7495832443237305 -149
0.7532413005828857 -151
0.7569704055786133 -151
0.7614195346832275 -148
0.7659032344818115 -151
0.7702882289886475 -149
0.7737412452697754 -149
0.7778887748718262 -148
0.781731128692627 -147
0.7853794097900391 -147
0.7895834445953369 -147
0.7932357788085938 -145
0.7974853515625 -146
0.8012001514434814 -146
0.8048481941223145 -145
0.8090803623199463 -145
0.8123214244842529 -144
0.8177287578582764 -146
0.8216140270233154 -144
0.8252596855163574 -145
0.8294699192047119 -145
0.8330643177032471 -145
0.8363015651702881 -144
0.8409502506256104 -145
0.8444068431854248 -144
0.8485898971557617 -144
0.8520634174346924 -145
0.8557140827178955 -145
0.8600642681121826 -145
0.863544225692749 -147
0.8689217567443848 -147
0.8723249435424805 -146
0.8759992122650146 -147
0.8805351257324219 -147
0.8841006755828857 -145
0.88832688331604 -146
0.8918149471282959 -146
0.8954687118530273 -147
0.8996999263763428 -148
0.9033694267272949 -147
0.9074497222900391 -146
0.9113357067108154 -148
0.9150083065032959 -148
0.9201555252075195 -149
0.9236130714416504 -149
0.9277703762054443 -150
0.9315011501312256 -150
0.9351832866668701 -149
0.9395487308502197 -149
0.9432289600372314 -148
0.9464631080627441 -146
0.9510781764984131 -146
0.954500675201416 -146
0.9589040279388428 -146
0.9621360301971436 -146
0.9658024311065674 -145
0.9710958003997803 -145
0.9745144844055176 -145
0.9790456295013428 -146
0.9822828769683838 -145
0.9859395027160645 -144
0.9903311729431152 -146
0.9937927722930908 -145
0.998363733291626 -145
