0 0 
0.0024366378784179688 0
0.00710296630859375 0
0.012149333953857422 0
0.01656961441040039 0
0.02023768424987793 0
0.024767398834228516 0
0.03052806854248047 0
0.035050153732299805 0
0.038625240325927734 0
0.042334794998168945 0
0.046727895736694336 0
0.05234074592590332 0
0.05674457550048828 0
0.06037282943725586 0
0.06468057632446289 0
0.06818652153015137 0
0.07473516464233398 0
0.07826519012451172 0
0.0819704532623291 0
0.0863790512084961 0
0.0898752212524414 0
0.09582376480102539 0
0.0992879867553711 0
0.1031494140625 0
0.10963177680969238 0
0.11394333839416504 0
0.1177220344543457 0
0.12114834785461426 0
0.12537908554077148 0
0.1311473846435547 0
0.1353912353515625 0
0.13886070251464844 0
0.1425490379333496 0
0.14696264266967773 0
0.1525735855102539 0
0.15726947784423828 0
0.16096711158752441 0
0.16519474983215332 0
0.16869544982910156 0
0.1746981143951416 0
0.17817926406860352 0
0.18187785148620605 0
0.18683910369873047 0
0.19051861763000488 0
0.19632625579833984 0
0.19985437393188477 0
0.20697355270385742 0
0.2125716209411621 0
0.21724295616149902 0
0.22093462944030762 0
0.22582054138183594 0
0.23136067390441895 0
0.23631882667541504 0
0.23981285095214844 0
0.24404168128967285 0
0.24778032302856445 0
0.2543315887451172 0
0.25784802436828613 0
0.2613503932952881 0
0.2658369541168213 0
0.26926708221435547 0
0.27521347999572754 0
0.27869629859924316 0
0.28238415718078613 0
0.28870701789855957 0
0.2924613952636719 0
0.2968759536743164 0
0.30054783821105957 0
0.30481529235839844 0
0.3105804920196533 0
0.31480908393859863 0
0.3183455467224121 0
0.322101354598999 0
0.32651352882385254 0
0.33208751678466797 0
0.336700439453125 0
0.34031128883361816 0
0.3446657657623291 0
0.3481760025024414 0
0.3546936511993408 0
0.3581843376159668 0
0.3618457317352295 0
0.36643290519714355 0
0.36991453170776367 0
0.3757598400115967 0
0.379150390625 0
0.3830301761627197 0
0.38910651206970215 0
0.39313578605651855 0
0.39731335639953613 0
0.4010498523712158 0
0.4053168296813965 0
0.4110140800476074 0
0.41525840759277344 0
0.41876697540283203 0
0.42247605323791504 0
0.4269547462463379 0
0.43254899978637695 0
0.4370105266571045 0
0.4406929016113281 0
0.4449343681335449 0
0.4484086036682129 0
0.4545555114746094 0
0.45807909965515137 0
0.46177005767822266 0
0.46807336807250977 0
0.471893310546875 0
0.4764132499694824 0
0.4799051284790039 0
0.4840829372406006 0
0.4898245334625244 0
0.49403929710388184 0
0.49793124198913574 0
0.5013749599456787 0
0.5058972835540771 0
0.5113449096679688 0
0.5161080360412598 0
0.5196671485900879 0
0.5238807201385498 0
0.52734375 0
0.5338523387908936 0
0.5373272895812988 0
0.541003942489624 0
0.5462241172790527 0
0.5497605800628662 0
0.5553154945373535 0
0.5588607788085938 0
0.5625176429748535 0
0.5687696933746338 0
0.5724763870239258 0
0.577059268951416 0
0.5807404518127441 0
0.5849864482879639 0
0.5907189846038818 0
0.5949792861938477 0
0.5984714031219482 0
0.6021308898925781 0
0.610466718673706 0
0.6164290904998779 0
0.6198916435241699 0
0.6240756511688232 0
0.6302101612091064 0
0.6348330974578857 0
0.6383171081542969 0
0.6420137882232666 0
0.6464293003082275 0
0.6519782543182373 0
0.656421422958374 0
0.660010814666748 0
0.6644647121429443 0
0.6679821014404297 0
0.674445629119873 0
0.6779508590698242 0
0.6813704967498779 0
0.6858663558959961 0
0.689307689666748 0
0.6952629089355469 0
0.6987559795379639 0
0.7024412155151367 0
0.7070722579956055 0
0.7125921249389648 0
0.7169923782348633 0
0.7206785678863525 0
0.7249081134796143 0
0.7283799648284912 0
0.7348778247833252 0
0.7383666038513184 0
0.7420389652252197 0
0.7464475631713867 0
0.7499439716339111 0
0.7560606002807617 0
0.7596042156219482 0
0.7638177871704102 0
0.769728422164917 0
0.7739603519439697 0
0.7776644229888916 0
0.781144380569458 0
0.7853786945343018 0
0.7911303043365479 0
0.7953717708587646 0
0.7988731861114502 0
0.8025228977203369 0
0.806920051574707 0
0.8124890327453613 0
0.8170731067657471 0
0.8207423686981201 0
0.8249609470367432 0
0.8284618854522705 0
0.8350002765655518 0
0.8385121822357178 0
0.8421754837036133 0
0.8465702533721924 0
0.8500461578369141 0
0.8558316230773926 0
0.8592641353607178 0
0.8631162643432617 0
0.8691589832305908 0
0.8730819225311279 0
0.8772687911987305 0
0.8809583187103271 0
0.8853590488433838 0
0.8912086486816406 0
0.8957302570343018 0
0.8991007804870605 0
0.9030342102050781 0
0.90706467628479 0
0.9126029014587402 0
0.9170024394989014 0
0.9206633567810059 0
0.9248800277709961 0
0.9283695220947266 0
0.9350168704986572 0
0.9385035037994385 0
0.9421627521514893 0
0.9465627670288086 0
0.9500524997711182 0
0.9558916091918945 0
0.959338903427124 0
0.9637079238891602 0
0.9693117141723633 0
0.973724365234375 0
0.9772193431854248 0
0.9809026718139648 0
0.985191822052002 0
0.9909226894378662 0
0.9953465461730957 0
0.9988405704498291 0
