0 0 
0.003345966339111328 0
0.0083770751953125 0
0.01329946517944336 2
0.016802549362182617 2
0.020595550537109375 7
0.02739238739013672 17
0.031877756118774414 53
0.03582644462585449 93
0.039374589920043945 20
0.044259071350097656 35
0.048366546630859375 136
0.054450035095214844 156
0.05799293518066406 181
0.06383371353149414 193
0.06732487678527832 186
0.0717775821685791 211
0.07769894599914551 221
0.08197855949401855 232
0.08596444129943848 240
0.08968734741210938 253
0.09606409072875977 264
0.0998392105102539 268
0.10429954528808594 281
0.1078948974609375 283
0.11235404014587402 287
0.11804413795471191 295
0.12273645401000977 297
0.1263127326965332 298
0.13006854057312012 300
0.1345832347869873 301
0.14020419120788574 309
0.1448533535003662 310
0.14858412742614746 315
0.152909517288208 315
0.15646767616271973 321
0.16261506080627441 322
0.16621708869934082 324
0.16999387741088867 328
0.17638874053955078 330
0.18017005920410156 331
0.1846935749053955 334
0.18832898139953613 336
0.19273734092712402 336
0.1985628604888916 339
0.2030658721923828 338
0.20660042762756348 340
0.2104043960571289 340
0.21488714218139648 342
0.22053098678588867 341
0.2250499725341797 343
0.22876358032226562 342
0.2330918312072754 345
0.23662567138671875 344
0.24317216873168945 348
0.24674487113952637 350
0.250474214553833 351
0.25513458251953125 349
0.25887179374694824 350
0.26388120651245117 349
0.2696857452392578 348
0.27411723136901855 348
0.27774977684020996 350
0.2820730209350586 346
0.28788042068481445 349
0.2923896312713623 349
0.2959582805633545 350
0.2994198799133301 350
0.30408358573913574 353
0.3102412223815918 353
0.3167421817779541 352
0.3204798698425293 353
0.3252246379852295 351
0.33185338973999023 352
0.3358187675476074 350
0.33934664726257324 353
0.3439338207244873 351
0.34743833541870117 351
0.3542487621307373 348
0.3578324317932129 353
0.36212992668151855 351
0.36595726013183594 352
0.37116456031799316 352
0.3753321170806885 357
0.3790769577026367 355
0.38443994522094727 356
0.38802480697631836 354
0.3939487934112549 356
0.39772534370422363 354
0.40210413932800293 353
0.408005952835083 351
0.41249942779541016 353
0.4160902500152588 350
0.4198296070098877 354
0.42434263229370117 352
0.4299931526184082 353
0.4345095157623291 351
0.43808603286743164 356
0.44271135330200195 353
0.44626545906066895 355
0.4528341293334961 357
0.4563944339752197 357
0.46015095710754395 352
0.4646487236022949 353
0.4682943820953369 354
0.4742555618286133 351
0.477825403213501 351
0.4824042320251465 353
0.48805761337280273 354
0.4925346374511719 355
0.4961202144622803 354
0.49988889694213867 355
0.5064442157745361 356
0.5102114677429199 356
0.5148801803588867 354
0.5185863971710205 355
0.5229029655456543 355
0.5286920070648193 355
0.5330398082733154 353
0.5365841388702393 354
0.5419847965240479 352
0.5457918643951416 352
0.5521502494812012 350
0.5559356212615967 353
0.5594170093536377 353
0.5643293857574463 354
0.5679333209991455 353
0.5738677978515625 356
0.5773799419403076 356
0.581885814666748 355
0.5877315998077393 355
0.5920145511627197 358
0.5958435535430908 355
0.599372148513794 356
0.6039342880249023 353
0.6096830368041992 354
0.6141345500946045 351
0.6177895069122314 350
0.6220643520355225 348
0.6260452270507812 353
0.6326484680175781 352
0.6362273693084717 355
0.6399905681610107 356
0.6446540355682373 361
0.6482946872711182 354
0.6542551517486572 357
0.657832145690918 357
0.664172887802124 356
0.6678314208984375 354
0.6724123954772949 355
0.6760208606719971 353
0.67976975440979 352
0.6862990856170654 351
0.6900832653045654 351
0.6945602893829346 351
0.6981356143951416 354
0.7026300430297852 355
0.7083151340484619 353
0.7163770198822021 355
0.720219612121582 355
0.7248184680938721 355
0.7285456657409668 356
0.7345860004425049 355
0.7383079528808594 353
0.7429587841033936 357
0.7487773895263672 353
0.7530953884124756 350
0.7566313743591309 350
0.7603731155395508 355
0.76483154296875 354
0.7704386711120605 354
0.775057315826416 357
0.7787859439849854 357
0.7830832004547119 358
0.7867164611816406 354
0.7932679653167725 357
0.7968297004699707 356
0.8005731105804443 354
0.8051819801330566 352
0.8089070320129395 354
0.8147690296173096 354
0.8185107707977295 354
0.8248097896575928 351
0.8285517692565918 355
0.832862377166748 354
0.8364112377166748 354
0.8401598930358887 353
0.8465185165405273 354
0.8503074645996094 358
0.8548080921173096 358
0.8585448265075684 355
0.8630266189575195 357
0.8688137531280518 353
0.8731260299682617 355
0.8766641616821289 351
0.8804035186767578 355
0.8848989009857178 352
0.890505313873291 354
0.8949530124664307 352
0.8987030982971191 354
0.903162956237793 352
0.9067246913909912 354
0.9134154319763184 355
0.9169666767120361 356
0.9210970401763916 355
0.9253840446472168 356
0.9291505813598633 355
0.9349849224090576 355
0.9387280941009521 356
0.9431207180023193 352
0.9489040374755859 353
0.9531769752502441 354
0.9567384719848633 351
0.9604933261871338 351
0.9649357795715332 355
0.9706077575683594 355
0.9752626419067383 355
0.9790115356445312 358
0.9836852550506592 357
0.9869785308837891 355
0.9937911033630371 355
0.99729323387146 354
