0 0 
0.002382993698120117 -2
0.008217573165893555 -2
0.012224674224853516 -2
0.016005516052246094 -2
0.020586252212524414 -2
0.02624368667602539 -5
0.030751705169677734 -5
0.034332990646362305 -25
0.03914976119995117 -55
0.04276323318481445 -55
0.04881596565246582 -15
0.052382469177246094 -41
0.05615806579589844 -78
0.06257295608520508 -118
0.06636381149291992 -143
0.07085895538330078 -143
0.0745701789855957 -162
0.0789499282836914 -167
0.08477616310119629 -177
0.08908510208129883 -183
0.09263229370117188 -183
0.0964059829711914 -193
0.10106205940246582 -193
0.10668683052062988 -198
0.11116480827331543 -205
0.1149752140045166 -208
0.11929917335510254 -210
0.1228647232055664 -218
0.12949538230895996 -221
0.13307738304138184 -224
0.13682246208190918 -225
0.14146780967712402 -230
0.1452178955078125 -233
0.15109944343566895 -235
0.15485787391662598 -236
0.15943241119384766 -237
0.16525626182556152 -237
0.16957569122314453 -238
0.17313361167907715 -241
0.1768934726715088 -238
0.1813673973083496 -241
0.18793964385986328 -241
0.1914985179901123 -241
0.1952648162841797 -241
0.19957828521728516 -243
0.2031385898590088 -247
0.21005535125732422 -245
0.21358108520507812 -246
0.21813011169433594 -249
0.22209763526916504 -247
0.22559213638305664 -249
0.23146677017211914 -250
0.235213041305542 -249
0.2395021915435791 -249
0.24537181854248047 -253
0.24993658065795898 -254
0.2533993721008301 -253
0.2573873996734619 -253
0.2638406753540039 -253
0.26811766624450684 -251
0.27208971977233887 -250
0.2756068706512451 -252
0.280498743057251 -249
0.2861149311065674 -251
0.2941453456878662 -252
0.298830509185791 -253
0.3024284839630127 -252
0.30617547035217285 -251
0.31104397773742676 -252
0.31670117378234863 -253
0.3213326930999756 -252
0.32508397102355957 -254
0.3294997215270996 -254
0.3330652713775635 -253
0.340090274810791 -252
0.34360170364379883 -256
0.34810686111450195 -253
0.35189318656921387 -253
0.35541391372680664 -253
0.3612809181213379 -253
0.3650321960449219 -255
0.36932921409606934 -252
0.3751974105834961 -253
0.3794829845428467 -253
0.38302040100097656 -252
0.38676929473876953 -252
0.3933274745941162 -253
0.39734888076782227 -255
0.4019742012023926 -253
0.40549254417419434 -255
0.41008949279785156 -254
0.4156181812286377 -255
0.4203348159790039 -255
0.4239928722381592 -255
0.42825841903686523 -255
0.43204760551452637 -253
0.4386157989501953 -255
0.44220995903015137 -255
0.44599032402038574 -254
0.4504828453063965 -255
0.45404577255249023 -255
0.4600675106048584 -252
0.46359825134277344 -253
0.46810245513916016 -254
0.4739992618560791 -252
0.47831082344055176 -252
0.4822065830230713 -253
0.4859743118286133 -254
0.4904792308807373 -253
0.49611878395080566 -252
0.5006225109100342 -256
0.504218339920044 -256
0.5086991786956787 -254
0.5143091678619385 -255
0.5190079212188721 -254
0.5225915908813477 -254
0.5263376235961914 -253
0.5309793949127197 -254
0.5366523265838623 -254
0.5411286354064941 -256
0.5448989868164062 -253
0.54929518699646 -252
0.5528228282928467 -255
0.5588650703430176 -254
0.5624632835388184 -254
0.5662167072296143 -255
0.572664737701416 -256
0.576446533203125 -254
0.5810339450836182 -255
0.5847842693328857 -256
0.5890944004058838 -253
0.5949540138244629 -253
0.599334716796875 -257
0.6029083728790283 -254
0.6066672801971436 -257
0.6111299991607666 -257
0.616765022277832 -257
0.6212654113769531 -254
0.6250104904174805 -257
0.6293461322784424 -256
0.632920503616333 -254
0.639094352722168 -254
0.6426818370819092 -254
0.6464407444000244 -252
0.6527109146118164 -252
0.6564903259277344 -253
0.6611611843109131 -252
0.6649258136749268 -253
0.6722559928894043 -253
0.6760458946228027 -253
0.6805613040924072 -254
0.684152364730835 -254
0.6886122226715088 -255
0.6954953670501709 -256
0.7012171745300293 -256
0.7068572044372559 -257
0.7114956378936768 -255
0.715247631072998 -257
0.7199409008026123 -256
0.7234628200531006 -254
0.7301182746887207 -254
0.7338747978210449 -253
0.7381381988525391 -253
0.7419192790985107 -252
0.7483198642730713 -254
0.7521181106567383 -254
0.7556169033050537 -254
0.7605280876159668 -255
0.7641699314117432 -255
0.7700536251068115 -255
0.7735636234283447 -254
0.7780711650848389 -256
0.7839620113372803 -254
0.7887036800384521 -259
0.7923717498779297 -253
0.7961487770080566 -255
0.800635814666748 -255
0.8062822818756104 -257
0.8107724189758301 -257
0.8145158290863037 -258
0.8190908432006836 -256
0.8227024078369141 -254
0.8292765617370605 -253
0.8328320980072021 -255
0.836590051651001 -255
0.8410367965698242 -253
0.844806432723999 -251
0.8506965637207031 -252
0.8542866706848145 -252
0.8587737083435059 -252
0.8645823001861572 -251
0.86897873878479 -252
0.8725619316101074 -254
0.8763241767883301 -255
0.8810148239135742 -255
0.8866627216339111 -255
0.8911392688751221 -258
0.8949015140533447 -257
0.8992254734039307 -255
0.902799129486084 -255
0.909381628036499 -256
0.9130394458770752 -253
0.9168064594268799 -254
0.9214553833007812 -256
0.9252266883850098 -255
0.9311058521270752 -253
0.9348766803741455 -256
0.9401073455810547 -254
0.943828821182251 -254
0.9494450092315674 -254
0.9529883861541748 -254
0.9567687511444092 -252
0.9631304740905762 -254
0.967315673828125 -255
0.9713950157165527 -254
0.9751782417297363 -255
0.9794683456420898 -255
0.9852650165557861 -255
0.9896066188812256 -255
0.9933056831359863 -258
0.9973206520080566 -258
