0 0 
0.0024170875549316406 0
0.0074596405029296875 0
0.011916160583496094 0
0.015431880950927734 0
0.019730806350708008 2
0.02557206153869629 2
0.030287981033325195 2
0.03385567665100098 6
0.03764033317565918 14
0.042401790618896484 14
0.04662489891052246 33
0.05218076705932617 60
0.0578155517578125 73
0.062270402908325195 79
0.06592011451721191 84
0.07034564018249512 84
0.07393741607666016 93
0.08052563667297363 88
0.08406758308410645 88
0.08780384063720703 92
0.0924224853515625 92
0.09800195693969727 105
0.1024777889251709 108
0.10618233680725098 108
0.1105191707611084 112
0.11414980888366699 115
0.12018394470214844 116
0.1237936019897461 116
0.12759041786193848 119
0.13396477699279785 120
0.13777923583984375 121
0.14227771759033203 121
0.14593839645385742 126
0.15414977073669434 126
0.1603853702545166 129
0.16407155990600586 129
0.167860746383667 129
0.17374014854431152 130
0.17749762535095215 130
0.18407607078552246 131
0.18787097930908203 132
0.19235563278198242 132
0.1960301399230957 133
0.2003939151763916 133
0.20624113082885742 134
0.21075940132141113 135
0.2144014835357666 135
0.21814680099487305 135
0.22263526916503906 137
0.22829699516296387 136
0.23281502723693848 137
0.23661351203918457 137
0.24092626571655273 136
0.24448084831237793 136
0.25054001808166504 136
0.25412583351135254 135
0.2578730583190918 134
0.26422691345214844 133
0.2680788040161133 133
0.27271413803100586 135
0.2764861583709717 134
0.28076601028442383 134
0.28659868240356445 135
0.29096198081970215 136
0.29453563690185547 137
0.29831886291503906 136
0.30298924446105957 135
0.3096334934234619 136
0.313431978225708 135
0.3169713020324707 136
0.32157468795776367 135
0.32534027099609375 135
0.33145594596862793 137
0.33499646186828613 137
0.34148335456848145 136
0.3452765941619873 136
0.3495759963989258 137
0.353377103805542 136
0.35691332817077637 136
0.3635587692260742 136
0.36735010147094727 137
0.3717925548553467 138
0.3754305839538574 138
0.37969040870666504 138
0.38552355766296387 139
0.3902018070220947 138
0.39377546310424805 141
0.3975353240966797 140
0.4020829200744629 138
0.4077188968658447 139
0.4122300148010254 139
0.4158773422241211 140
0.42031025886535645 140
0.42387914657592773 138
0.430635929107666 137
0.43418192863464355 137
0.437969446182251 135
0.4424593448638916 134
0.4461793899536133 134
0.4522285461425781 134
0.4558885097503662 134
0.4602665901184082 136
0.46599316596984863 136
0.47043347358703613 137
0.47402024269104004 137
0.47777366638183594 137
0.4823288917541504 136
0.4879786968231201 136
0.49245333671569824 136
0.4962036609649658 136
0.500572681427002 135
0.5041403770446777 136
0.5108742713928223 136
0.5144128799438477 136
0.5181622505187988 135
0.5226500034332275 135
0.5263912677764893 137
0.532261848449707 137
0.5359184741973877 136
0.5403199195861816 135
0.5460531711578369 139
0.5538218021392822 139
0.557633638381958 137
0.5623788833618164 137
0.5680396556854248 139
0.5727803707122803 137
0.5765640735626221 136
0.5810365676879883 136
0.5847644805908203 139
0.5906801223754883 139
0.5942330360412598 139
0.5979769229888916 139
0.6043000221252441 140
0.6080417633056641 140
0.6125085353851318 139
0.6162748336791992 139
0.6205413341522217 139
0.6263258457183838 139
0.6308383941650391 138
0.6343851089477539 137
0.6381115913391113 137
0.6425988674163818 137
0.6482572555541992 136
0.6527419090270996 136
0.6564755439758301 137
0.6607480049133301 136
0.6642894744873047 137
0.670799970626831 135
0.6744704246520996 135
0.678208589553833 135
0.6826515197753906 135
0.6863799095153809 134
0.6924319267272949 133
0.696178674697876 133
0.7005102634429932 135
0.7063086032867432 135
0.710564374923706 135
0.7141339778900146 137
0.717864990234375 138
0.7223072052001953 137
0.7279336452484131 137
0.7324609756469727 137
0.7361869812011719 138
0.7405052185058594 138
0.7440612316131592 136
0.7507331371307373 137
0.7542893886566162 137
0.7580204010009766 137
0.7625093460083008 137
0.7662432193756104 138
0.7720861434936523 138
0.7756476402282715 138
0.7806460857391357 138
0.7843563556671143 139
0.7904160022735596 139
0.7940092086791992 138
0.7977838516235352 138
0.8041110038757324 138
0.8078866004943848 138
0.8125104904174805 138
0.8162572383880615 138
0.8207409381866455 138
0.8265187740325928 138
0.8308794498443604 137
0.8344242572784424 136
0.8381991386413574 137
0.8426685333251953 136
0.8482980728149414 135
0.852806806564331 137
0.8565583229064941 137
0.860893964767456 137
0.8644375801086426 137
0.8706223964691162 137
0.8742051124572754 138
0.8780074119567871 137
0.8843493461608887 137
0.8881134986877441 136
0.8925833702087402 138
0.8963439464569092 137
0.9006776809692383 136
0.9065344333648682 136
0.91094970703125 137
0.9145181179046631 137
0.918266773223877 137
0.9227511882781982 136
0.9287598133087158 136
0.9333391189575195 137
0.936873197555542 136
0.9414207935333252 136
0.9449503421783447 136
0.9553101062774658 137
0.9596397876739502 137
0.9636266231536865 136
0.9673733711242676 137
0.9730169773101807 137
0.9768064022064209 137
0.9815082550048828 137
0.9870452880859375 137
0.991997241973877 137
0.9955792427062988 138
