0 0 
0.0023195743560791016 0
0.0071294307708740234 -2
0.01213526725769043 -2
0.01685357093811035 -6
0.020655393600463867 -14
0.025418519973754883 -35
0.030965328216552734 -88
0.03556966781616211 -18
0.03911566734313965 -56
0.0436100959777832 -56
0.0471649169921875 -138
0.05379462242126465 -148
0.05756092071533203 -172
0.06106305122375488 -182
0.06563615798950195 -193
0.06913447380065918 -191
0.07545137405395508 -202
0.07889270782470703 -212
0.08287167549133301 -224
0.08889961242675781 -229
0.09288406372070312 -240
0.0969541072845459 -244
0.10069990158081055 -255
0.10501933097839355 -264
0.11086034774780273 -267
0.11547160148620605 -272
0.11892151832580566 -272
0.12291383743286133 -276
0.12714385986328125 -282
0.13373684883117676 -282
0.1376965045928955 -287
0.1414496898651123 -288
0.14588260650634766 -293
0.15158605575561523 -294
0.15611481666564941 -296
0.15973615646362305 -295
0.1642475128173828 -295
0.1678481101989746 -299
0.17363977432250977 -298
0.17747998237609863 -301
0.18097376823425293 -301
0.18746209144592285 -304
0.19100141525268555 -307
0.1958620548248291 -306
0.19950222969055176 -308
0.20378804206848145 -312
0.20973896980285645 -314
0.21424531936645508 -313
0.21783900260925293 -314
0.22162246704101562 -314
0.2261028289794922 -313
0.23173856735229492 -314
0.2362508773803711 -313
0.2398536205291748 -313
0.24436140060424805 -312
0.24792265892028809 -312
0.25471949577331543 -311
0.2583012580871582 -314
0.26215147972106934 -313
0.26663804054260254 -315
0.27037549018859863 -317
0.27623558044433594 -318
0.27982091903686523 -319
0.28426504135131836 -321
0.29003357887268066 -321
0.2944319248199463 -320
0.2979857921600342 -321
0.30172252655029297 -320
0.30812549591064453 -321
0.31189990043640137 -315
0.3165402412414551 -316
0.3202700614929199 -317
0.32465386390686035 -317
0.33048582077026367 -315
0.3348820209503174 -317
0.33847618103027344 -320
0.342205286026001 -321
0.3466510772705078 -318
0.3523097038269043 -319
0.3567657470703125 -320
0.36051154136657715 -320
0.3648412227630615 -322
0.3683786392211914 -319
0.37457966804504395 -323
0.38088154792785645 -322
0.3866448402404785 -321
0.3923218250274658 -321
0.3969883918762207 -317
0.4008302688598633 -317
0.40635013580322266 -319
0.40999603271484375 -320
0.415973424911499 -318
0.4195985794067383 -320
0.42388105392456055 -320
0.4297335147857666 -323
0.43439316749572754 -321
0.43796873092651367 -321
0.4417293071746826 -322
0.44626688957214355 -320
0.45191526412963867 -320
0.4564237594604492 -320
0.4600682258605957 -321
0.4644651412963867 -319
0.46804356575012207 -319
0.47463178634643555 -319
0.4782428741455078 -319
0.48213791847229004 -318
0.48665452003479004 -319
0.49228954315185547 -320
0.49692797660827637 -320
0.5006647109985352 -320
0.5049912929534912 -320
0.5085723400115967 -320
0.5147655010223389 -321
0.5183308124542236 -321
0.5221035480499268 -321
0.5284311771392822 -322
0.5322160720825195 -322
0.5367069244384766 -322
0.5404703617095947 -320
0.5447862148284912 -319
0.5505707263946533 -320
0.5550274848937988 -318
0.558586835861206 -319
0.562321662902832 -318
0.5668103694915771 -320
0.5729210376739502 -323
0.5770244598388672 -321
0.5807764530181885 -324
0.5850777626037598 -324
0.5886139869689941 -324
0.5946815013885498 -321
0.5982651710510254 -321
0.602057695388794 -322
0.6083776950836182 -318
0.6121430397033691 -319
0.6168220043182373 -318
0.6205830574035645 -317
0.6249041557312012 -317
0.6307408809661865 -318
0.6350522041320801 -318
0.6386046409606934 -318
0.6423437595367432 -320
0.6469876766204834 -320
0.6535515785217285 -322
0.6570892333984375 -323
0.6608567237854004 -322
0.6651725769042969 -323
0.6690347194671631 -324
0.6759891510009766 -321
0.6795861721038818 -320
0.6840882301330566 -319
0.6876890659332275 -322
0.692857027053833 -317
0.6970245838165283 -318
0.7007672786712646 -320
0.705108642578125 -319
0.7109835147857666 -319
0.7155492305755615 -321
0.7190566062927246 -320
0.7235133647918701 -322
0.7270565032958984 -320
0.7336289882659912 -322
0.7376046180725098 -322
0.7411329746246338 -320
0.745795488357544 -320
0.7514071464538574 -319
0.755974531173706 -321
0.7595512866973877 -320
0.7638378143310547 -320
0.7676417827606201 -319
0.7711641788482666 -318
0.7774105072021484 -318
0.7856485843658447 -320
0.7914392948150635 -320
0.7962851524353027 -318
0.7998619079589844 -322
0.8045082092285156 -320
0.808091402053833 -320
0.8146512508392334 -322
0.8182032108306885 -321
0.8219683170318604 -321
0.8264555931091309 -320
0.8301303386688232 -319
0.8361051082611084 -320
0.8396592140197754 -319
0.844123125076294 -317
0.8497912883758545 -320
0.8544578552246094 -318
0.8579995632171631 -318
0.8617653846740723 -319
0.8662729263305664 -320
0.8719604015350342 -320
0.8764681816101074 -322
0.8801538944244385 -323
0.8845686912536621 -322
0.8881373405456543 -323
0.8946990966796875 -320
0.8982915878295898 -321
0.9020812511444092 -322
0.9067299365997314 -320
0.9105751514434814 -319
0.9165945053100586 -318
0.9203171730041504 -319
0.9265835285186768 -317
0.9303431510925293 -319
0.9346473217010498 -319
0.9382202625274658 -322
0.9420106410980225 -321
0.9483771324157715 -322
0.9521365165710449 -321
0.9566166400909424 -321
0.9603779315948486 -320
0.9646711349487305 -321
0.9705295562744141 -321
0.9750010967254639 -321
0.9785544872283936 -321
0.9823298454284668 -321
0.9867744445800781 -319
0.9928183555603027 -320
0.9969251155853271 -319
