0 0 
0.0024123191833496094 0
0.007450580596923828 -2
0.012550592422485352 -2
0.01720595359802246 -6
0.02104926109313965 -40
0.02558159828186035 -12
0.031400203704833984 -68
0.035996437072753906 -144
0.03959846496582031 -90
0.044091224670410156 -227
0.04788064956665039 -290
0.05431866645812988 -287
0.05810117721557617 -334
0.06159520149230957 -372
0.06652426719665527 -395
0.07283234596252441 -439
0.08056449890136719 -472
0.08511137962341309 -496
0.09096693992614746 -507
0.09544658660888672 -520
0.09901213645935059 -536
0.10278010368347168 -549
0.10728001594543457 -564
0.11333942413330078 -577
0.11744236946105957 -591
0.12127232551574707 -597
0.12602758407592773 -606
0.12955617904663086 -619
0.13646221160888672 -629
0.1400763988494873 -630
0.14475607872009277 -641
0.15053844451904297 -650
0.1549220085144043 -656
0.1585063934326172 -659
0.16230392456054688 -671
0.16686272621154785 -672
0.17252635955810547 -680
0.17703676223754883 -683
0.18076801300048828 -684
0.18524718284606934 -686
0.18879151344299316 -694
0.19536495208740234 -700
0.19893383979797363 -701
0.20269155502319336 -708
0.20717406272888184 -710
0.2109518051147461 -706
0.21695566177368164 -711
0.22263741493225098 -715
0.2271099090576172 -717
0.23087859153747559 -722
0.23520612716674805 -725
0.23878049850463867 -725
0.24501800537109375 -726
0.24860572814941406 -724
0.2523949146270752 -724
0.25882744789123535 -729
0.26259708404541016 -730
0.26711153984069824 -732
0.27092719078063965 -731
0.27542543411254883 -736
0.28124547004699707 -733
0.28644514083862305 -733
0.2907428741455078 -735
0.29508471488952637 -740
0.2986750602722168 -741
0.30547404289245605 -743
0.3090379238128662 -739
0.3127889633178711 -740
0.3172609806060791 -738
0.32102060317993164 -742
0.3268914222717285 -742
0.3306870460510254 -745
0.33512139320373535 -745
0.3409695625305176 -745
0.34530162811279297 -739
0.348895788192749 -741
0.352628231048584 -742
0.35711050033569336 -746
0.3627660274505615 -745
0.36745786666870117 -750
0.37122058868408203 -744
0.37552905082702637 -743
0.3790881633758545 -745
0.3859245777130127 -747
0.3894479274749756 -747
0.39392757415771484 -748
0.3975048065185547 -751
0.4012742042541504 -748
0.4073798656463623 -745
0.41114306449890137 -745
0.41544246673583984 -746
0.42133665084838867 -748
0.426281213760376 -750
0.4299471378326416 -749
0.4342343807220459 -748
0.4387991428375244 -749
0.44420409202575684 -745
0.45027947425842285 -746
0.4548330307006836 -747
0.45841217041015625 -749
0.4621918201446533 -752
0.46672916412353516 -751
0.4747462272644043 -745
0.48082923889160156 -747
0.48541784286499023 -749
0.49123573303222656 -751
0.49605488777160645 -751
0.4995849132537842 -750
0.5041332244873047 -749
0.508098840713501 -746
0.5147068500518799 -747
0.5183115005493164 -750
0.5221025943756104 -750
0.5266129970550537 -754
0.530210018157959 -747
0.5364460945129395 -748
0.5400512218475342 -748
0.5446822643280029 -748
0.5505039691925049 -750
0.5549354553222656 -754
0.5585391521453857 -754
0.5623137950897217 -749
0.5668396949768066 -748
0.5724995136260986 -749
0.5770041942596436 -747
0.5807766914367676 -748
0.5851538181304932 -753
0.5887577533721924 -754
0.5953948497772217 -752
0.5989561080932617 -751
0.6027431488037109 -748
0.6074001789093018 -750
0.611151933670044 -747
0.6170175075531006 -752
0.62078857421875 -751
0.6250989437103271 -751
0.6309654712677002 -750
0.6352667808532715 -748
0.6388108730316162 -746
0.6425774097442627 -747
0.6470894813537598 -750
0.6527752876281738 -752
0.6572651863098145 -752
0.6610383987426758 -746
0.6655271053314209 -748
0.6690800189971924 -749
0.6759378910064697 -748
0.6794910430908203 -750
0.6841123104095459 -752
0.6879220008850098 -753
0.6914408206939697 -750
0.697324275970459 -747
0.701073169708252 -747
0.7073209285736084 -748
0.7111432552337646 -748
0.7154643535614014 -753
0.7190308570861816 -751
0.7227828502655029 -752
0.7295615673065186 -747
0.7340812683105469 -746
0.7378973960876465 -750
0.74141526222229 -750
0.7459707260131836 -752
0.7515578269958496 -751
0.7562878131866455 -753
0.759972333908081 -750
0.7642500400543213 -747
0.7680909633636475 -750
0.7746798992156982 -748
0.7782700061798096 -754
0.782041072845459 -752
0.7867038249969482 -750
0.7903015613555908 -745
0.796673059463501 -748
0.8002533912658691 -745
0.8067326545715332 -752
0.8104457855224609 -751
0.8148486614227295 -753
0.8184049129486084 -752
0.8221969604492188 -750
0.8278913497924805 -749
0.8314416408538818 -746
0.8360152244567871 -748
0.8395547866821289 -750
0.8440616130828857 -749
0.8480186462402344 -753
0.8515610694885254 -752
0.8562862873077393 -748
0.8599436283111572 -748
0.8642361164093018 -750
0.8680527210235596 -748
0.871570348739624 -755
0.8808705806732178 -750
0.8853244781494141 -747
0.8889098167419434 -749
0.8926711082458496 -749
0.8973371982574463 -750
0.9010858535766602 -751
0.9059276580810547 -753
0.9094803333282471 -753
0.9139385223388672 -752
0.9176070690155029 -749
0.9213840961456299 -747
0.9261288642883301 -747
0.9309134483337402 -749
0.9352395534515381 -751
0.9388284683227539 -752
0.9425921440124512 -751
0.9470868110656738 -754
0.9508247375488281 -750
0.955111026763916 -747
0.9586889743804932 -748
0.9624297618865967 -750
0.967087984085083 -748
0.9708704948425293 -755
0.9751865863800049 -755
0.9799914360046387 -752
0.9843161106109619 -749
0.9881300926208496 -746
0.991879940032959 -747
0.9963319301605225 -751
0.9999880790710449 -752
