0 0 
0.00231170654296875 0
0.0071604251861572266 0
0.012152910232543945 0
0.016617774963378906 -2
0.020459413528442383 -2
0.02500319480895996 -2
0.030783891677856445 -6
0.035114288330078125 -30
0.03886270523071289 -30
0.04285001754760742 -80
0.04689383506774902 -26
0.05290961265563965 -48
0.05747556686401367 -99
0.060956716537475586 -121
0.06550860404968262 -134
0.06892633438110352 -141
0.07579851150512695 -156
0.07940459251403809 -164
0.08364534378051758 -164
0.08744645118713379 -174
0.09094500541687012 -177
0.09674787521362305 -183
0.10048508644104004 -188
0.10477161407470703 -192
0.11059069633483887 -196
0.11515140533447266 -198
0.11870026588439941 -197
0.1228189468383789 -200
0.1269242763519287 -207
0.1334531307220459 -209
0.13740110397338867 -210
0.14096879959106445 -212
0.1455385684967041 -215
0.1490309238433838 -215
0.1556565761566162 -218
0.15943169593811035 -218
0.16369295120239258 -220
0.16747736930847168 -220
0.17100024223327637 -223
0.17700695991516113 -224
0.18075084686279297 -226
0.18504858016967773 -228
0.19089007377624512 -229
0.19544124603271484 -230
0.1988520622253418 -229
0.20285916328430176 -230
0.2091062068939209 -229
0.21361422538757324 -229
0.21716761589050293 -229
0.22093605995178223 -228
0.2254946231842041 -230
0.23105359077453613 -230
0.23598337173461914 -229
0.23956012725830078 -230
0.24383139610290527 -229
0.24759435653686523 -229
0.2541537284851074 -230
0.25777459144592285 -231
0.2616286277770996 -233
0.26630425453186035 -233
0.269878625869751 -236
0.27585577964782715 -234
0.2795112133026123 -235
0.2837941646575928 -234
0.2896716594696045 -236
0.29428839683532715 -234
0.29789042472839355 -233
0.3016335964202881 -237
0.3061189651489258 -234
0.31177377700805664 -234
0.3163022994995117 -233
0.31987690925598145 -235
0.3244454860687256 -235
0.3280215263366699 -234
0.33462095260620117 -233
0.338162899017334 -233
0.34187960624694824 -232
0.3463902473449707 -231
0.3500206470489502 -232
0.35613226890563965 -233
0.3596832752227783 -234
0.370105504989624 -234
0.37462735176086426 -235
0.3781921863555908 -235
0.38193392753601074 -237
0.38656139373779297 -236
0.3922104835510254 -240
0.39698219299316406 -238
0.40082597732543945 -238
0.4051375389099121 -240
0.4086911678314209 -238
0.4149360656738281 -239
0.4184846878051758 -235
0.422222375869751 -237
0.42852330207824707 -234
0.43231987953186035 -232
0.4367821216583252 -234
0.44051623344421387 -234
0.44480085372924805 -235
0.4505605697631836 -234
0.45491933822631836 -236
0.45850229263305664 -236
0.46227097511291504 -234
0.46674251556396484 -235
0.4723694324493408 -235
0.4770028591156006 -237
0.4808366298675537 -236
0.4851651191711426 -238
0.4888589382171631 -236
0.49478864669799805 -236
0.498349666595459 -237
0.5020830631256104 -236
0.508328914642334 -236
0.5120875835418701 -236
0.5165815353393555 -236
0.5203342437744141 -236
0.5277121067047119 -236
0.5314795970916748 -235
0.5361454486846924 -235
0.5397164821624756 -235
0.5442147254943848 -235
0.5498323440551758 -234
0.5543599128723145 -234
0.5579326152801514 -234
0.5616991519927979 -234
0.5662388801574707 -236
0.5719420909881592 -236
0.5764608383178711 -235
0.5801210403442383 -236
0.5844931602478027 -236
0.5880818367004395 -236
0.5943007469177246 -236
0.5979030132293701 -238
0.6016526222229004 -238
0.6080162525177002 -237
0.6117956638336182 -237
0.6163110733032227 -236
0.619985818862915 -238
0.624387264251709 -234
0.6301276683807373 -235
0.634514331817627 -233
0.6380743980407715 -232
0.6418681144714355 -232
0.6463453769683838 -232
0.6519687175750732 -232
0.6566047668457031 -233
0.6603801250457764 -234
0.6646568775177002 -231
0.6683342456817627 -234
0.6748988628387451 -236
0.6784682273864746 -236
0.6822080612182617 -234
0.686690092086792 -236
0.690464973449707 -238
0.6963179111480713 -238
0.6999938488006592 -239
0.7043924331665039 -238
0.7101209163665771 -239
0.7146580219268799 -238
0.7182624340057373 -237
0.7220573425292969 -235
0.7265384197235107 -236
0.7321639060974121 -235
0.7366597652435303 -235
0.7403945922851562 -236
0.744666337966919 -235
0.7505002021789551 -235
0.7548158168792725 -233
0.7583680152893066 -234
0.7666220664978027 -232
0.7703943252563477 -235
0.7754173278808594 -236
0.7809872627258301 -236
0.7861380577087402 -237
0.7897434234619141 -236
0.7944035530090332 -238
0.7979750633239746 -236
0.8045964241027832 -237
0.8081643581390381 -237
0.8119075298309326 -235
0.8163859844207764 -235
0.8200187683105469 -236
0.8259806632995605 -236
0.8295695781707764 -235
0.8354344367980957 -236
0.8389954566955566 -234
0.8429341316223145 -234
0.8470237255096436 -234
0.853628396987915 -233
0.8571460247039795 -235
0.8609259128570557 -232
0.8654866218566895 -236
0.8689348697662354 -234
0.8756334781646729 -235
0.8791623115539551 -235
0.8836512565612793 -234
0.8874552249908447 -238
0.891000509262085 -236
0.8970210552215576 -238
0.9007761478424072 -236
0.9050729274749756 -238
0.9110097885131836 -236
0.9158923625946045 -236
0.9195623397827148 -236
0.9238524436950684 -236
0.9297311305999756 -236
0.93424391746521 -236
0.937828779220581 -235
0.9415707588195801 -234
0.946038007736206 -234
0.9516985416412354 -234
0.9563796520233154 -234
0.9600327014923096 -235
0.9644231796264648 -235
0.9680037498474121 -235
0.9745705127716064 -233
0.9781427383422852 -236
0.9819104671478271 -234
0.9864044189453125 -234
0.9901034832000732 -236
0.9960620403289795 -236
0.9996240139007568 -237
