0 0 
0.0031380653381347656 0
0.008222818374633789 0
0.012630462646484375 3
0.01616692543029785 3
0.0227510929107666 8
0.026269197463989258 9
0.02971959114074707 14
0.03439450263977051 23
0.038071393966674805 182
0.04952430725097656 154
0.056107521057128906 206
0.05964183807373047 243
0.06614160537719727 250
0.0702364444732666 269
0.07484126091003418 288
0.08048343658447266 297
0.08504486083984375 302
0.08881902694702148 318
0.09312868118286133 330
0.09894895553588867 345
0.10328364372253418 350
0.1068718433380127 352
0.11061334609985352 365
0.11529016494750977 379
0.12091994285583496 385
0.1256868839263916 392
0.12947511672973633 392
0.13407325744628906 398
0.13759064674377441 398
0.14341092109680176 405
0.14695239067077637 406
0.15068817138671875 410
0.1570584774017334 413
0.16085052490234375 417
0.16532039642333984 423
0.16915273666381836 425
0.17359542846679688 431
0.17938685417175293 434
0.18372774124145508 434
0.18746566772460938 434
0.19147253036499023 438
0.19557404518127441 438
0.20215773582458496 439
0.20572614669799805 439
0.20950913429260254 441
0.21407461166381836 444
0.21770262718200684 446
0.2245347499847412 447
0.22809910774230957 451
0.23240137100219727 450
0.2363748550415039 451
0.24011588096618652 452
0.24674081802368164 454
0.2505166530609131 455
0.2551295757293701 451
0.25887537002563477 452
0.2631995677947998 451
0.2690160274505615 456
0.27339601516723633 452
0.2770102024078369 455
0.28073549270629883 457
0.2852592468261719 459
0.2909281253814697 457
0.2956233024597168 461
0.2993953227996826 461
0.3039984703063965 460
0.3074502944946289 458
0.3133704662322998 459
0.3169112205505371 456
0.32067084312438965 458
0.3270418643951416 458
0.3308398723602295 461
0.33541345596313477 465
0.3440372943878174 465
0.3474910259246826 463
0.3536667823791504 461
0.35721683502197266 458
0.36136460304260254 459
0.36690831184387207 459
0.37071752548217773 460
0.375225305557251 463
0.38088202476501465 462
0.38554835319519043 463
0.3893468379974365 462
0.3936634063720703 468
0.3995020389556885 460
0.4040966033935547 461
0.4076108932495117 461
0.41214537620544434 462
0.4161186218261719 457
0.4227144718170166 462
0.4262964725494385 462
0.43003082275390625 463
0.43445754051208496 466
0.4381062984466553 466
0.4437215328216553 466
0.4474523067474365 463
0.4514291286468506 461
0.45761728286743164 464
0.4621000289916992 459
0.46567392349243164 460
0.4694364070892334 459
0.47417593002319336 461
0.47998714447021484 463
0.48444437980651855 463
0.4881007671356201 464
0.49263978004455566 467
0.4962577819824219 467
0.5028307437896729 464
0.5064387321472168 463
0.5102016925811768 464
0.514885425567627 462
0.518552303314209 459
0.524456262588501 463
0.5280754566192627 462
0.5323710441589355 466
0.5374622344970703 464
0.5414559841156006 465
0.5455458164215088 465
0.55210280418396 464
0.5556714534759521 461
0.5594470500946045 461
0.5640287399291992 461
0.5695819854736328 461
0.5741806030273438 463
0.5776867866516113 462
0.5822668075561523 461
0.5860564708709717 464
0.5924384593963623 466
0.5964021682739258 464
0.6001479625701904 466
0.6046152114868164 468
0.608196496963501 464
0.6140785217285156 464
0.6175925731658936 461
0.6220877170562744 459
0.6277246475219727 461
0.6322319507598877 463
0.6360375881195068 462
0.6395525932312012 464
0.6444175243377686 467
0.6501586437225342 462
0.6548194885253906 465
0.6583917140960693 463
0.6629009246826172 463
0.6664643287658691 458
0.6730351448059082 462
0.6766135692596436 460
0.6804888248443604 461
0.6849687099456787 461
0.6886200904846191 466
0.6945698261260986 466
0.6981649398803711 467
0.7045657634735107 467
0.7081940174102783 466
0.712794303894043 463
0.7164206504821777 463
0.7201719284057617 463
0.7265036106109619 463
0.7302751541137695 464
0.7348031997680664 462
0.7416412830352783 463
0.7468798160552979 463
0.7535910606384277 467
0.7571263313293457 466
0.7608640193939209 465
0.765498161315918 461
0.7692389488220215 461
0.7753746509552002 460
0.779146671295166 460
0.7834141254425049 460
0.7892191410064697 461
0.7935762405395508 463
0.797224760055542 466
0.800947904586792 466
0.8054201602935791 464
0.8114097118377686 465
0.815514087677002 463
0.8192620277404785 463
0.8235809803009033 460
0.8271353244781494 464
0.8341073989868164 463
0.8375968933105469 463
0.8420438766479492 464
0.8455960750579834 465
0.8493423461914062 465
0.8552062511444092 462
0.8589630126953125 464
0.8632731437683105 462
0.8690719604492188 462
0.8733799457550049 461
0.876889705657959 463
0.8806636333465576 461
0.8869905471801758 462
0.8907511234283447 464
0.8954308032989502 467
0.899165153503418 465
0.9051704406738281 468
0.9089550971984863 465
0.9132299423217773 462
0.9190428256988525 465
0.9234752655029297 463
0.9270355701446533 462
0.9307794570922852 460
0.9352211952209473 461
0.9408721923828125 463
0.9453423023223877 463
0.9490811824798584 465
0.9535424709320068 466
0.957099437713623 470
0.964440107345581 466
0.9680964946746826 464
0.9723927974700928 464
0.9761862754821777 460
0.9796791076660156 462
0.9855575561523438 462
0.9893105030059814 462
0.9936089515686035 464
0.9994335174560547 461
