0 0 
0.0025653839111328125 0
0.008571624755859375 0
0.013722419738769531 0
0.02152848243713379 2
0.026159048080444336 7
0.02970743179321289 18
0.03556942939758301 18
0.041353702545166016 86
0.045758962631225586 99
0.0515291690826416 34
0.05615639686584473 105
0.0613560676574707 124
0.06927204132080078 145
0.07284712791442871 155
0.07944226264953613 167
0.08300352096557617 174
0.08773469924926758 174
0.09345078468322754 183
0.09801173210144043 185
0.10364627838134766 195
0.10832500457763672 195
0.11202764511108398 200
0.11694025993347168 203
0.12052059173583984 212
0.13214445114135742 215
0.13660049438476562 218
0.14017820358276367 219
0.14621639251708984 221
0.15016889572143555 223
0.15564465522766113 226
0.1665487289428711 229
0.1709303855895996 229
0.17647433280944824 228
0.18080520629882812 230
0.18753576278686523 232
0.1921849250793457 231
0.1977677345275879 233
0.20409750938415527 235
0.20958280563354492 235
0.21373224258422852 237
0.2182769775390625 237
0.22653412818908691 239
0.23012971878051758 239
0.23390603065490723 239
0.24031782150268555 239
0.24407744407653809 240
0.24862194061279297 242
0.25236940383911133 241
0.2567160129547119 243
0.26250123977661133 244
0.26686906814575195 244
0.2704341411590576 245
0.27417969703674316 242
0.27866697311401367 241
0.28430676460266113 241
0.2913050651550293 242
0.29845118522644043 243
0.30240416526794434 243
0.30820345878601074 242
0.3146941661834717 244
0.31898951530456543 243
0.3247380256652832 243
0.3313329219818115 245
0.336378812789917 244
0.3405137062072754 244
0.3457353115081787 244
0.3502345085144043 245
0.3572852611541748 245
0.36072707176208496 244
0.36473774909973145 245
0.36884164810180664 245
0.37259888648986816 247
0.37859416007995605 244
0.38234734535217285 244
0.38669514656066895 245
0.39251184463500977 242
0.396817684173584 241
0.40037107467651367 242
0.40412044525146484 242
0.4087851047515869 243
0.41533780097961426 246
0.41890740394592285 245
0.4226531982421875 243
0.4269676208496094 243
0.43050408363342285 245
0.4373319149017334 246
0.4407637119293213 243
0.4447667598724365 248
0.4493739604949951 248
0.45287418365478516 244
0.4587385654449463 246
0.46248316764831543 247
0.4677433967590332 244
0.47139620780944824 245
0.4770352840423584 246
0.48058652877807617 245
0.48473215103149414 243
0.490924596786499 243
0.4954237937927246 243
0.4989783763885498 242
0.502744197845459 244
0.5070281028747559 244
0.5128180980682373 243
0.5173771381378174 243
0.5209057331085205 244
0.5253441333770752 243
0.5294270515441895 242
0.5359783172607422 247
0.5396058559417725 247
0.5433228015899658 247
0.547748327255249 247
0.551408052444458 250
0.5570175647735596 245
0.5647225379943848 247
0.5689713954925537 246
0.575573205947876 244
0.5796253681182861 243
0.5833554267883301 246
0.5881209373474121 245
0.5937654972076416 241
0.5982680320739746 245
0.6019041538238525 242
0.6063570976257324 242
0.6099228858947754 244
0.6157500743865967 243
0.6195497512817383 245
0.6233398914337158 244
0.6296820640563965 246
0.6334762573242188 244
0.637946605682373 244
0.6415374279022217 246
0.6461422443389893 247
0.6518669128417969 246
0.6563005447387695 248
0.659888505935669 249
0.6636462211608887 248
0.6681435108184814 246
0.6738078594207764 246
0.6783018112182617 246
0.6819860935211182 247
0.6863608360290527 245
0.6899528503417969 244
0.6965019702911377 242
0.700049638748169 242
0.7038166522979736 242
0.7085001468658447 241
0.7122478485107422 244
0.7181472778320312 243
0.7219507694244385 245
0.726341962814331 243
0.7321557998657227 247
0.7364969253540039 245
0.7400617599487305 248
0.7438127994537354 248
0.7482762336730957 247
0.7539021968841553 246
0.7584044933319092 246
0.7621431350708008 245
0.7666056156158447 245
0.7724120616912842 246
0.7767443656921387 248
0.7803349494934082 245
0.7840836048126221 246
0.7885305881500244 245
0.7941763401031494 243
0.7986419200897217 243
0.8023791313171387 243
0.8066987991333008 244
0.8102619647979736 242
0.8162968158721924 242
0.8198661804199219 242
0.8236150741577148 246
0.8295300006866455 244
0.8334000110626221 244
0.838139533996582 246
0.8437871932983398 247
0.848273515701294 247
0.8519189357757568 248
0.856311559677124 248
0.8598599433898926 249
0.8664624691009521 248
0.870023250579834 247
0.8737905025482178 245
0.8782765865325928 246
0.8823099136352539 245
0.8883583545684814 242
0.8940050601959229 241
0.898524284362793 244
0.9022715091705322 243
0.906548023223877 243
0.9101402759552002 243
0.9161772727966309 245
0.9197885990142822 243
0.923595666885376 245
0.9299662113189697 245
0.934746265411377 245
0.938819169998169 245
0.942559003829956 246
0.9470338821411133 247
0.9528462886810303 246
0.9574229717254639 249
0.964087724685669 246
0.9698324203491211 247
0.9736161231994629 244
0.9785261154174805 245
0.9841930866241455 245
0.9888174533843994 245
0.9925651550292969 244
0.9968791007995605 244
