0 0 
0.0024127960205078125 0
0.007517337799072266 -2
0.012008428573608398 -6
0.01569509506225586 -14
0.020427942276000977 -34
0.026293516159057617 -30
0.03064441680908203 -59
0.03418874740600586 -45
0.037976980209350586 -174
0.04245781898498535 -280
0.04903388023376465 -286
0.05260515213012695 -321
0.05634808540344238 -366
0.060699462890625 -382
0.06425333023071289 -431
0.0703270435333252 -473
0.07917952537536621 -497
0.08329248428344727 -524
0.09018111228942871 -564
0.09376907348632812 -574
0.09752869606018066 -593
0.10212159156799316 -609
0.10586023330688477 -623
0.11173057556152344 -637
0.11534237861633301 -651
0.12188553810119629 -668
0.12560415267944336 -683
0.13000249862670898 -694
0.13356494903564453 -699
0.13734030723571777 -718
0.14391589164733887 -719
0.1476879119873047 -731
0.1521444320678711 -738
0.15587782859802246 -744
0.16020584106445312 -757
0.16614031791687012 -765
0.17045140266418457 -769
0.17405462265014648 -772
0.17777657508850098 -775
0.18224525451660156 -781
0.1879405975341797 -788
0.1924276351928711 -790
0.19617438316345215 -795
0.20061612129211426 -801
0.20419764518737793 -804
0.21024322509765625 -803
0.21389412879943848 -803
0.21767592430114746 -811
0.22357654571533203 -812
0.22733330726623535 -820
0.2318863868713379 -821
0.2375621795654297 -820
0.2420482635498047 -823
0.2458178997039795 -824
0.2501373291015625 -828
0.2559516429901123 -833
0.26049232482910156 -836
0.26404881477355957 -833
0.2678647041320801 -834
0.2723219394683838 -837
0.277972936630249 -838
0.282454252243042 -841
0.2861979007720947 -841
0.2905313968658447 -843
0.2940957546234131 -840
0.3001706600189209 -841
0.30373120307922363 -843
0.30750250816345215 -847
0.3139054775238037 -851
0.31769657135009766 -848
0.32235264778137207 -846
0.3261089324951172 -850
0.33046412467956543 -848
0.33631086349487305 -851
0.34064745903015137 -850
0.34420084953308105 -851
0.3479804992675781 -853
0.3526492118835449 -851
0.35929250717163086 -852
0.36309051513671875 -852
0.3666260242462158 -852
0.37121033668518066 -857
0.3747222423553467 -855
0.3807213306427002 -852
0.3844456672668457 -851
0.38844966888427734 -857
0.3946716785430908 -856
0.39919185638427734 -859
0.4030771255493164 -857
0.40665292739868164 -859
0.4112386703491211 -853
0.4170405864715576 -853
0.42155885696411133 -858
0.4251563549041748 -861
0.4296529293060303 -859
0.43531155586242676 -856
0.440004825592041 -856
0.4436016082763672 -856
0.4473907947540283 -857
0.45188426971435547 -856
0.4575693607330322 -858
0.462066650390625 -859
0.4658370018005371 -857
0.4702019691467285 -857
0.4737813472747803 -860
0.48265576362609863 -861
0.48940253257751465 -859
0.4933955669403076 -857
0.49714016914367676 -854
0.5019333362579346 -855
0.5075781345367432 -859
0.512110710144043 -859
0.5158534049987793 -861
0.5202393531799316 -861
0.5238299369812012 -859
0.5299241542816162 -859
0.5335183143615723 -857
0.5372920036315918 -857
0.5420219898223877 -859
0.547715425491333 -858
0.5522274971008301 -859
0.556013822555542 -858
0.5604918003082275 -861
0.5640597343444824 -862
0.5706319808959961 -862
0.5741989612579346 -861
0.5784239768981934 -857
0.582538366317749 -857
0.586280345916748 -861
0.5921154022216797 -863
0.5958647727966309 -860
0.6002452373504639 -861
0.6061110496520996 -858
0.610602855682373 -858
0.6141469478607178 -856
0.6179006099700928 -861
0.6225593090057373 -860
0.6291263103485107 -861
0.6326918601989746 -857
0.6365067958831787 -862
0.6411457061767578 -857
0.6446731090545654 -860
0.6514458656311035 -861
0.6551129817962646 -860
0.6594200134277344 -862
0.6632423400878906 -856
0.6679074764251709 -856
0.672619104385376 -858
0.679297924041748 -863
0.683295726776123 -861
0.6870326995849609 -858
0.6915605068206787 -858
0.6972241401672363 -858
0.7017951011657715 -860
0.7053811550140381 -861
0.7104840278625488 -863
0.7140445709228516 -858
0.7200963497161865 -859
0.7236921787261963 -858
0.7274670600891113 -859
0.7338519096374512 -861
0.7376461029052734 -862
0.7423422336578369 -860
0.746063232421875 -859
0.7504031658172607 -858
0.7546491622924805 -860
0.7591831684112549 -862
0.7627363204956055 -864
0.7664971351623535 -864
0.7710671424865723 -859
0.7745862007141113 -856
0.7790675163269043 -857
0.7826344966888428 -860
0.7875854969024658 -864
0.7921006679534912 -862
0.7958719730377197 -861
0.800337553024292 -860
0.8038780689239502 -857
0.807673454284668 -863
0.8121166229248047 -862
0.8158552646636963 -864
0.8201773166656494 -859
0.823760986328125 -857
0.8275227546691895 -857
0.831993579864502 -859
0.8365495204925537 -860
0.8411390781402588 -862
0.8446738719940186 -860
0.8491921424865723 -862
0.8530213832855225 -863
0.8565425872802734 -859
0.8613801002502441 -859
0.8650712966918945 -861
0.8693625926971436 -858
0.8733174800872803 -862
0.8816514015197754 -860
0.8861076831817627 -859
0.8906199932098389 -858
0.894176721572876 -857
0.8979120254516602 -866
0.9025382995605469 -862
0.9064023494720459 -861
0.9111278057098389 -857
0.914665937423706 -858
0.9191627502441406 -857
0.923133373260498 -862
0.9266567230224609 -862
0.9313702583312988 -865
0.9350438117980957 -861
0.9403369426727295 -859
0.9439008235931396 -856
0.9476697444915771 -860
0.9521865844726562 -863
0.955949068069458 -863
0.9602351188659668 -863
0.9638442993164062 -861
0.9676306247711182 -861
0.9721169471740723 -858
0.9758803844451904 -859
0.9803736209869385 -861
0.9839231967926025 -865
0.9894466400146484 -862
0.9932692050933838 -862
0.9970197677612305 -861
