0 0 
0.002233266830444336 -2
0.00853109359741211 -2
0.012108325958251953 -2
0.015886783599853516 -6
0.020984649658203125 -29
0.027642488479614258 -86
0.03144121170043945 -27
0.03497147560119629 -123
0.039603233337402344 -41
0.04312419891357422 -235
0.04897880554199219 -259
0.05253934860229492 -296
0.05630612373352051 -318
0.06266021728515625 -342
0.06642270088195801 -368
0.07107853889465332 -388
0.07490944862365723 -401
0.07945513725280762 -430
0.08501291275024414 -450
0.08966422080993652 -462
0.0931696891784668 -475
0.09767317771911621 -486
0.10148143768310547 -497
0.10787224769592285 -507
0.11170434951782227 -517
0.11553788185119629 -525
0.1202230453491211 -536
0.1238102912902832 -553
0.13003945350646973 -560
0.1336207389831543 -568
0.1400771141052246 -578
0.1436917781829834 -581
0.14815735816955566 -583
0.15174126625061035 -591
0.1554865837097168 -593
0.1618959903717041 -601
0.16569852828979492 -607
0.17023181915283203 -614
0.173814058303833 -619
0.17828011512756348 -620
0.18401312828063965 -622
0.192138671875 -626
0.1959514617919922 -633
0.20055007934570312 -633
0.2042849063873291 -642
0.21034550666809082 -644
0.214080810546875 -646
0.21862173080444336 -645
0.2245035171508789 -648
0.2288360595703125 -646
0.23239398002624512 -647
0.2361586093902588 -646
0.24065637588500977 -651
0.24633073806762695 -656
0.250995397567749 -657
0.25477075576782227 -657
0.25908827781677246 -657
0.26265525817871094 -660
0.2695798873901367 -658
0.27312445640563965 -660
0.27762842178344727 -661
0.28116512298583984 -663
0.2849557399749756 -668
0.290816068649292 -662
0.294539213180542 -662
0.2988269329071045 -664
0.30464959144592285 -664
0.3091154098510742 -664
0.31286191940307617 -668
0.31687021255493164 -672
0.3209688663482666 -668
0.3275125026702881 -668
0.33115530014038086 -666
0.3349425792694092 -669
0.33949995040893555 -666
0.3430607318878174 -667
0.34986138343811035 -668
0.35352182388305664 -674
0.3577992916107178 -675
0.3615992069244385 -671
0.3651270866394043 -669
0.3714320659637451 -670
0.37498021125793457 -667
0.38087987899780273 -672
0.38464975357055664 -673
0.3889882564544678 -675
0.39476561546325684 -672
0.39914608001708984 -673
0.40300607681274414 -674
0.4069368839263916 -673
0.4110400676727295 -670
0.41759324073791504 -671
0.4211413860321045 -673
0.42491960525512695 -676
0.4298105239868164 -677
0.4355325698852539 -673
0.4401125907897949 -673
0.44370508193969727 -674
0.4481844902038574 -673
0.45178890228271484 -672
0.4576091766357422 -676
0.46117162704467773 -679
0.4649531841278076 -678
0.47153520584106445 -674
0.47512173652648926 -674
0.4798154830932617 -671
0.4835684299468994 -669
0.4882497787475586 -673
0.49402928352355957 -678
0.49845099449157715 -677
0.5019960403442383 -675
0.5057463645935059 -672
0.5104422569274902 -676
0.5161266326904297 -671
0.5206122398376465 -674
0.5243642330169678 -677
0.5286540985107422 -673
0.5322372913360596 -679
0.538327693939209 -679
0.5419018268585205 -677
0.5457103252410889 -672
0.5516488552093506 -675
0.5551717281341553 -675
0.559882402420044 -677
0.5656003952026367 -674
0.570120096206665 -676
0.5738174915313721 -678
0.5782938003540039 -675
0.5819048881530762 -672
0.5884990692138672 -674
0.5960934162139893 -678
0.6007492542266846 -679
0.6045091152191162 -679
0.6099762916564941 -677
0.6136047840118408 -673
0.6196482181549072 -675
0.6233832836151123 -672
0.6277015209197998 -675
0.6336085796356201 -678
0.638279914855957 -680
0.641890287399292 -680
0.6456437110900879 -677
0.6501367092132568 -678
0.6557960510253906 -674
0.6603176593780518 -672
0.6640214920043945 -678
0.668590784072876 -677
0.6721382141113281 -679
0.678856611251831 -679
0.6823971271514893 -676
0.686140775680542 -675
0.6906147003173828 -673
0.6943845748901367 -674
0.7002782821655273 -674
0.7039899826049805 -676
0.7084121704101562 -677
0.7142846584320068 -679
0.718653678894043 -677
0.722235918045044 -677
0.7259862422943115 -677
0.7306561470031738 -674
0.7363402843475342 -675
0.740816593170166 -677
0.7445762157440186 -679
0.7488787174224854 -678
0.7524538040161133 -677
0.7590603828430176 -678
0.7626144886016846 -676
0.7663593292236328 -675
0.7710044384002686 -674
0.7747969627380371 -676
0.7806699275970459 -678
0.784414529800415 -679
0.7904167175292969 -675
0.7941427230834961 -679
0.7985281944274902 -671
0.8043506145477295 -674
0.8087456226348877 -676
0.8123304843902588 -675
0.8161046504974365 -679
0.8205924034118652 -675
0.8262441158294678 -676
0.830707311630249 -672
0.8344736099243164 -673
0.8388214111328125 -675
0.8423891067504883 -675
0.8490798473358154 -680
0.8526573181152344 -676
0.8563902378082275 -679
0.8609085083007812 -676
0.8646836280822754 -674
0.8705523014068604 -673
0.8743112087249756 -676
0.8794558048248291 -678
0.8842909336090088 -680
0.8886141777038574 -678
0.8922019004821777 -677
0.8959708213806152 -677
0.9005997180938721 -673
0.9043543338775635 -672
0.9088129997253418 -674
0.9124672412872314 -674
0.9162154197692871 -675
0.920743465423584 -679
0.9244813919067383 -676
0.9287962913513184 -678
0.9336044788360596 -675
0.9381129741668701 -675
0.9417219161987305 -673
0.9454524517059326 -675
0.949998140335083 -676
0.9535996913909912 -675
0.9578874111175537 -676
0.961674690246582 -678
0.9654057025909424 -677
0.9701077938079834 -672
0.9737021923065186 -675
0.9782023429870605 -676
0.9818127155303955 -674
0.986351490020752 -675
0.994743824005127 -680
0.9994778633117676 -674
