0 0 
0.0022110939025878906 0
0.010087251663208008 0
0.018133878707885742 -2
0.021738767623901367 -2
0.025955915451049805 -6
0.031284332275390625 -6
0.034822702407836914 -13
0.04085278511047363 -28
0.04468941688537598 -70
0.05122733116149902 -85
0.05479907989501953 -85
0.0597071647644043 -99
0.06336665153503418 -85
0.06763529777526855 -98
0.07343268394470215 -110
0.07793211936950684 -115
0.08160114288330078 -123
0.08856010437011719 -129
0.09210515022277832 -135
0.09867000579833984 -137
0.10220932960510254 -141
0.10592317581176758 -144
0.11036300659179688 -146
0.11409235000610352 -150
0.12015199661254883 -152
0.12387299537658691 -154
0.12825298309326172 -159
0.13409709930419922 -159
0.13842272758483887 -162
0.14270949363708496 -164
0.1467270851135254 -163
0.1508042812347412 -167
0.1573638916015625 -170
0.16132473945617676 -170
0.16484498977661133 -171
0.1694786548614502 -173
0.1729719638824463 -173
0.17992806434631348 -175
0.1834886074066162 -175
0.18791723251342773 -175
0.19152259826660156 -175
0.19670677185058594 -177
0.20226454734802246 -176
0.20603370666503906 -176
0.2104952335357666 -175
0.2161240577697754 -176
0.22064638137817383 -175
0.22440004348754883 -176
0.22868108749389648 -173
0.2322673797607422 -174
0.23925018310546875 -175
0.24267888069152832 -174
0.24668049812316895 -174
0.25075340270996094 -176
0.25449633598327637 -176
0.26038622856140137 -175
0.2641127109527588 -176
0.27038073539733887 -176
0.2741973400115967 -179
0.2784543037414551 -179
0.2819981575012207 -179
0.2857551574707031 -180
0.2922699451446533 -182
0.2960212230682373 -181
0.30062007904052734 -181
0.3043510913848877 -179
0.3086259365081787 -180
0.3144199848175049 -179
0.31874847412109375 -177
0.3222942352294922 -178
0.3260180950164795 -182
0.33046483993530273 -181
0.33620667457580566 -182
0.3406980037689209 -182
0.3444349765777588 -178
0.3487422466278076 -177
0.352292537689209 -176
0.35845470428466797 -176
0.36206603050231934 -176
0.3658413887023926 -178
0.37221550941467285 -178
0.37600278854370117 -177
0.38048696517944336 -178
0.38425135612487793 -179
0.3885688781738281 -178
0.3943965435028076 -179
0.3986837863922119 -180
0.4022345542907715 -179
0.40609049797058105 -179
0.4143688678741455 -181
0.42054104804992676 -180
0.4242696762084961 -178
0.4301784038543701 -178
0.4338650703430176 -181
0.43840575218200684 -178
0.44417786598205566 -178
0.4484527111053467 -180
0.45201587677001953 -180
0.45575928688049316 -179
0.4602336883544922 -179
0.46590352058410645 -179
0.47039270401000977 -179
0.47409486770629883 -178
0.47858214378356934 -177
0.4821302890777588 -178
0.48816442489624023 -178
0.49184083938598633 -178
0.4956214427947998 -181
0.501976490020752 -179
0.5057182312011719 -179
0.510202169418335 -181
0.5138266086578369 -178
0.5182235240936279 -180
0.5239505767822266 -181
0.5283300876617432 -180
0.5319054126739502 -180
0.535696268081665 -180
0.5403480529785156 -179
0.5459580421447754 -179
0.551438570022583 -177
0.5549228191375732 -179
0.5594878196716309 -181
0.5652072429656982 -179
0.5697116851806641 -180
0.5733592510223389 -180
0.57765793800354 -180
0.5815260410308838 -179
0.5867002010345459 -179
0.5908420085906982 -180
0.594580888748169 -178
0.6012563705444336 -178
0.6048712730407715 -179
0.6094563007354736 -179
0.6131885051727295 -178
0.6174445152282715 -180
0.6209723949432373 -178
0.6275322437286377 -177
0.631354570388794 -177
0.634913444519043 -178
0.6394920349121094 -176
0.6452064514160156 -177
0.6497058868408203 -177
0.6533641815185547 -177
0.6576638221740723 -177
0.6616654396057129 -180
0.6674849987030029 -179
0.6712825298309326 -178
0.6747922897338867 -182
0.6802754402160645 -181
0.6840560436248779 -180
0.689971923828125 -181
0.693556547164917 -182
0.698026180267334 -183
0.7036926746368408 -180
0.7082252502441406 -181
0.711787223815918 -183
0.7155046463012695 -182
0.7202138900756836 -179
0.7258470058441162 -181
0.7303440570831299 -181
0.7340812683105469 -179
0.7384083271026611 -180
0.7419688701629639 -181
0.7485432624816895 -179
0.7521131038665771 -179
0.7558643817901611 -178
0.7603673934936523 -178
0.7640924453735352 -177
0.7699713706970215 -176
0.7735569477081299 -176
0.7786483764648438 -178
0.7822508811950684 -176
0.7883102893829346 -179
0.7920048236846924 -179
0.7957544326782227 -179
0.8021149635314941 -178
0.8058924674987793 -179
0.8144245147705078 -178
0.818854570388794 -179
0.8223931789398193 -181
0.8293929100036621 -181
0.8329203128814697 -180
0.8374204635620117 -181
0.8414897918701172 -178
0.8449747562408447 -179
0.8508286476135254 -178
0.8545849323272705 -180
0.8589627742767334 -181
0.86482834815979 -181
0.869408130645752 -177
0.8729069232940674 -179
0.877375602722168 -178
0.8809123039245605 -178
0.8875153064727783 -177
0.8913400173187256 -178
0.8948674201965332 -179
0.8997130393981934 -180
0.9054381847381592 -179
0.9099545478820801 -181
0.913503885269165 -182
0.9179513454437256 -181
0.921673059463501 -180
0.9275386333465576 -181
0.9313600063323975 -179
0.9381110668182373 -179
0.9417307376861572 -178
0.9455060958862305 -179
0.9500417709350586 -179
0.9536244869232178 -179
0.9598488807678223 -179
0.9634308815002441 -180
0.9678959846496582 -180
0.9736063480377197 -180
0.9781246185302734 -179
0.9817111492156982 -179
0.9854748249053955 -180
0.98996901512146 -179
0.995593786239624 -178
