0 0 
0.0023729801177978516 0
0.007494688034057617 3
0.012207508087158203 3
0.015897274017333984 9
0.02024698257446289 9
0.025992393493652344 24
0.030300140380859375 144
0.03389763832092285 38
0.03766918182373047 204
0.042144775390625 256
0.04774880409240723 315
0.05226254463195801 358
0.056002140045166016 399
0.060297489166259766 404
0.06388282775878906 455
0.07007193565368652 479
0.07373309135437012 498
0.07747864723205566 523
0.08337616920471191 552
0.0871434211730957 568
0.09164953231811523 599
0.09729981422424316 617
0.10179018974304199 620
0.1054232120513916 637
0.10980987548828125 652
0.11569881439208984 678
0.12006282806396484 692
0.12362170219421387 698
0.12737154960632324 709
0.13202571868896484 725
0.13765358924865723 730
0.1421372890472412 737
0.14588069915771484 747
0.15021657943725586 752
0.15375685691833496 760
0.15987658500671387 773
0.16347646713256836 781
0.16724228858947754 789
0.17360758781433105 790
0.17739391326904297 799
0.1818397045135498 800
0.18552255630493164 807
0.19006705284118652 812
0.19991636276245117 817
0.20353150367736816 817
0.207322359085083 828
0.21399807929992676 833
0.21777820587158203 837
0.2224109172821045 840
0.22616076469421387 839
0.23047280311584473 843
0.23629021644592285 842
0.24088191986083984 848
0.2443382740020752 848
0.2483065128326416 854
0.25257420539855957 855
0.25921201705932617 858
0.2630577087402344 858
0.26684045791625977 857
0.2713007926940918 859
0.2749474048614502 862
0.2805616855621338 864
0.2841067314147949 867
0.28823161125183105 864
0.29442834854125977 866
0.29836153984069824 869
0.30246448516845703 874
0.3062307834625244 874
0.3109557628631592 872
0.31652212142944336 869
0.3212466239929199 873
0.324908971786499 873
0.3292701244354248 876
0.33508992195129395 878
0.3397836685180664 876
0.34337353706359863 876
0.3471646308898926 876
0.35170912742614746 876
0.35735106468200684 883
0.3618600368499756 883
0.3655393123626709 883
0.37006068229675293 877
0.3736710548400879 876
0.37970805168151855 879
0.3833503723144531 882
0.3871166706085205 881
0.39354562759399414 884
0.3973202705383301 883
0.4019160270690918 884
0.40567588806152344 882
0.41002941131591797 885
0.4158501625061035 888
0.42019033432006836 886
0.42374706268310547 880
0.4275031089782715 883
0.4321460723876953 884
0.4377760887145996 888
0.44226908683776855 889
0.44602298736572266 886
0.45029211044311523 886
0.4538693428039551 883
0.4599161148071289 883
0.46350669860839844 884
0.4672865867614746 889
0.47382140159606934 887
0.47760891914367676 885
0.48215675354003906 885
0.4858968257904053 889
0.4903678894042969 886
0.4961659908294678 887
0.5004534721374512 888
0.5039796829223633 888
0.5077188014984131 885
0.5121772289276123 887
0.5178167819976807 887
0.5222995281219482 889
0.5260860919952393 889
0.530402421951294 885
0.5339276790618896 885
0.5399575233459473 884
0.5435290336608887 888
0.5472745895385742 891
0.5532040596008301 893
0.556952714920044 886
0.5614352226257324 885
0.567054033279419 884
0.5716016292572021 886
0.5751619338989258 888
0.5796327590942383 890
0.5852572917938232 888
0.5897607803344727 887
0.5933303833007812 889
0.6019437313079834 893
0.6056687831878662 891
0.6105117797851562 892
0.6163003444671631 887
0.6210224628448486 885
0.624525785446167 889
0.629021406173706 893
0.632549524307251 886
0.6391794681549072 886
0.6435649394989014 883
0.6473112106323242 887
0.6518409252166748 890
0.6555135250091553 891
0.6614639759063721 893
0.6650454998016357 890
0.6708519458770752 885
0.6745359897613525 890
0.6790361404418945 889
0.6825737953186035 891
0.6891214847564697 892
0.6928985118865967 885
0.696418285369873 891
0.701016902923584 887
0.704521894454956 889
0.7112398147583008 891
0.7148945331573486 887
0.7201101779937744 889
0.7236905097961426 888
0.7299280166625977 888
0.7335114479064941 889
0.7373225688934326 890
0.743671178817749 888
0.747450590133667 888
0.7519638538360596 889
0.7556991577148438 889
0.7600226402282715 892
0.7658076286315918 891
0.7701139450073242 887
0.7736778259277344 886
0.7774293422698975 882
0.7819192409515381 889
0.7876670360565186 891
0.7923176288604736 891
0.7960526943206787 892
0.8003735542297363 890
0.8039090633392334 888
0.8104705810546875 886
0.8140084743499756 894
0.8177475929260254 891
0.8221855163574219 891
0.8259100914001465 890
0.8317852020263672 891
0.8354113101959229 887
0.8398408889770508 890
0.8456614017486572 892
0.8501274585723877 890
0.853691577911377 888
0.857450008392334 889
0.862114667892456 890
0.8677184581756592 888
0.8722176551818848 892
0.8759405612945557 890
0.8802683353424072 890
0.8837902545928955 885
0.8903124332427979 889
0.8938705921173096 894
0.8976113796234131 893
0.9020986557006836 889
0.9077472686767578 891
0.9124951362609863 886
0.9162628650665283 889
0.9205622673034668 891
0.9241015911102295 893
0.9301738739013672 890
0.9337368011474609 892
0.9374978542327881 887
0.9438362121582031 886
0.9476113319396973 892
0.9520740509033203 892
0.9558515548706055 893
0.9601995944976807 886
0.965961217880249 889
0.9704196453094482 889
0.9739556312561035 888
0.9777157306671143 890
0.9821562767028809 891
0.9877660274505615 889
0.9924097061157227 887
