0 0 
0.003259897232055664 0
0.008432149887084961 0
0.012759208679199219 0
0.016292333602905273 0
0.020070791244506836 -2
0.026508331298828125 -6
0.030339717864990234 -15
0.03484201431274414 -39
0.038683414459228516 -12
0.04323387145996094 -31
0.04902005195617676 -61
0.05333590507507324 -121
0.0569005012512207 -141
0.060634613037109375 -151
0.06514382362365723 -176
0.07120561599731445 -180
0.07536864280700684 -194
0.07915759086608887 -189
0.08370423316955566 -198
0.08715510368347168 -208
0.09308409690856934 -218
0.0966651439666748 -224
0.10042095184326172 -230
0.1057898998260498 -237
0.10931611061096191 -246
0.1153101921081543 -252
0.11907482147216797 -260
0.12734103202819824 -263
0.13432526588439941 -264
0.13791799545288086 -267
0.14254403114318848 -269
0.14618277549743652 -270
0.15198802947998047 -275
0.15594720840454102 -279
0.15969562530517578 -282
0.1654338836669922 -282
0.16921424865722656 -282
0.17378759384155273 -283
0.17934536933898926 -283
0.18398284912109375 -284
0.18771052360534668 -285
0.19197344779968262 -289
0.195786714553833 -289
0.20217156410217285 -293
0.20596051216125488 -289
0.20972919464111328 -295
0.21429157257080078 -293
0.21788501739501953 -295
0.22391629219055176 -296
0.2274484634399414 -298
0.23390626907348633 -297
0.23769783973693848 -296
0.24198079109191895 -294
0.24578046798706055 -294
0.249312162399292 -294
0.2561209201812744 -293
0.25992417335510254 -293
0.2644641399383545 -297
0.268099308013916 -296
0.27255940437316895 -298
0.27817583084106445 -299
0.28289175033569336 -298
0.2864689826965332 -300
0.2902224063873291 -298
0.29469966888427734 -300
0.30040931701660156 -303
0.3049144744873047 -301
0.30866432189941406 -303
0.3129394054412842 -302
0.31649327278137207 -303
0.3225245475769043 -299
0.32616448402404785 -299
0.33057355880737305 -296
0.3369483947753906 -296
0.34069204330444336 -295
0.34535837173461914 -297
0.3491184711456299 -296
0.3534224033355713 -299
0.35925769805908203 -302
0.36383533477783203 -303
0.3673546314239502 -304
0.3718094825744629 -304
0.3753657341003418 -306
0.3819618225097656 -305
0.3859734535217285 -304
0.3897285461425781 -303
0.39417171478271484 -302
0.39989757537841797 -302
0.4046909809112549 -301
0.4083833694458008 -302
0.41280174255371094 -299
0.41640472412109375 -301
0.4224574565887451 -299
0.42606639862060547 -300
0.42983436584472656 -299
0.4361896514892578 -300
0.43999528884887695 -303
0.44457387924194336 -301
0.44826388359069824 -302
0.45268988609313965 -302
0.45841097831726074 -304
0.4629666805267334 -302
0.46656298637390137 -299
0.4703333377838135 -305
0.47486400604248047 -304
0.4804880619049072 -304
0.48503756523132324 -300
0.4888007640838623 -299
0.4931178092956543 -301
0.4966559410095215 -298
0.5026860237121582 -297
0.5062620639801025 -300
0.5100173950195312 -302
0.5151546001434326 -301
0.5189130306243896 -303
0.5271427631378174 -305
0.5342659950256348 -304
0.5378813743591309 -302
0.5425283908843994 -304
0.5483055114746094 -303
0.5528912544250488 -301
0.5565042495727539 -303
0.5602726936340332 -302
0.5647480487823486 -299
0.5703933238983154 -299
0.5749123096466064 -300
0.5787405967712402 -301
0.583242654800415 -303
0.5868117809295654 -299
0.5928902626037598 -302
0.5964653491973877 -300
0.6002175807952881 -302
0.6065988540649414 -302
0.6104075908660889 -301
0.6149313449859619 -303
0.6186995506286621 -302
0.6230161190032959 -304
0.6288323402404785 -304
0.6331448554992676 -303
0.6366932392120361 -304
0.6404361724853516 -299
0.6451599597930908 -302
0.6512033939361572 -299
0.6553106307983398 -299
0.6590585708618164 -299
0.6633775234222412 -300
0.6669301986694336 -301
0.6737725734710693 -300
0.6774086952209473 -302
0.6819288730621338 -303
0.6854550838470459 -302
0.6892216205596924 -303
0.6950690746307373 -304
0.6988043785095215 -304
0.7047319412231445 -303
0.7084417343139648 -304
0.7128522396087646 -302
0.7186970710754395 -302
0.7230575084686279 -302
0.7266285419464111 -301
0.7304179668426514 -301
0.734950065612793 -300
0.7406067848205566 -300
0.7450976371765137 -298
0.7488389015197754 -301
0.7531483173370361 -299
0.7567200660705566 -301
0.7629573345184326 -303
0.7665600776672363 -304
0.7703428268432617 -304
0.7762763500213623 -304
0.7800641059875488 -306
0.7846381664276123 -305
0.7904033660888672 -304
0.7948949337005615 -304
0.7986607551574707 -302
0.8029508590698242 -301
0.8065476417541504 -298
0.8131651878356934 -299
0.8167428970336914 -300
0.8205041885375977 -300
0.8251690864562988 -300
0.8289265632629395 -298
0.8348195552825928 -302
0.8385858535766602 -303
0.8448810577392578 -303
0.8486766815185547 -304
0.8529655933380127 -304
0.8565564155578613 -302
0.860318660736084 -305
0.8666751384735107 -302
0.8704514503479004 -304
0.8749649524688721 -301
0.8787329196929932 -301
0.8832335472106934 -299
0.8890163898468018 -299
0.8933441638946533 -297
0.8969109058380127 -298
0.900641918182373 -301
0.9053022861480713 -301
0.911931037902832 -300
0.9158358573913574 -302
0.9193873405456543 -302
0.9277539253234863 -302
0.9329028129577637 -304
0.9365019798278809 -305
0.942828893661499 -302
0.9464139938354492 -304
0.9501953125 -301
0.9567008018493652 -302
0.9605062007904053 -300
0.964954137802124 -301
0.9687111377716064 -302
0.9730367660522461 -299
0.9788470268249512 -298
0.9831712245941162 -300
0.9867539405822754 -300
0.9905517101287842 -299
0.9950401782989502 -302
