0 0 
0.009113073348999023 0
0.0159451961517334 -3
0.02242732048034668 -8
0.026734113693237305 -8
0.030283451080322266 -91
0.03399920463562012 -14
0.03845477104187012 -128
0.044042348861694336 -155
0.0486454963684082 -182
0.05236649513244629 -268
0.05667901039123535 -290
0.06018662452697754 -285
0.06548690795898438 -327
0.06943154335021973 -357
0.07317805290222168 -392
0.07876372337341309 -399
0.0825498104095459 -410
0.08809781074523926 -428
0.09140324592590332 -456
0.09695982933044434 -471
0.10046577453613281 -475
0.10626888275146484 -497
0.10979151725769043 -501
0.11323857307434082 -511
0.1187899112701416 -517
0.12259578704833984 -529
0.1283855438232422 -534
0.1319105625152588 -545
0.1372683048248291 -558
0.14074397087097168 -566
0.146697998046875 -576
0.15017914772033691 -583
0.15549468994140625 -588
0.15919280052185059 -586
0.16302776336669922 -586
0.16865825653076172 -585
0.17239046096801758 -592
0.1779038906097412 -594
0.18127918243408203 -606
0.18702077865600586 -615
0.19052648544311523 -618
0.1964282989501953 -617
0.19993329048156738 -621
0.20342659950256348 -614
0.20896625518798828 -618
0.21268129348754883 -615
0.2183387279510498 -619
0.22657418251037598 -631
0.23246288299560547 -636
0.2369673252105713 -636
0.24045491218566895 -638
0.24419069290161133 -634
0.24893474578857422 -632
0.2549104690551758 -631
0.25899791717529297 -634
0.2627403736114502 -635
0.2681541442871094 -639
0.27147960662841797 -644
0.2772965431213379 -643
0.28094053268432617 -642
0.2865872383117676 -642
0.29010725021362305 -643
0.29500532150268555 -644
0.2991766929626465 -646
0.30289530754089355 -648
0.30861663818359375 -646
0.31233882904052734 -642
0.31775498390197754 -642
0.32123374938964844 -640
0.3268558979034424 -642
0.33034181594848633 -650
0.3359415531158447 -652
0.3395061492919922 -656
0.3432278633117676 -654
0.3488039970397949 -650
0.35251736640930176 -644
0.3580930233001709 -646
0.3614022731781006 -643
0.36723947525024414 -649
0.37073588371276855 -649
0.3765225410461426 -658
0.38002920150756836 -655
0.3835000991821289 -654
0.3890652656555176 -653
0.3928191661834717 -649
0.3972611427307129 -646
0.4012463092803955 -645
0.40694212913513184 -653
0.4107701778411865 -655
0.4168996810913086 -656
0.4203939437866211 -658
0.42720460891723633 -654
0.43068981170654297 -653
0.4344065189361572 -650
0.4389009475708008 -649
0.44263720512390137 -651
0.4482269287109375 -652
0.45177555084228516 -655
0.4571089744567871 -655
0.46062207221984863 -656
0.4664607048034668 -652
0.46996259689331055 -654
0.47345519065856934 -651
0.47903966903686523 -658
0.4827730655670166 -660
0.48848772048950195 -660
0.49221110343933105 -659
0.49747133255004883 -654
0.5011751651763916 -646
0.5067434310913086 -649
0.5102653503417969 -652
0.5158007144927979 -655
0.5193042755126953 -658
0.5230317115783691 -663
0.5286142826080322 -662
0.5323474407196045 -659
0.5381255149841309 -654
0.5414516925811768 -648
0.5465881824493408 -649
0.5523567199707031 -656
0.556842565536499 -655
0.5603189468383789 -660
0.5640268325805664 -663
0.5685558319091797 -662
0.5741791725158691 -654
0.5786480903625488 -653
0.5824902057647705 -651
0.5868668556213379 -650
0.5903792381286621 -651
0.5970165729522705 -655
0.6005227565765381 -656
0.6042191982269287 -656
0.608881950378418 -658
0.6126139163970947 -656
0.6182124614715576 -656
0.6215078830718994 -659
0.6321496963500977 -657
0.6367676258087158 -659
0.6402707099914551 -655
0.6439869403839111 -652
0.6486020088195801 -651
0.6542501449584961 -651
0.6587173938751221 -651
0.6624326705932617 -657
0.6669940948486328 -659
0.6705136299133301 -664
0.6771228313446045 -657
0.6806478500366211 -654
0.6844561100006104 -651
0.6889445781707764 -650
0.6926496028900146 -649
0.6982448101043701 -659
0.7017650604248047 -661
0.7070877552032471 -661
0.7106022834777832 -661
0.7164003849029541 -658
0.719907283782959 -651
0.7233858108520508 -649
0.72910475730896 -651
0.7328150272369385 -652
0.738396406173706 -654
0.7419359683990479 -661
0.7473039627075195 -659
0.7509222030639648 -659
0.7565751075744629 -658
0.7600855827331543 -654
0.7649722099304199 -651
0.7692193984985352 -651
0.7729828357696533 -652
0.778573751449585 -653
0.7821872234344482 -655
0.7874929904937744 -660
0.7911701202392578 -658
0.7957503795623779 -656
0.7994120121002197 -655
0.8031563758850098 -653
0.8074796199798584 -656
0.8111486434936523 -658
0.8154182434082031 -658
0.8191132545471191 -657
0.8228299617767334 -657
0.8271780014038086 -650
0.8306756019592285 -651
0.8363215923309326 -655
0.8399043083190918 -652
0.8433916568756104 -656
0.848290205001831 -657
0.851834774017334 -658
0.8564088344573975 -658
0.8599066734313965 -658
0.8634107112884521 -653
0.8681795597076416 -649
0.8715097904205322 -650
0.8762409687042236 -650
0.8795149326324463 -655
0.8832597732543945 -658
0.8887183666229248 -659
0.8924539089202881 -662
0.8967792987823486 -658
0.9002749919891357 -656
0.904026985168457 -651
0.9087197780609131 -650
0.9124667644500732 -652
0.916785717010498 -654
0.9202790260314941 -653
0.9240257740020752 -664
0.9286782741546631 -664
0.9324190616607666 -658
0.9375014305114746 -657
0.941279411315918 -654
0.9457950592041016 -651
0.9492931365966797 -647
0.9530227184295654 -650
0.957369327545166 -652
0.9610044956207275 -657
0.9649784564971924 -657
0.9693012237548828 -661
0.9730532169342041 -658
0.9773895740509033 -655
0.981074333190918 -656
0.9849746227264404 -653
0.9901416301727295 -652
0.993863582611084 -653
0.9983787536621094 -656
