0 0 
0.0027320384979248047 0
0.0072100162506103516 0
0.010709524154663086 3
0.01492619514465332 3
0.01900482177734375 22
0.02477717399597168 14
0.028723716735839844 46
0.0322418212890625 37
0.03763866424560547 173
0.0413818359375 265
0.0467677116394043 257
0.053026676177978516 360
0.05769753456115723 384
0.06148242950439453 397
0.06575918197631836 429
0.06935906410217285 448
0.07564091682434082 495
0.07922554016113281 500
0.08299779891967773 544
0.08937525749206543 552
0.09316682815551758 580
0.09765887260437012 593
0.10139012336730957 605
0.10573053359985352 622
0.11154913902282715 636
0.1159520149230957 647
0.11954522132873535 660
0.1233060359954834 677
0.127763032913208 691
0.13340115547180176 698
0.13804841041564941 700
0.14182400703430176 711
0.14614439010620117 715
0.14973664283752441 726
0.15676569938659668 734
0.16061663627624512 743
0.16492152214050293 751
0.16871285438537598 753
0.1722266674041748 756
0.17812776565551758 761
0.1818830966949463 769
0.18619489669799805 776
0.1920793056488037 783
0.19692492485046387 784
0.2005901336669922 787
0.20491337776184082 786
0.2108001708984375 793
0.2153310775756836 796
0.21893596649169922 798
0.22269701957702637 803
0.22720837593078613 807
0.23286700248718262 807
0.2374410629272461 808
0.24109220504760742 807
0.24552083015441895 807
0.24908947944641113 814
0.25491857528686523 822
0.25893306732177734 819
0.2627239227294922 824
0.2691226005554199 820
0.2729184627532959 824
0.2774014472961426 824
0.2809903621673584 832
0.2856619358062744 831
0.29148221015930176 831
0.29584574699401855 830
0.2994105815887451 829
0.30318689346313477 833
0.3076627254486084 834
0.31328368186950684 838
0.3179183006286621 836
0.32169389724731445 837
0.3260517120361328 832
0.3296084403991699 840
0.33623600006103516 840
0.3398134708404541 841
0.34392380714416504 840
0.3480794429779053 838
0.3518638610839844 836
0.3577566146850586 837
0.3615105152130127 839
0.3657963275909424 845
0.3716247081756592 842
0.37978506088256836 842
0.3839688301086426 838
0.38820767402648926 843
0.3919804096221924 845
0.3979980945587158 845
0.40183448791503906 847
0.4077432155609131 842
0.41153407096862793 842
0.41603946685791016 842
0.4218435287475586 849
0.4261901378631592 846
0.4297215938568115 846
0.43346071243286133 845
0.4381067752838135 845
0.44467711448669434 841
0.44823598861694336 848
0.4520256519317627 847
0.45659303665161133 847
0.4600343704223633 847
0.4659421443939209 845
0.46948790550231934 842
0.4732367992401123 847
0.4794776439666748 849
0.48328375816345215 847
0.4877631664276123 848
0.4915196895599365 846
0.49601292610168457 844
0.5018651485443115 848
0.5061521530151367 849
0.509711742401123 848
0.5134494304656982 851
0.51790452003479 847
0.523914098739624 847
0.5280137062072754 846
0.5317337512969971 847
0.5360162258148193 847
0.5395772457122803 848
0.546546459197998 848
0.5499789714813232 845
0.5540065765380859 848
0.558264970779419 847
0.5620260238647461 851
0.5678644180297852 850
0.57167649269104 848
0.5778982639312744 848
0.5816981792449951 848
0.5859682559967041 847
0.5895235538482666 850
0.5932669639587402 849
0.5996181964874268 848
0.6034035682678223 846
0.6078672409057617 846
0.6116244792938232 847
0.6160798072814941 848
0.6218535900115967 850
0.6261544227600098 848
0.6296992301940918 851
0.633460283279419 846
0.6379196643829346 851
0.6439752578735352 849
0.648082971572876 853
0.6518459320068359 851
0.6561439037322998 850
0.6596899032592773 848
0.666234016418457 847
0.6701147556304932 847
0.6745500564575195 853
0.6785597801208496 853
0.6820499897003174 850
0.6878600120544434 847
0.6915864944458008 848
0.6959247589111328 845
0.7017059326171875 852
0.7059824466705322 853
0.709557056427002 853
0.7132844924926758 849
0.7177789211273193 848
0.7234230041503906 846
0.7279062271118164 847
0.731656551361084 849
0.736107587814331 852
0.7396526336669922 851
0.7462043762207031 850
0.7497575283050537 847
0.7534966468811035 850
0.7580094337463379 846
0.7617354393005371 849
0.767585277557373 852
0.7712488174438477 848
0.7814769744873047 846
0.7860534191131592 848
0.789595365524292 853
0.793311595916748 851
0.7980382442474365 850
0.8040468692779541 851
0.8086621761322021 847
0.8122222423553467 851
0.8169004917144775 851
0.8205535411834717 851
0.8261442184448242 851
0.8296949863433838 849
0.833432674407959 846
0.8397622108459473 849
0.8439512252807617 851
0.8480563163757324 851
0.851825475692749 851
0.8565628528594971 852
0.8621032238006592 847
0.8666775226593018 846
0.8702106475830078 850
0.8746228218078613 849
0.8781743049621582 853
0.8847661018371582 851
0.8885707855224609 851
0.8920869827270508 848
0.8966927528381348 850
0.9002201557159424 849
0.9069669246673584 851
0.9107270240783691 849
0.9153635501861572 850
0.9190504550933838 845
0.9249331951141357 849
0.9289441108703613 849
0.9356868267059326 851
0.9392406940460205 853
0.9429821968078613 848
0.9474844932556152 852
0.9511308670043945 848
0.9570951461791992 851
0.9607033729553223 852
0.964972734451294 850
0.9708318710327148 848
0.9754824638366699 849
0.9790661334991455 844
0.9828169345855713 850
0.9873471260070801 854
0.9929919242858887 851
0.9974792003631592 851
