0 0 
0.0025963783264160156 0
0.008338689804077148 3
0.012049198150634766 8
0.016294240951538086 8
0.019909143447875977 8
0.02596592903137207 13
0.029552459716796875 22
0.033281803131103516 184
0.03923296928405762 137
0.04275345802307129 210
0.04730963706970215 279
0.05283403396606445 295
0.05784296989440918 367
0.06672906875610352 388
0.07030034065246582 392
0.07404041290283203 410
0.08121562004089355 440
0.08591103553771973 451
0.0895090103149414 464
0.09323549270629883 484
0.09771156311035156 497
0.10333633422851562 505
0.10785365104675293 519
0.11140060424804688 529
0.11608719825744629 538
0.11976170539855957 555
0.12633085250854492 563
0.12992644309997559 565
0.13367342948913574 575
0.1381239891052246 578
0.14181804656982422 593
0.14781594276428223 599
0.15139460563659668 603
0.1559159755706787 612
0.16166353225708008 616
0.16629886627197266 618
0.16988682746887207 622
0.17370223999023438 627
0.17835521697998047 628
0.18399763107299805 639
0.18848752975463867 638
0.19225335121154785 644
0.19652891159057617 645
0.20009899139404297 650
0.20670413970947266 651
0.21024584770202637 650
0.21408319473266602 652
0.21856689453125 657
0.22229409217834473 662
0.228165864944458 662
0.2319481372833252 662
0.2371203899383545 664
0.24058175086975098 666
0.24650144577026367 666
0.2500612735748291 668
0.2537953853607178 672
0.2601642608642578 673
0.2639639377593994 674
0.2684938907623291 674
0.27225542068481445 677
0.2765486240386963 671
0.28238344192504883 675
0.2866988182067871 679
0.29029250144958496 677
0.29402661323547363 681
0.2986867427825928 681
0.30525946617126465 685
0.30881381034851074 682
0.3125724792480469 681
0.31713032722473145 680
0.3205900192260742 683
0.3264946937561035 681
0.33013391494750977 686
0.333911657333374 687
0.3402748107910156 683
0.3440215587615967 682
0.34851837158203125 682
0.35227251052856445 683
0.3567230701446533 685
0.3625493049621582 685
0.3671102523803711 687
0.3705599308013916 688
0.3745899200439453 687
0.3787062168121338 687
0.3852972984313965 685
0.3888204097747803 681
0.39258289337158203 683
0.3971364498138428 689
0.40070343017578125 691
0.4075205326080322 688
0.4111630916595459 687
0.4154360294342041 683
0.4194047451019287 685
0.4245915412902832 683
0.42916369438171387 691
0.43271470069885254 692
0.43935537338256836 694
0.44318103790283203 694
0.44766736030578613 688
0.4512510299682617 688
0.45577478408813477 686
0.46356797218322754 691
0.4697577953338623 693
0.4737207889556885 691
0.47844552993774414 689
0.4840993881225586 688
0.4891209602355957 686
0.4926333427429199 686
0.4974710941314697 689
0.5010976791381836 692
0.5066735744476318 693
0.510221004486084 691
0.5139727592468262 689
0.5202999114990234 686
0.525780439376831 686
0.5293488502502441 687
0.532820463180542 687
0.5377218723297119 692
0.5433456897735596 693
0.5480523109436035 692
0.551685094833374 691
0.5562191009521484 690
0.5597965717315674 688
0.5663225650787354 689
0.5699155330657959 689
0.5736362934112549 695
0.578211784362793 692
0.5819528102874756 692
0.5878298282623291 690
0.5913934707641602 688
0.5965163707733154 688
0.6000800132751465 689
0.6061604022979736 692
0.6097588539123535 695
0.6135201454162598 692
0.6198585033416748 694
0.623629093170166 689
0.6280832290649414 690
0.6317224502563477 686
0.6361443996429443 688
0.6419796943664551 691
0.6463124752044678 692
0.6498692035675049 695
0.6536080837249756 692
0.6582300662994385 692
0.6638367176055908 689
0.6683230400085449 689
0.6720831394195557 689
0.6764802932739258 691
0.6800148487091064 693
0.686194658279419 695
0.6897566318511963 690
0.6935367584228516 690
0.6998646259307861 687
0.7036278247833252 692
0.7080883979797363 690
0.71173095703125 692
0.7162821292877197 695
0.7221300601959229 693
0.7264831066131592 691
0.7300281524658203 687
0.7337679862976074 688
0.738222599029541 691
0.7438244819641113 691
0.7483108043670654 695
0.7520973682403564 693
0.7564256191253662 693
0.7599837779998779 691
0.7665364742279053 689
0.7700772285461426 690
0.7737972736358643 689
0.778419017791748 689
0.7821624279022217 693
0.7881264686584473 693
0.791806697845459 696
0.7961599826812744 694
0.8019723892211914 689
0.806333065032959 691
0.8099384307861328 692
0.8137140274047852 694
0.8202362060546875 693
0.8239948749542236 692
0.8284499645233154 689
0.8321914672851562 686
0.8366310596466064 690
0.8424379825592041 691
0.846726655960083 692
0.8502514362335205 692
0.8539724349975586 695
0.8584246635437012 689
0.8675572872161865 692
0.871211051940918 688
0.8760404586791992 688
0.8817577362060547 694
0.8863210678100586 692
0.8898787498474121 694
0.8936524391174316 691
0.8983547687530518 689
0.9039928913116455 686
0.9084415435791016 689
0.9121944904327393 688
0.9165756702423096 691
0.920137882232666 693
0.9261653423309326 694
0.9297692775726318 696
0.9335207939147949 689
0.9382054805755615 688
0.9438273906707764 686
0.9484467506408691 690
0.9522156715393066 690
0.9566771984100342 691
0.9602131843566895 695
0.9667677879333496 694
0.9703295230865479 689
0.9740993976593018 688
0.9785687923431396 688
0.9823596477508545 691
0.9882137775421143 694
0.9919521808624268 696
0.9962937831878662 694
