0 0 
0.002386808395385742 0
0.0070459842681884766 0
0.012045621871948242 0
0.018505334854125977 0
0.023571252822875977 0
0.030980348587036133 0
0.03538203239440918 2
0.038865089416503906 2
0.0426332950592041 2
0.04720902442932129 7
0.05276036262512207 7
0.057410478591918945 7
0.06112861633300781 14
0.06558418273925781 14
0.06910967826843262 14
0.07526516914367676 14
0.07886910438537598 14
0.08260583877563477 27
0.08892631530761719 27
0.09263896942138672 33
0.09708642959594727 33
0.10080599784851074 39
0.10505986213684082 42
0.11092448234558105 42
0.11522650718688965 42
0.1188199520111084 42
0.1225435733795166 48
0.12698602676391602 48
0.13258743286132812 50
0.1372523307800293 50
0.14095401763916016 50
0.14523696899414062 50
0.14876890182495117 52
0.1553337574005127 52
0.15885257720947266 52
0.16264891624450684 53
0.1670830249786377 53
0.17080998420715332 54
0.17666983604431152 55
0.18021821975708008 55
0.18470048904418945 54
0.19043707847595215 54
0.1949920654296875 54
0.19855070114135742 56
0.20229697227478027 56
0.20674371719360352 56
0.21241450309753418 57
0.21684908866882324 57
0.22045373916625977 58
0.2247929573059082 58
0.22834277153015137 57
0.23488211631774902 57
0.23842215538024902 57
0.24214911460876465 58
0.24666476249694824 57
0.25231027603149414 58
0.2570772171020508 58
0.2607998847961426 58
0.2651047706604004 58
0.26865577697753906 58
0.2746706008911133 58
0.2782418727874756 59
0.28197813034057617 59
0.28839731216430664 58
0.2921879291534424 58
0.2966797351837158 58
0.30023765563964844 58
0.30469822883605957 58
0.3103067874908447 59
0.3150005340576172 58
0.3185451030731201 58
0.32285237312316895 59
0.327847957611084 59
0.33426356315612793 59
0.33806324005126953 59
0.34156107902526855 59
0.3462677001953125 60
0.3498818874359131 60
0.3554418087005615 59
0.3589615821838379 59
0.36270999908447266 60
0.36908626556396484 60
0.37325024604797363 59
0.37755393981933594 59
0.3812997341156006 60
0.38558268547058105 60
0.3914048671722412 60
0.39595842361450195 60
0.39957404136657715 59
0.4041118621826172 59
0.4078712463378906 61
0.41425657272338867 60
0.4215710163116455 60
0.42643046379089355 60
0.430023193359375 60
0.43428993225097656 60
0.4393773078918457 59
0.4433116912841797 60
0.4495995044708252 60
0.4540836811065674 60
0.4580414295196533 60
0.4615323543548584 60
0.466106653213501 60
0.4715995788574219 60
0.47626233100891113 61
0.47992515563964844 60
0.4843001365661621 60
0.48814868927001953 59
0.4948725700378418 59
0.49840617179870605 59
0.502150297164917 59
0.5065999031066895 60
0.5101447105407715 60
0.5160324573516846 60
0.5195224285125732 59
0.5239338874816895 59
0.5295524597167969 59
0.5340478420257568 60
0.537562370300293 60
0.5413033962249756 59
0.5478272438049316 59
0.5514044761657715 59
0.5561282634735107 59
0.5598375797271729 59
0.5640876293182373 59
0.5698184967041016 58
0.5742719173431396 58
0.5780692100524902 58
0.5815436840057373 57
0.5864157676696777 57
0.5919947624206543 57
0.5965394973754883 57
0.6000816822052002 59
0.6045317649841309 59
0.6081037521362305 58
0.6115829944610596 59
0.6175916194915771 59
0.6213469505310059 59
0.6278460025787354 59
0.631439208984375 59
0.6360008716583252 58
0.6394731998443604 58
0.6433768272399902 59
0.647425651550293 59
0.6539211273193359 59
0.6574552059173584 59
0.6611988544464111 59
0.6654675006866455 59
0.6713354587554932 59
0.6760561466217041 59
0.6795468330383301 59
0.6840314865112305 60
0.6875505447387695 58
0.6941611766815186 58
0.6979353427886963 58
0.7014331817626953 59
0.7059900760650635 59
0.709470272064209 59
0.7154386043548584 59
0.7189414501190186 59
0.7227051258087158 60
0.7290360927581787 60
0.7327775955200195 60
0.7374100685119629 59
0.7411472797393799 59
0.7454214096069336 59
0.7511816024780273 59
0.755486249923706 59
0.7590103149414062 59
0.7627434730529785 59
0.7671871185302734 60
0.7727737426757812 60
0.7772619724273682 59
0.7811033725738525 60
0.7854230403900146 60
0.7889688014984131 60
0.795954704284668 60
0.7993803024291992 60
0.8033237457275391 60
0.8074212074279785 60
0.8111705780029297 59
0.8209531307220459 59
0.8254132270812988 59
0.8289308547973633 59
0.8359038829803467 60
0.8393368721008301 60
0.8432981967926025 60
0.8479056358337402 61
0.8513896465301514 61
0.8573517799377441 60
0.8610799312591553 60
0.865401029586792 60
0.8712074756622314 60
0.8755102157592773 59
0.8790571689605713 59
0.8827660083770752 60
0.8872179985046387 61
0.892829179763794 61
0.8972799777984619 61
0.9010171890258789 59
0.9052736759185791 61
0.9111430644989014 61
0.9158389568328857 60
0.9191205501556396 60
0.9232606887817383 60
0.9273381233215332 60
0.9333221912384033 60
0.9374179840087891 60
0.9411382675170898 59
0.9454236030578613 59
0.9489612579345703 59
0.954998254776001 59
0.9585435390472412 59
0.9623401165008545 59
0.9687013626098633 59
0.97247314453125 59
0.9771614074707031 60
0.9809050559997559 58
0.9852054119110107 59
0.9909858703613281 59
0.9952723979949951 59
0.9988245964050293 59
