0 0 
0.0037059783935546875 0
0.008643627166748047 -2
0.012965202331542969 -2
0.01654529571533203 -7
0.023463726043701172 -13
0.03217267990112305 -91
0.036490678787231445 -54
0.043526411056518555 -173
0.049361228942871094 -274
0.05408740043640137 -294
0.05764150619506836 -363
0.0626218318939209 -439
0.07624554634094238 -463
0.08247756958007812 -488
0.08605098724365234 -499
0.0922703742980957 -521
0.09811997413635254 -561
0.1041719913482666 -578
0.10983157157897949 -599
0.11442804336547852 -607
0.1200859546661377 -625
0.12598705291748047 -628
0.1326897144317627 -656
0.13850164413452148 -664
0.14385318756103516 -681
0.14964675903320312 -684
0.1545264720916748 -691
0.16018939018249512 -699
0.16694259643554688 -709
0.17295074462890625 -718
0.17650890350341797 -720
0.18026518821716309 -727
0.18879437446594238 -732
0.194627046585083 -732
0.1983809471130371 -738
0.2027437686920166 -744
0.20862340927124023 -753
0.2146284580230713 -752
0.21837544441223145 -751
0.22267627716064453 -753
0.23024702072143555 -761
0.2373027801513672 -767
0.2415785789489746 -767
0.2455461025238037 -769
0.24927353858947754 -767
0.2537243366241455 -766
0.25950193405151367 -769
0.26399946212768555 -771
0.267592191696167 -776
0.27208662033081055 -780
0.2756788730621338 -778
0.2822990417480469 -778
0.2858469486236572 -780
0.2895936965942383 -777
0.29413580894470215 -779
0.2977135181427002 -782
0.3039369583129883 -783
0.307513952255249 -788
0.3120412826538086 -784
0.3177201747894287 -783
0.32224297523498535 -782
0.32582545280456543 -781
0.32958388328552246 -785
0.334094762802124 -793
0.3397524356842041 -790
0.3444056510925293 -786
0.3481564521789551 -787
0.35249781608581543 -787
0.36239004135131836 -793
0.3659942150115967 -793
0.3697359561920166 -790
0.37627243995666504 -789
0.38015127182006836 -788
0.3847627639770508 -791
0.38849353790283203 -792
0.3927953243255615 -793
0.3985865116119385 -794
0.40290188789367676 -792
0.40645742416381836 -792
0.410186767578125 -793
0.4146394729614258 -793
0.42027878761291504 -794
0.42496728897094727 -797
0.42873406410217285 -794
0.4330322742462158 -791
0.4365723133087158 -792
0.44266319274902344 -791
0.4462146759033203 -795
0.4500596523284912 -799
0.4564375877380371 -793
0.46205639839172363 -796
0.4656705856323242 -792
0.4694201946258545 -791
0.4741404056549072 -792
0.47982215881347656 -795
0.48445725440979004 -797
0.4882042407989502 -793
0.49417638778686523 -794
0.49785685539245605 -792
0.5037693977355957 -793
0.5074262619018555 -797
0.5137715339660645 -798
0.5174496173858643 -797
0.5219523906707764 -797
0.5255708694458008 -793
0.5293197631835938 -793
0.5358479022979736 -793
0.5396420955657959 -794
0.544304609298706 -796
0.5479819774627686 -796
0.5523815155029297 -796
0.5582151412963867 -793
0.5625433921813965 -792
0.5661253929138184 -791
0.569868803024292 -796
0.5743448734283447 -796
0.5800645351409912 -799
0.584557056427002 -796
0.5883111953735352 -791
0.592658519744873 -795
0.596210241317749 -794
0.6024060249328613 -796
0.6060116291046143 -795
0.6097803115844727 -796
0.6156928539276123 -794
0.6194608211517334 -795
0.625922679901123 -794
0.6297013759613037 -799
0.6342024803161621 -798
0.6378929615020752 -796
0.6423192024230957 -797
0.648151159286499 -793
0.6525135040283203 -787
0.6560878753662109 -796
0.659837007522583 -796
0.664433479309082 -798
0.6701059341430664 -798
0.6746063232421875 -792
0.6783649921417236 -792
0.6826725006103516 -796
0.6862025260925293 -795
0.6922388076782227 -795
0.6958181858062744 -799
0.6995995044708252 -800
0.7060048580169678 -792
0.7097935676574707 -796
0.7142901420593262 -793
0.7179851531982422 -796
0.7226364612579346 -799
0.7284502983093262 -798
0.7329347133636475 -798
0.7364940643310547 -797
0.740227222442627 -795
0.7446780204772949 -793
0.7507305145263672 -796
0.7548730373382568 -799
0.7634782791137695 -795
0.7669854164123535 -796
0.7715036869049072 -793
0.7764449119567871 -793
0.780177116394043 -796
0.7849469184875488 -797
0.7915554046630859 -796
0.7953414916992188 -799
0.7988758087158203 -794
0.8035106658935547 -794
0.8070309162139893 -796
0.8134727478027344 -796
0.8169834613800049 -797
0.8214850425720215 -796
0.825007438659668 -795
0.828758716583252 -795
0.8332891464233398 -796
0.8369021415710449 -794
0.841395378112793 -797
0.8453471660614014 -798
0.8488874435424805 -799
0.8534626960754395 -795
0.8569860458374023 -794
0.862769365310669 -793
0.8663361072540283 -795
0.8701081275939941 -793
0.8745639324188232 -798
0.8783338069915771 -797
0.8826415538787842 -796
0.8861982822418213 -795
0.8899352550506592 -795
0.8944175243377686 -791
0.8981947898864746 -797
0.9026632308959961 -798
0.9062032699584961 -796
0.9116740226745605 -795
0.9154791831970215 -797
0.9189877510070801 -794
0.9236667156219482 -793
0.927344799041748 -796
0.9383916854858398 -797
0.942840576171875 -796
0.9495155811309814 -793
0.9543929100036621 -790
0.9600341320037842 -794
0.9679648876190186 -798
0.9729745388031006 -797
0.9765331745147705 -797
0.9802877902984619 -795
0.9847934246063232 -795
0.9913938045501709 -796
0.9954774379730225 -797
0.9989893436431885 -796
