0 0 
0.005437612533569336 0
0.012135744094848633 0
0.01674675941467285 -7
0.023682832717895508 -16
0.02736353874206543 -16
0.03395342826843262 -19
0.037584781646728516 -178
0.045377254486083984 -92
0.05229616165161133 -235
0.05585956573486328 -244
0.05961918830871582 -287
0.06684398651123047 -306
0.07382082939147949 -349
0.08239221572875977 -371
0.08824872970581055 -382
0.09273171424865723 -393
0.09636068344116211 -402
0.10338163375854492 -412
0.10710000991821289 -424
0.113128662109375 -433
0.11660408973693848 -445
0.12255573272705078 -456
0.1283729076385498 -464
0.13272690773010254 -472
0.13854050636291504 -477
0.143357515335083 -485
0.14709234237670898 -488
0.15273165702819824 -493
0.15629911422729492 -497
0.1643233299255371 -500
0.1699833869934082 -503
0.17464113235473633 -511
0.17841053009033203 -511
0.18321895599365234 -520
0.18878746032714844 -519
0.19473910331726074 -523
0.1984875202178955 -524
0.20280814170837402 -525
0.20869755744934082 -529
0.2184600830078125 -529
0.22314071655273438 -532
0.22660017013549805 -540
0.23466968536376953 -536
0.23845338821411133 -537
0.2451305389404297 -539
0.2487499713897705 -539
0.2622494697570801 -540
0.265857458114624 -545
0.27208852767944336 -546
0.2778294086456299 -547
0.2840566635131836 -549
0.28974342346191406 -545
0.2945830821990967 -546
0.30120277404785156 -548
0.30733728408813477 -547
0.31322622299194336 -552
0.316835880279541 -552
0.32132387161254883 -553
0.3295304775238037 -550
0.3343179225921631 -547
0.3431427478790283 -549
0.34660911560058594 -550
0.35064196586608887 -551
0.35738372802734375 -556
0.36556482315063477 -555
0.3693661689758301 -555
0.37386322021484375 -552
0.3795292377471924 -548
0.3842599391937256 -550
0.39206528663635254 -553
0.39563798904418945 -553
0.4014701843261719 -558
0.40883421897888184 -559
0.4138331413269043 -553
0.42153072357177734 -553
0.4253392219543457 -552
0.4288473129272461 -552
0.43408894538879395 -553
0.43779468536376953 -554
0.44245290756225586 -555
0.44826292991638184 -555
0.4525928497314453 -557
0.456195592880249 -553
0.4599177837371826 -556
0.46857333183288574 -553
0.4746971130371094 -555
0.47847652435302734 -554
0.4851975440979004 -555
0.4888646602630615 -558
0.49381375312805176 -558
0.49741315841674805 -555
0.501873254776001 -557
0.507472038269043 -556
0.5119824409484863 -553
0.515596866607666 -553
0.5193426609039307 -553
0.5238626003265381 -553
0.5295305252075195 -556
0.5342581272125244 -557
0.5380067825317383 -557
0.5423488616943359 -556
0.545926570892334 -556
0.5519537925720215 -552
0.5555989742279053 -554
0.5593619346618652 -555
0.5657501220703125 -552
0.5696282386779785 -556
0.5741381645202637 -557
0.5778214931488037 -558
0.582219123840332 -557
0.5880591869354248 -554
0.5925345420837402 -553
0.5960850715637207 -553
0.5998413562774658 -550
0.604301929473877 -552
0.609933614730835 -553
0.6144633293151855 -554
0.6182148456573486 -555
0.6225357055664062 -556
0.6261038780212402 -558
0.632155179977417 -557
0.6356983184814453 -555
0.6394608020782471 -554
0.6457545757293701 -553
0.6495370864868164 -552
0.6542074680328369 -554
0.6580600738525391 -555
0.6639425754547119 -558
0.6675634384155273 -557
0.6737527847290039 -556
0.6794428825378418 -551
0.683997392654419 -552
0.6875655651092529 -549
0.6920819282531738 -552
0.6956477165222168 -552
0.7014954090118408 -557
0.7053127288818359 -555
0.7088398933410645 -553
0.714242696762085 -556
0.7179973125457764 -555
0.7238750457763672 -552
0.7274785041809082 -553
0.7319991588592529 -554
0.7378242015838623 -550
0.7422118186950684 -553
0.7458004951477051 -553
0.7495794296264648 -555
0.754084587097168 -557
0.7598755359649658 -555
0.7643756866455078 -556
0.7681560516357422 -555
0.7726442813873291 -554
0.7761969566345215 -553
0.7827897071838379 -554
0.7863519191741943 -556
0.7901318073272705 -555
0.7948529720306396 -557
0.7986149787902832 -554
0.8044660091400146 -555
0.8082423210144043 -554
0.8125412464141846 -552
0.8184192180633545 -550
0.822716474533081 -555
0.8262655735015869 -553
0.8300399780273438 -555
0.8346788883209229 -558
0.8412270545959473 -559
0.8447859287261963 -557
0.8485918045043945 -554
0.8531761169433594 -552
0.8587408065795898 -552
0.8640973567962646 -555
0.8724930286407471 -554
0.8761932849884033 -555
0.8799591064453125 -556
0.8848369121551514 -559
0.8914697170257568 -555
0.8955607414245605 -554
0.8993358612060547 -554
0.9038493633270264 -552
0.9095175266265869 -552
0.914027214050293 -553
0.9176979064941406 -555
0.9222843647003174 -553
0.9258599281311035 -555
0.9319634437561035 -557
0.935565710067749 -557
0.9392983913421631 -554
0.9456403255462646 -556
0.9494454860687256 -553
0.9541246891021729 -552
0.9578361511230469 -557
0.9622697830200195 -554
0.968080997467041 -557
0.9723820686340332 -561
0.9759838581085205 -558
0.9797797203063965 -552
0.984271764755249 -553
0.9899044036865234 -551
0.9943952560424805 -550
0.9981586933135986 -555
