0 0 
0.002585887908935547 0
0.008512735366821289 2
0.012189865112304688 2
0.016468286514282227 2
0.020076990127563477 7
0.026094436645507812 16
0.029638290405273438 12
0.03336954116821289 20
0.039804935455322266 75
0.043575286865234375 179
0.048065900802612305 186
0.051753997802734375 197
0.0561366081237793 201
0.06179165840148926 256
0.07005023956298828 260
0.07383990287780762 282
0.0786752700805664 289
0.08242940902709961 299
0.08846569061279297 317
0.09220337867736816 325
0.09920763969421387 340
0.10280203819274902 349
0.10739755630493164 352
0.11111927032470703 362
0.11674189567565918 369
0.12035536766052246 373
0.12409496307373047 380
0.12995219230651855 380
0.13374948501586914 384
0.1382455825805664 393
0.14386963844299316 398
0.1483783721923828 401
0.15209531784057617 401
0.1563878059387207 410
0.16221332550048828 411
0.16657710075378418 417
0.17012381553649902 421
0.17386841773986816 419
0.17836642265319824 423
0.1840054988861084 424
0.18867111206054688 422
0.19245648384094238 422
0.19675874710083008 427
0.2003180980682373 428
0.20649409294128418 431
0.21006202697753906 435
0.21390914916992188 437
0.22028326988220215 441
0.2240602970123291 440
0.22851085662841797 441
0.23225045204162598 440
0.2365553379058838 439
0.24233317375183105 437
0.24679255485534668 439
0.25037622451782227 440
0.2541356086730957 440
0.2586100101470947 442
0.2646191120147705 444
0.26874780654907227 447
0.2725040912628174 446
0.2768123149871826 446
0.28034257888793945 449
0.28638529777526855 450
0.2899813652038574 451
0.29372406005859375 448
0.30008959770202637 445
0.30385923385620117 445
0.30850887298583984 445
0.3122594356536865 442
0.3165469169616699 446
0.32234811782836914 452
0.32662153244018555 450
0.3302726745605469 451
0.3340284824371338 456
0.3386707305908203 454
0.3452129364013672 448
0.34878110885620117 451
0.35253262519836426 450
0.35685300827026367 446
0.3604104518890381 446
0.3675558567047119 448
0.3712024688720703 449
0.3754696846008301 451
0.3792600631713867 452
0.38277244567871094 454
0.3886253833770752 453
0.3924083709716797 453
0.39672207832336426 454
0.4026334285736084 452
0.4072103500366211 451
0.4106729030609131 451
0.4146437644958496 450
0.4187345504760742 450
0.4253218173980713 451
0.4293246269226074 453
0.4328446388244629 453
0.43741536140441895 453
0.4431772232055664 451
0.44776415824890137 456
0.4513671398162842 454
0.4558537006378174 451
0.45946431159973145 451
0.46779727935791016 449
0.47350025177001953 451
0.478212833404541 455
0.48187947273254395 456
0.48661303520202637 454
0.4901916980743408 456
0.49783945083618164 454
0.5014302730560303 454
0.5059101581573486 453
0.5094921588897705 451
0.5146434307098389 450
0.5188138484954834 452
0.5225591659545898 450
0.526871919631958 452
0.5326926708221436 453
0.5375697612762451 454
0.5412437915802002 453
0.5455024242401123 453
0.5514907836914062 453
0.5560140609741211 452
0.5596041679382324 453
0.5633471012115479 453
0.5678668022155762 454
0.5734941959381104 453
0.5781044960021973 452
0.5817611217498779 454
0.5861396789550781 455
0.5897088050842285 454
0.5955245494842529 455
0.5994958877563477 458
0.6032042503356934 455
0.6088290214538574 457
0.612612247467041 452
0.61690354347229 452
0.6227188110351562 453
0.627328634262085 451
0.6308450698852539 451
0.6353569030761719 455
0.638883113861084 452
0.6454870700836182 456
0.6492643356323242 457
0.6528279781341553 456
0.6574370861053467 456
0.6631333827972412 456
0.667865514755249 454
0.6714367866516113 451
0.6760222911834717 451
0.6796097755432129 450
0.6854305267333984 452
0.689223051071167 451
0.6927170753479004 453
0.6992568969726562 456
0.7028286457061768 456
0.7074072360992432 456
0.7111499309539795 455
0.715411901473999 458
0.7211568355560303 451
0.7254941463470459 450
0.729466438293457 450
0.7331786155700684 453
0.7376301288604736 448
0.7433452606201172 452
0.747870922088623 458
0.7514402866363525 456
0.7558972835540771 455
0.7594976425170898 457
0.7652745246887207 458
0.7688755989074707 451
0.7726504802703857 454
0.7791814804077148 454
0.7827730178833008 451
0.7877748012542725 451
0.79134202003479 454
0.7956132888793945 455
0.8014781475067139 456
0.805964469909668 455
0.8095498085021973 457
0.8136501312255859 456
0.8181631565093994 454
0.8237872123718262 452
0.8283040523529053 454
0.8323993682861328 448
0.8367207050323486 452
0.8402416706085205 452
0.8471970558166504 456
0.8506453037261963 455
0.8546361923217773 456
0.8588809967041016 455
0.8626468181610107 457
0.8717918395996094 454
0.8765416145324707 455
0.8823013305664062 452
0.8867812156677246 450
0.8903348445892334 451
0.894089937210083 451
0.898695707321167 453
0.9052035808563232 453
0.9091849327087402 455
0.9126944541931152 453
0.9173486232757568 454
0.9208648204803467 455
0.9267208576202393 455
0.930243730545044 454
0.933964729309082 452
0.940284252166748 454
0.9440507888793945 454
0.9485070705413818 455
0.9522523880004883 455
0.9565458297729492 454
0.9623527526855469 456
0.9667885303497314 454
0.9703750610351562 454
0.9741039276123047 452
0.9785761833190918 455
0.9845576286315918 448
0.988818883895874 450
0.9925849437713623 451
0.9971635341644287 452
