0 0 
0.002444028854370117 0
0.0071010589599609375 0
0.012090921401977539 -2
0.016580581665039062 -2
0.020305633544921875 -7
0.025132179260253906 -12
0.031004905700683594 -19
0.03532600402832031 -32
0.03893733024597168 -146
0.04264092445373535 -193
0.04711556434631348 -187
0.053102970123291016 -229
0.057204246520996094 -238
0.060974836349487305 -265
0.06527948379516602 -282
0.06882643699645996 -299
0.07591652870178223 -311
0.07943296432495117 -330
0.08389687538146973 -347
0.08788633346557617 -356
0.09139204025268555 -371
0.09727621078491211 -376
0.10102558135986328 -385
0.10539698600769043 -397
0.11123871803283691 -395
0.11592674255371094 -405
0.11970353126525879 -415
0.1239476203918457 -418
0.1297931671142578 -428
0.13414406776428223 -436
0.13795709609985352 -442
0.14171314239501953 -445
0.14640212059020996 -451
0.15207505226135254 -457
0.1565995216369629 -458
0.160322904586792 -462
0.16469478607177734 -463
0.16825079917907715 -466
0.17413735389709473 -469
0.177962064743042 -475
0.18453669548034668 -477
0.18812108039855957 -478
0.1918647289276123 -482
0.19636797904968262 -486
0.1999661922454834 -485
0.20616555213928223 -486
0.21239948272705078 -487
0.21796321868896484 -491
0.22471213340759277 -487
0.22830748558044434 -491
0.2320997714996338 -494
0.23672962188720703 -494
0.24039745330810547 -498
0.24638032913208008 -499
0.2499549388885498 -496
0.25443553924560547 -499
0.2601337432861328 -498
0.2647995948791504 -499
0.2684338092803955 -496
0.27219152450561523 -499
0.276674747467041 -499
0.2823326587677002 -501
0.28682971000671387 -502
0.2906038761138916 -504
0.29491662979125977 -505
0.2985057830810547 -503
0.3050854206085205 -505
0.30863118171691895 -505
0.31238484382629395 -503
0.31688475608825684 -500
0.3206503391265869 -504
0.3267216682434082 -504
0.33058881759643555 -503
0.335796594619751 -504
0.3392961025238037 -507
0.34515810012817383 -505
0.3487579822540283 -505
0.3525097370147705 -505
0.3588876724243164 -505
0.36264586448669434 -504
0.36714768409729004 -506
0.37090253829956055 -507
0.3751668930053711 -508
0.38099193572998047 -508
0.38572120666503906 -508
0.3891868591308594 -508
0.39318037033081055 -507
0.39727306365966797 -508
0.40397095680236816 -505
0.40779829025268555 -503
0.411346435546875 -503
0.41592931747436523 -504
0.41965222358703613 -505
0.4252660274505615 -507
0.4288318157196045 -510
0.43259525299072266 -512
0.4389832019805908 -510
0.443134069442749 -511
0.4474039077758789 -506
0.451169490814209 -508
0.4576759338378906 -505
0.4612882137298584 -505
0.4662597179412842 -504
0.4698827266693115 -506
0.47435426712036133 -508
0.47994470596313477 -511
0.4845595359802246 -509
0.4882209300994873 -511
0.4919743537902832 -506
0.4965381622314453 -507
0.502171516418457 -505
0.5068488121032715 -505
0.5105977058410645 -506
0.5149145126342773 -507
0.5185277462005615 -505
0.5245828628540039 -509
0.5281815528869629 -511
0.5319392681121826 -507
0.5383338928222656 -507
0.5421087741851807 -508
0.5465972423553467 -506
0.5502989292144775 -505
0.5547170639038086 -506
0.5604102611541748 -507
0.5650098323822021 -507
0.5685904026031494 -506
0.5724217891693115 -509
0.5769383907318115 -507
0.5826249122619629 -508
0.5871438980102539 -510
0.5908923149108887 -509
0.5953516960144043 -505
0.5989141464233398 -506
0.6057918071746826 -506
0.6093430519104004 -505
0.6172678470611572 -508
0.6210355758666992 -508
0.6279065608978271 -509
0.6317119598388672 -510
0.6364052295684814 -507
0.6400034427642822 -505
0.6445066928863525 -506
0.6501545906066895 -504
0.654700756072998 -504
0.6582510471343994 -507
0.6619949340820312 -509
0.6665563583374023 -511
0.6722095012664795 -510
0.676811695098877 -510
0.6805615425109863 -507
0.685032844543457 -506
0.6885864734649658 -505
0.6946945190429688 -506
0.69828200340271 -506
0.7020134925842285 -506
0.7084429264068604 -506
0.7122366428375244 -508
0.7167050838470459 -507
0.7203948497772217 -510
0.7249677181243896 -508
0.7308223247528076 -507
0.7351553440093994 -508
0.7387230396270752 -505
0.7424709796905518 -506
0.747112512588501 -506
0.7531700134277344 -507
0.7572705745697021 -508
0.761040210723877 -510
0.7653639316558838 -507
0.7689056396484375 -510
0.7749617099761963 -509
0.7785351276397705 -507
0.7823233604431152 -505
0.7888593673706055 -505
0.7926335334777832 -505
0.7971155643463135 -504
0.8008825778961182 -508
0.8053278923034668 -510
0.8112187385559082 -511
0.815784215927124 -510
0.8192825317382812 -510
0.8237347602844238 -509
0.8273067474365234 -506
0.8338992595672607 -507
0.8374300003051758 -504
0.8412275314331055 -503
0.8457906246185303 -505
0.8492767810821533 -509
0.8562965393066406 -512
0.8598830699920654 -512
0.864508867263794 -510
0.8681313991546631 -511
0.8739609718322754 -507
0.8777754306793213 -504
0.8812973499298096 -506
0.8879094123840332 -506
0.8916876316070557 -505
0.8961319923400879 -509
0.8998334407806396 -509
0.90415358543396 -509
0.9099345207214355 -514
0.9145853519439697 -510
0.9181890487670898 -508
0.9219644069671631 -508
0.9266414642333984 -509
0.9322595596313477 -505
0.9367783069610596 -507
0.9405415058135986 -507
0.9448587894439697 -509
0.9484272003173828 -507
0.9544663429260254 -510
0.9580850601196289 -512
0.9618637561798096 -507
0.9681122303009033 -509
0.9718999862670898 -509
0.976414680480957 -505
0.9799759387969971 -506
0.9846475124359131 -506
0.9904217720031738 -506
0.9948492050170898 -508
0.9984023571014404 -512
