0 0 
0.0024056434631347656 0
0.007065296173095703 0
0.012045860290527344 0
0.01649641990661621 0
0.02006983757019043 0
0.024698257446289062 2
0.030344486236572266 15
0.0347747802734375 15
0.038359880447387695 39
0.04210710525512695 39
0.04661679267883301 98
0.05707073211669922 57
0.06079864501953125 57
0.06537175178527832 106
0.06889915466308594 111
0.07265734672546387 118
0.07977628707885742 132
0.08411097526550293 136
0.08805036544799805 139
0.09176898002624512 145
0.09616899490356445 149
0.10181593894958496 156
0.10637760162353516 158
0.10996699333190918 161
0.11457514762878418 165
0.11828994750976562 169
0.12486934661865234 173
0.12845659255981445 174
0.13224530220031738 173
0.13675975799560547 173
0.14044737815856934 177
0.14641261100769043 176
0.14998722076416016 176
0.1544511318206787 180
0.16014742851257324 180
0.16476917266845703 181
0.16836905479431152 182
0.17215180397033691 182
0.17683196067810059 183
0.1825110912322998 184
0.187025785446167 184
0.19077086448669434 186
0.19525575637817383 188
0.19884347915649414 189
0.2054142951965332 189
0.20897269248962402 190
0.21314406394958496 191
0.21730756759643555 191
0.22107219696044922 191
0.22696685791015625 192
0.23072433471679688 192
0.23660659790039062 193
0.24020600318908691 193
0.24472665786743164 193
0.25046300888061523 194
0.25490736961364746 194
0.258481502532959 193
0.26222848892211914 191
0.2667560577392578 191
0.2723808288574219 193
0.2769186496734619 191
0.28066349029541016 192
0.2850055694580078 194
0.28858518600463867 194
0.29484033584594727 195
0.2984590530395508 194
0.3022119998931885 193
0.3086106777191162 193
0.3123958110809326 194
0.3169059753417969 194
0.3206477165222168 197
0.3251323699951172 195
0.33099842071533203 196
0.3353722095489502 196
0.33891868591308594 195
0.3426663875579834 193
0.34715962409973145 194
0.3531808853149414 194
0.3574683666229248 195
0.36121225357055664 195
0.3658597469329834 196
0.3693711757659912 196
0.3760194778442383 196
0.3797135353088379 193
0.38399672508239746 195
0.3878021240234375 196
0.39134907722473145 194
0.3972177505493164 193
0.4010741710662842 196
0.4053678512573242 195
0.4112122058868408 195
0.4159681797027588 195
0.41948795318603516 195
0.4240105152130127 193
0.4298272132873535 195
0.43418073654174805 195
0.4379739761352539 194
0.44147515296936035 196
0.4461684226989746 196
0.45646190643310547 196
0.460115909576416 196
0.4647495746612549 196
0.4683253765106201 196
0.4720797538757324 196
0.47871851921081543 199
0.48249149322509766 197
0.4872429370880127 196
0.4910111427307129 196
0.4953272342681885 196
0.5011086463928223 195
0.5054442882537842 196
0.5090022087097168 194
0.5127265453338623 195
0.5172011852264404 193
0.5232136249542236 194
0.5273122787475586 194
0.5310630798339844 194
0.5357563495635986 195
0.5391912460327148 192
0.5451071262359619 196
0.5486531257629395 195
0.5524094104766846 195
0.5586588382720947 195
0.5624208450317383 197
0.5669407844543457 196
0.5706944465637207 194
0.575070858001709 197
0.5808687210083008 195
0.5862321853637695 196
0.5899231433868408 197
0.5946431159973145 197
0.6003899574279785 196
0.6048202514648438 197
0.608426570892334 196
0.6121859550476074 195
0.616663932800293 195
0.6223201751708984 194
0.6267964839935303 194
0.6304788589477539 195
0.6348779201507568 196
0.6384561061859131 195
0.6445002555847168 194
0.6480920314788818 194
0.6518900394439697 194
0.6570169925689697 193
0.6608004570007324 195
0.6667377948760986 192
0.6703877449035645 195
0.67647385597229 195
0.6800780296325684 196
0.686532735824585 196
0.6901040077209473 196
0.6946060657501221 195
0.6981971263885498 194
0.7019553184509277 196
0.7083160877227783 198
0.7121045589447021 199
0.7168595790863037 198
0.7206206321716309 198
0.7249636650085449 195
0.7307543754577637 196
0.735119104385376 194
0.7387125492095947 196
0.742457389831543 197
0.7469279766082764 197
0.7525434494018555 195
0.7570207118988037 195
0.7607946395874023 193
0.7651546001434326 193
0.7687053680419922 194
0.7753853797912598 195
0.7789525985717773 197
0.7827057838439941 196
0.7873144149780273 195
0.7910661697387695 197
0.7969992160797119 195
0.8007512092590332 194
0.8050498962402344 196
0.8108642101287842 194
0.8151967525482178 196
0.8187427520751953 197
0.8224954605102539 195
0.8270137310028076 198
0.8326501846313477 197
0.8372807502746582 195
0.8410491943359375 198
0.8457419872283936 198
0.8492004871368408 197
0.8597638607025146 197
0.8640644550323486 196
0.868018388748169 198
0.871751070022583 194
0.8774096965789795 194
0.881218671798706 193
0.8859426975250244 192
0.8914787769317627 195
0.8964056968688965 196
0.900010347366333 196
0.9044814109802246 194
0.9081141948699951 195
0.9146971702575684 193
0.9183769226074219 195
0.9221463203430176 195
0.926630973815918 195
0.9302074909210205 197
0.9362387657165527 197
0.9399013519287109 197
0.9453964233398438 198
0.9489929676055908 196
0.9527332782745361 196
0.9574637413024902 197
0.9640579223632812 196
0.968069314956665 196
0.9718115329742432 199
0.977440357208252 197
0.981212854385376 196
0.9877645969390869 196
0.99137282371521 196
0.9959931373596191 194
0.9995036125183105 194
