0 0 
0.002619504928588867 0
0.00835561752319336 0
0.012041091918945312 2
0.01630854606628418 2
0.019855022430419922 7
0.025855064392089844 18
0.029402494430541992 59
0.033128976821899414 21
0.03908371925354004 85
0.04261064529418945 130
0.0471804141998291 170
0.052661895751953125 189
0.05734682083129883 176
0.06099224090576172 203
0.06523895263671875 216
0.07100963592529297 245
0.07563471794128418 250
0.07922768592834473 266
0.08295965194702148 277
0.08738446235656738 290
0.09305977821350098 295
0.09776067733764648 304
0.10135746002197266 313
0.10584783554077148 320
0.10940337181091309 326
0.11532282829284668 336
0.11911463737487793 341
0.12261271476745605 343
0.12941479682922363 348
0.13321375846862793 353
0.1377420425415039 351
0.14130640029907227 356
0.14577817916870117 361
0.15151476860046387 370
0.1560983657836914 375
0.15976619720458984 376
0.16353559494018555 382
0.16803812980651855 383
0.173675537109375 387
0.17814183235168457 390
0.1818833351135254 389
0.1861424446105957 390
0.18973779678344727 390
0.19574546813964844 394
0.19932937622070312 393
0.20306706428527832 392
0.2093830108642578 395
0.2131214141845703 398
0.21779847145080566 398
0.22147464752197266 399
0.2258899211883545 402
0.23165225982666016 404
0.23606085777282715 405
0.23961925506591797 403
0.2433760166168213 404
0.24787616729736328 404
0.25352931022644043 406
0.25816774368286133 403
0.2620213031768799 405
0.26996612548828125 406
0.27629661560058594 409
0.2798590660095215 407
0.2836179733276367 409
0.290130615234375 411
0.29387354850769043 410
0.29851651191711426 412
0.302919864654541 411
0.30765843391418457 410
0.31331872940063477 409
0.3178131580352783 410
0.3214755058288574 409
0.3258845806121826 409
0.3295292854309082 410
0.3357391357421875 412
0.3393723964691162 412
0.3431251049041748 414
0.3494102954864502 415
0.3531646728515625 415
0.35768938064575195 415
0.3612689971923828 415
0.36574339866638184 411
0.3715193271636963 411
0.37590789794921875 412
0.3794846534729004 409
0.3832404613494873 408
0.38791871070861816 413
0.39357781410217285 413
0.39821743965148926 414
0.40203428268432617 415
0.4063553810119629 415
0.4098942279815674 415
0.41651058197021484 414
0.42008423805236816 414
0.4238307476043701 414
0.42829394340515137 413
0.43204379081726074 410
0.4379100799560547 410
0.44156312942504883 411
0.4459850788116455 412
0.45186376571655273 414
0.4562962055206299 414
0.45983266830444336 415
0.46357297897338867 417
0.46804118156433105 416
0.47370171546936035 417
0.4781663417816162 413
0.4820218086242676 412
0.48633670806884766 412
0.4921116828918457 412
0.4964330196380615 411
0.49997544288635254 412
0.5037462711334229 412
0.5082075595855713 416
0.5138473510742188 415
0.5185220241546631 416
0.522244930267334 414
0.526522159576416 414
0.5300741195678711 414
0.5361125469207764 415
0.5396966934204102 414
0.5434541702270508 413
0.5497705936431885 414
0.5535593032836914 412
0.5580170154571533 410
0.5617854595184326 412
0.5661370754241943 413
0.5720310211181641 414
0.5764904022216797 415
0.5800173282623291 415
0.5837814807891846 416
0.5882396697998047 414
0.5938405990600586 417
0.5982873439788818 412
0.6020140647888184 411
0.6063001155853271 413
0.6098196506500244 409
0.6163578033447266 411
0.6199638843536377 412
0.6236963272094727 413
0.6281604766845703 416
0.6319115161895752 417
0.6379098892211914 416
0.6415712833404541 415
0.6475510597229004 416
0.6511759757995605 414
0.6556813716888428 414
0.6612832546234131 413
0.6658060550689697 410
0.6733114719390869 413
0.6779694557189941 413
0.6817362308502197 413
0.6878006458282471 412
0.6913604736328125 414
0.6973361968994141 414
0.7010149955749512 413
0.7053143978118896 415
0.711190938949585 415
0.7156558036804199 415
0.7192349433898926 412
0.7235448360443115 414
0.7282760143280029 411
0.7339019775390625 413
0.7384116649627686 413
0.7421286106109619 416
0.7464003562927246 413
0.7499468326568604 418
0.7566585540771484 416
0.7603693008422852 416
0.764357328414917 414
0.7684230804443359 414
0.7721714973449707 413
0.7781975269317627 411
0.7819483280181885 412
0.7863640785217285 412
0.7922284603118896 413
0.7965083122253418 412
0.8000469207763672 411
0.8037929534912109 414
0.8082561492919922 417
0.8138694763183594 414
0.8185639381408691 417
0.8223137855529785 416
0.8266303539276123 416
0.8301584720611572 414
0.836968183517456 411
0.8404033184051514 410
0.8443648815155029 413
0.8484842777252197 413
0.8522212505340576 414
0.8580853939056396 416
0.8618419170379639 416
0.8680593967437744 417
0.8717911243438721 415
0.8762798309326172 415
0.8798282146453857 414
0.8835856914520264 412
0.8899085521697998 412
0.893686056137085 412
0.8981671333312988 410
0.9019143581390381 412
0.9063975811004639 412
0.9122838973999023 413
0.9166185855865479 414
0.9201602935791016 415
0.923893928527832 415
0.9283847808837891 415
0.9343979358673096 415
0.9389188289642334 415
0.9424300193786621 415
0.9469900131225586 413
0.9504320621490479 414
0.9571537971496582 412
0.9608819484710693 411
0.9651787281036377 411
0.9689631462097168 412
0.9724767208099365 414
0.9783236980438232 413
0.9820773601531982 413
0.9863729476928711 416
0.9921905994415283 415
0.9969189167022705 418
