0 0 
0.0023238658905029297 0
0.007379293441772461 0
0.01174783706665039 -2
0.015427350997924805 -6
0.019838571548461914 -6
0.025589704513549805 -39
0.029966354370117188 -12
0.03346657752990723 -31
0.03725123405456543 -63
0.041710853576660156 -136
0.047338008880615234 -156
0.052077293395996094 -185
0.05582737922668457 -213
0.06014752388000488 -233
0.06361198425292969 -233
0.06939101219177246 -257
0.0729975700378418 -270
0.07649779319763184 -288
0.08209443092346191 -294
0.08586692810058594 -296
0.09514570236206055 -313
0.10147213935852051 -324
0.10518836975097656 -333
0.1098790168762207 -342
0.11338424682617188 -355
0.12031960487365723 -363
0.12384629249572754 -369
0.12756752967834473 -373
0.1320335865020752 -377
0.13577747344970703 -382
0.1413731575012207 -384
0.1449422836303711 -387
0.15030789375305176 -389
0.1538069248199463 -391
0.1575469970703125 -396
0.1644580364227295 -399
0.16902399063110352 -398
0.1729114055633545 -404
0.17638850212097168 -407
0.18107342720031738 -410
0.18651890754699707 -411
0.19132137298583984 -413
0.19486594200134277 -413
0.19939064979553223 -412
0.20290803909301758 -411
0.20954155921936035 -411
0.21317410469055176 -413
0.216949462890625 -413
0.22145915031433105 -415
0.22503447532653809 -418
0.23056364059448242 -424
0.2342832088470459 -428
0.2398529052734375 -430
0.2433605194091797 -428
0.24894475936889648 -431
0.25284671783447266 -427
0.25636768341064453 -425
0.26191258430480957 -422
0.265779972076416 -421
0.2713751792907715 -422
0.2749457359313965 -419
0.28032398223876953 -423
0.283841609954834 -428
0.2898080348968506 -432
0.2933199405670166 -431
0.29886865615844727 -434
0.30240392684936523 -434
0.3061370849609375 -432
0.31171107292175293 -432
0.3154590129852295 -430
0.3209679126739502 -431
0.3243739604949951 -427
0.33001136779785156 -426
0.3335437774658203 -424
0.33934831619262695 -427
0.3428928852081299 -426
0.34639859199523926 -429
0.3520932197570801 -431
0.3558640480041504 -433
0.36143994331359863 -432
0.36501193046569824 -431
0.37044858932495117 -431
0.374103307723999 -430
0.3798959255218506 -428
0.3834114074707031 -430
0.3871438503265381 -431
0.39380669593811035 -432
0.3975958824157715 -432
0.4021010398864746 -435
0.40589046478271484 -436
0.41039466857910156 -434
0.416154146194458 -434
0.4205141067504883 -433
0.42424798011779785 -430
0.428511381149292 -425
0.4322023391723633 -425
0.438610315322876 -425
0.44228625297546387 -426
0.44606518745422363 -426
0.45043063163757324 -430
0.45409584045410156 -434
0.45974135398864746 -436
0.46326279640197754 -438
0.4685947895050049 -438
0.4724876880645752 -440
0.4762749671936035 -433
0.48195362091064453 -431
0.4857323169708252 -428
0.49135661125183105 -425
0.49967432022094727 -424
0.5055484771728516 -429
0.510185956954956 -433
0.513671875 -433
0.5173532962799072 -434
0.5220053195953369 -435
0.5276033878326416 -435
0.532252311706543 -434
0.5359451770782471 -432
0.540320634841919 -433
0.5438113212585449 -433
0.5504472255706787 -429
0.5540950298309326 -430
0.5580744743347168 -429
0.5621631145477295 -429
0.5659410953521729 -430
0.571556568145752 -430
0.575310468673706 -433
0.5805723667144775 -433
0.5842888355255127 -430
0.5900382995605469 -430
0.5935606956481934 -431
0.5993831157684326 -428
0.6029050350189209 -426
0.6063745021820068 -427
0.611907958984375 -430
0.6156208515167236 -433
0.6211979389190674 -432
0.6245720386505127 -437
0.6301665306091309 -438
0.6336548328399658 -438
0.6395962238311768 -435
0.6431207656860352 -432
0.6466095447540283 -430
0.652376651763916 -427
0.6561274528503418 -423
0.6617460250854492 -423
0.665508508682251 -426
0.670994758605957 -427
0.6744582653045654 -430
0.680046796798706 -434
0.683574914932251 -437
0.6895616054534912 -437
0.6931188106536865 -438
0.6966114044189453 -437
0.7015697956085205 -434
0.7072231769561768 -429
0.7118837833404541 -428
0.7155876159667969 -425
0.7199251651763916 -426
0.7256760597229004 -424
0.7310690879821777 -427
0.7344717979431152 -431
0.7390472888946533 -432
0.7425265312194824 -432
0.749434232711792 -437
0.7529449462890625 -436
0.7564671039581299 -436
0.7612097263336182 -435
0.7645437717437744 -432
0.7703418731689453 -430
0.7738592624664307 -429
0.779489278793335 -429
0.7829861640930176 -428
0.7865407466888428 -431
0.7913007736206055 -432
0.7948565483093262 -431
0.7993776798248291 -432
0.8028955459594727 -433
0.8064162731170654 -432
0.8111352920532227 -430
0.8144741058349609 -428
0.8190159797668457 -428
0.82248854637146 -427
0.8262331485748291 -428
0.8319032192230225 -427
0.8356649875640869 -430
0.8399744033813477 -431
0.8434798717498779 -434
0.8472225666046143 -436
0.8517105579376221 -436
0.8554813861846924 -440
0.8598084449768066 -439
0.8633131980895996 -434
0.8670487403869629 -433
0.8715462684631348 -431
0.8752119541168213 -429
0.8803322315216064 -424
0.8840169906616211 -423
0.8880457878112793 -425
0.8922867774963379 -430
0.9011354446411133 -431
0.9045329093933105 -435
0.9094336032867432 -437
0.9129796028137207 -438
0.9164955615997314 -438
0.9213962554931641 -435
0.9249799251556396 -434
0.929497480392456 -429
0.9337725639343262 -429
0.9375011920928955 -428
0.9419863224029541 -428
0.9457221031188965 -428
0.9502229690551758 -429
0.9537100791931152 -431
0.9574143886566162 -431
0.9618973731994629 -432
0.9656414985656738 -432
0.9699759483337402 -432
0.9734840393066406 -433
0.9772262573242188 -433
0.9825022220611572 -431
0.9862854480743408 -430
0.990931510925293 -429
0.9943361282348633 -430
0.9988937377929688 -430
