0 0 
0.0044689178466796875 0
0.010362863540649414 0
0.013963699340820312 2
0.01845836639404297 6
0.022060871124267578 15
0.028676271438598633 31
0.032254934310913086 31
0.0360105037689209 86
0.042392730712890625 258
0.046158552169799805 281
0.050607919692993164 335
0.05436849594116211 385
0.05863451957702637 413
0.06444644927978516 466
0.06879448890686035 480
0.07235121726989746 522
0.07615900039672852 551
0.08062076568603516 597
0.08624505996704102 608
0.09087491035461426 634
0.09462523460388184 650
0.10357356071472168 691
0.10867118835449219 712
0.11226916313171387 718
0.11858558654785156 750
0.12227964401245117 753
0.12602829933166504 777
0.13253283500671387 786
0.13629984855651855 796
0.14079952239990234 805
0.14456748962402344 810
0.14900660514831543 829
0.15483474731445312 842
0.15939760208129883 843
0.16287827491760254 848
0.16745972633361816 857
0.17102813720703125 866
0.17760682106018066 874
0.18141460418701172 877
0.18494367599487305 881
0.1895148754119873 886
0.19301056861877441 891
0.19884920120239258 893
0.20241951942443848 903
0.20616722106933594 905
0.21151947975158691 904
0.21511578559875488 911
0.2210371494293213 914
0.224778413772583 917
0.2290785312652588 925
0.2349393367767334 925
0.23953962326049805 929
0.24305176734924316 928
0.2475113868713379 931
0.2534925937652588 936
0.257831335067749 940
0.26161694526672363 939
0.26511216163635254 938
0.27010273933410645 939
0.2757585048675537 944
0.28026437759399414 944
0.2839822769165039 948
0.28836989402770996 949
0.29192161560058594 949
0.2977461814880371 947
0.3015480041503906 953
0.3050682544708252 953
0.31168508529663086 954
0.31545090675354004 956
0.3199474811553955 958
0.3235194683074951 956
0.3281865119934082 957
0.33406543731689453 961
0.3384711742401123 959
0.3420722484588623 960
0.34582042694091797 963
0.35030674934387207 960
0.3559596538543701 965
0.3604316711425781 964
0.3641030788421631 967
0.3684678077697754 959
0.37204551696777344 960
0.3787670135498047 966
0.3822910785675049 966
0.3860607147216797 968
0.3906867504119873 966
0.3944253921508789 964
0.4002952575683594 966
0.40403246879577637 968
0.4084289073944092 967
0.4142920970916748 968
0.4185786247253418 966
0.42215442657470703 965
0.425915002822876 969
0.43038129806518555 969
0.4360218048095703 971
0.4405245780944824 971
0.44426918029785156 967
0.44876933097839355 972
0.4523046016693115 973
0.4588637351989746 970
0.46242570877075195 971
0.46614503860473633 968
0.47064757347106934 971
0.47440314292907715 974
0.4802696704864502 976
0.4840056896209717 973
0.48839831352233887 972
0.4942491054534912 968
0.49857306480407715 972
0.5068812370300293 973
0.5115137100219727 973
0.5150313377380371 974
0.5210635662078857 969
0.5248074531555176 973
0.5302290916442871 974
0.5338149070739746 974
0.5398349761962891 970
0.5434916019439697 971
0.5477697849273682 975
0.5536279678344727 973
0.5581209659576416 972
0.5617153644561768 972
0.5654385089874268 971
0.5700626373291016 971
0.5756731033325195 974
0.5802655220031738 974
0.5839416980743408 975
0.5883421897888184 973
0.5918982028961182 975
0.5984530448913574 973
0.602046012878418 972
0.6057965755462646 975
0.6102855205535889 976
0.6139645576477051 970
0.6198573112487793 973
0.6234939098358154 972
0.6285762786865234 973
0.6321744918823242 976
0.6383631229400635 976
0.6419236660003662 971
0.6456730365753174 972
0.6520595550537109 975
0.6558387279510498 976
0.6603360176086426 976
0.6639726161956787 971
0.6683595180511475 976
0.6740479469299316 971
0.6785223484039307 978
0.6820745468139648 974
0.6858346462249756 973
0.6904950141906738 973
0.6961188316345215 974
0.7006211280822754 975
0.7043933868408203 977
0.7087113857269287 972
0.7122654914855957 975
0.7182977199554443 975
0.7218725681304932 974
0.7256383895874023 976
0.7319190502166748 977
0.7356622219085693 971
0.740189790725708 976
0.7437624931335449 974
0.7483847141265869 975
0.7542238235473633 975
0.7585656642913818 976
0.7620995044708252 975
0.7658417224884033 976
0.7704868316650391 971
0.7761106491088867 975
0.780601978302002 977
0.7843320369720459 975
0.7887465953826904 975
0.7923014163970947 975
0.7988383769989014 977
0.802401065826416 976
0.8061404228210449 974
0.8107643127441406 974
0.816364049911499 973
0.8208644390106201 973
0.8245904445648193 977
0.8288674354553223 976
0.8324248790740967 978
0.8384451866149902 975
0.8420357704162598 971
0.8458025455474854 975
0.8521571159362793 978
0.8559150695800781 976
0.8603732585906982 973
0.8640117645263672 975
0.8685624599456787 973
0.8743758201599121 977
0.8787200450897217 975
0.8822636604309082 976
0.8860225677490234 972
0.8905115127563477 977
0.8961169719696045 975
0.9007818698883057 976
0.9094607830047607 975
0.9129009246826172 975
0.917532205581665 974
0.9224977493286133 976
0.9262673854827881 978
0.931004524230957 973
0.9375638961791992 974
0.9410867691040039 971
0.944873571395874 973
0.9494237899780273 976
0.9528629779815674 974
0.9596078395843506 974
0.9631283283233643 973
0.9676260948181152 977
0.9713830947875977 977
0.9749031066894531 978
0.9807946681976318 979
0.9868083000183105 977
0.9920792579650879 970
0.995835542678833 977
