0 0 
0.003367900848388672 0
0.008360624313354492 0
0.012799263000488281 0
0.016325712203979492 0
0.020081281661987305 0
0.026653528213500977 0
0.03040146827697754 -2
0.03487539291381836 -2
0.03861808776855469 -7
0.04314374923706055 -16
0.04898881912231445 -16
0.0532987117767334 -16
0.059067487716674805 -38
0.06336474418640137 -56
0.06695079803466797 -62
0.07068920135498047 -62
0.07519149780273438 -68
0.08082199096679688 -68
0.08546710014343262 -76
0.08923220634460449 -79
0.09352517127990723 -81
0.09711718559265137 -83
0.10398387908935547 -83
0.1074211597442627 -86
0.11140227317810059 -89
0.11557149887084961 -90
0.11933135986328125 -90
0.1252121925354004 -90
0.12892818450927734 -94
0.13326430320739746 -95
0.1390821933746338 -97
0.14351463317871094 -97
0.14708375930786133 -98
0.15082097053527832 -98
0.1553490161895752 -99
0.16197848320007324 -99
0.16554760932922363 -99
0.1692967414855957 -99
0.17400765419006348 -99
0.17753124237060547 -99
0.18434619903564453 -99
0.1880025863647461 -100
0.19227051734924316 -101
0.1960911750793457 -100
0.19960498809814453 -100
0.20562362670898438 -100
0.20945096015930176 -100
0.21609210968017578 -102
0.21964311599731445 -101
0.22432160377502441 -101
0.22798514366149902 -101
0.23227953910827637 -103
0.2381913661956787 -104
0.2427055835723877 -104
0.24629592895507812 -104
0.2500481605529785 -104
0.2545287609100342 -104
0.2601768970489502 -104
0.2648746967315674 -104
0.2685387134552002 -104
0.2729189395904541 -104
0.27646541595458984 -104
0.28301572799682617 -104
0.28659510612487793 -105
0.2903716564178467 -105
0.2948133945465088 -105
0.2985103130340576 -105
0.304703950881958 -106
0.3130025863647461 -106
0.3165924549102783 -106
0.3235054016113281 -106
0.327059268951416 -105
0.33085107803344727 -105
0.3354778289794922 -105
0.33924174308776855 -104
0.3451213836669922 -105
0.3488733768463135 -106
0.35320448875427246 -106
0.35903024673461914 -104
0.36333680152893066 -105
0.36687755584716797 -105
0.37216711044311523 -106
0.3780033588409424 -106
0.38271546363830566 -106
0.38634538650512695 -105
0.39011240005493164 -104
0.39462876319885254 -104
0.4002952575683594 -106
0.40486860275268555 -106
0.40851926803588867 -105
0.412945032119751 -105
0.41651439666748047 -105
0.4225733280181885 -105
0.4262123107910156 -105
0.42995190620422363 -106
0.43508052825927734 -106
0.43884706497192383 -104
0.44487857818603516 -105
0.44852113723754883 -106
0.4529247283935547 -105
0.45876264572143555 -105
0.46307802200317383 -105
0.4666433334350586 -105
0.4704263210296631 -105
0.47487783432006836 -105
0.4805440902709961 -105
0.48509860038757324 -104
0.4888756275177002 -104
0.4931347370147705 -105
0.49895787239074707 -105
0.5034716129302979 -105
0.5069994926452637 -105
0.5107426643371582 -105
0.5152125358581543 -105
0.5208346843719482 -105
0.5253396034240723 -106
0.5291008949279785 -105
0.5333662033081055 -105
0.5369493961334229 -105
0.5430254936218262 -105
0.5465970039367676 -105
0.5503551959991455 -104
0.5567331314086914 -105
0.5605342388153076 -105
0.5652203559875488 -105
0.5689547061920166 -105
0.5733304023742676 -105
0.5791027545928955 -105
0.5833926200866699 -105
0.5869746208190918 -105
0.590709924697876 -105
0.5951671600341797 -105
0.6008260250091553 -105
0.6053266525268555 -104
0.6090819835662842 -104
0.613365888595581 -105
0.6169497966766357 -105
0.623176097869873 -105
0.6267533302307129 -105
0.6305086612701416 -105
0.6367740631103516 -105
0.6405537128448486 -105
0.6450669765472412 -107
0.6488161087036133 -107
0.6531229019165039 -106
0.6589534282684326 -106
0.663271427154541 -106
0.6668124198913574 -106
0.6706628799438477 -106
0.6751754283905029 -106
0.6807959079742432 -104
0.6854398250579834 -104
0.6891982555389404 -105
0.6938836574554443 -104
0.697364330291748 -104
0.7040894031524658 -105
0.7107093334197998 -104
0.7162380218505859 -104
0.7199864387512207 -106
0.725651741027832 -106
0.7294361591339111 -105
0.7341611385345459 -106
0.7399446964263916 -105
0.7446088790893555 -105
0.7481822967529297 -105
0.752631425857544 -105
0.7562236785888672 -105
0.7628304958343506 -105
0.7663955688476562 -105
0.7701950073242188 -105
0.7747399806976318 -105
0.7803573608398438 -105
0.7848730087280273 -105
0.7887890338897705 -105
0.793109655380249 -105
0.7966799736022949 -105
0.8028771877288818 -106
0.8064672946929932 -106
0.8102154731750488 -105
0.8166103363037109 -105
0.8203873634338379 -104
0.8250198364257812 -104
0.8287661075592041 -104
0.8330869674682617 -105
0.8389089107513428 -104
0.8432571887969971 -103
0.8468294143676758 -104
0.8505949974060059 -104
0.855241060256958 -105
0.8608810901641846 -105
0.865527868270874 -105
0.869269847869873 -105
0.8735976219177246 -105
0.8771522045135498 -106
0.883228063583374 -106
0.8867862224578857 -106
0.8905327320098877 -106
0.896892786026001 -107
0.9006731510162354 -106
0.9051547050476074 -106
0.9089245796203613 -105
0.9133567810058594 -105
0.9191956520080566 -105
0.9239218235015869 -105
0.9273788928985596 -105
0.9313859939575195 -104
0.9355080127716064 -105
0.942147970199585 -105
0.9459326267242432 -105
0.9494516849517822 -105
0.9542820453643799 -105
0.9579317569732666 -105
0.9635517597198486 -105
0.9670953750610352 -105
0.9708428382873535 -105
0.9773800373077393 -105
0.9813976287841797 -105
0.9858930110931396 -105
0.9894332885742188 -105
0.9960660934448242 -105
0.9996156692504883 -105
