0 0 
0.0024061203002929688 0
0.00706171989440918 0
0.01203012466430664 -3
0.016573429107666016 -9
0.02034449577331543 -25
0.02495551109313965 -15
0.030767440795898438 -49
0.035117149353027344 -163
0.03875446319580078 -70
0.04253578186035156 -188
0.047211408615112305 -278
0.058295249938964844 -293
0.062072038650512695 -329
0.06673979759216309 -341
0.07044291496276855 -377
0.0754387378692627 -387
0.07921266555786133 -403
0.08530044555664062 -419
0.08885407447814941 -432
0.0926215648651123 -453
0.09896516799926758 -468
0.10271430015563965 -479
0.10738182067871094 -489
0.11111998558044434 -495
0.11587929725646973 -505
0.12175655364990234 -513
0.126298189163208 -519
0.12987780570983887 -527
0.13419008255004883 -532
0.13798809051513672 -547
0.14459919929504395 -554
0.14822101593017578 -559
0.15197086334228516 -562
0.15648293495178223 -567
0.16006708145141602 -570
0.1663360595703125 -575
0.1699354648590088 -578
0.1741940975189209 -583
0.18007159233093262 -589
0.18460416793823242 -595
0.18819642066955566 -598
0.19194269180297852 -599
0.19644713401794434 -600
0.20210909843444824 -604
0.20662713050842285 -606
0.21033215522766113 -606
0.21483445167541504 -608
0.22066831588745117 -610
0.2251431941986084 -615
0.22870373725891113 -616
0.23245549201965332 -618
0.23694229125976562 -620
0.2426159381866455 -619
0.24727940559387207 -618
0.2510569095611572 -622
0.2553539276123047 -622
0.25891566276550293 -624
0.2649672031402588 -625
0.2686300277709961 -628
0.27245211601257324 -625
0.2788248062133789 -627
0.28258657455444336 -627
0.2872583866119385 -628
0.29102182388305664 -625
0.2953324317932129 -630
0.3011331558227539 -628
0.3054463863372803 -633
0.3090047836303711 -634
0.312760591506958 -633
0.31723976135253906 -629
0.32381629943847656 -633
0.32739734649658203 -629
0.33124876022338867 -632
0.3358280658721924 -633
0.3393526077270508 -636
0.34537577629089355 -637
0.348956823348999 -637
0.35268688201904297 -634
0.35932421684265137 -633
0.3638122081756592 -633
0.3673853874206543 -633
0.3711583614349365 -636
0.37589192390441895 -637
0.3814554214477539 -639
0.3861551284790039 -639
0.389847993850708 -634
0.3941330909729004 -638
0.3999297618865967 -634
0.4046940803527832 -636
0.40830278396606445 -634
0.41205835342407227 -637
0.41661500930786133 -640
0.42226576805114746 -636
0.4267725944519043 -639
0.4304649829864502 -637
0.43486833572387695 -635
0.43845510482788086 -633
0.44451212882995605 -637
0.4481360912322998 -637
0.4518918991088867 -639
0.46117067337036133 -639
0.46611595153808594 -638
0.47188448905944824 -636
0.4765739440917969 -636
0.48017358779907227 -634
0.4848358631134033 -636
0.4885084629058838 -641
0.4951295852661133 -641
0.4986727237701416 -640
0.5024628639221191 -639
0.5071046352386475 -637
0.510857105255127 -635
0.5166988372802734 -634
0.5203635692596436 -636
0.5249531269073486 -641
0.5308454036712646 -640
0.5351729393005371 -641
0.5387403964996338 -641
0.5424931049346924 -636
0.5469603538513184 -634
0.5526223182678223 -637
0.5570940971374512 -637
0.5608782768249512 -637
0.5651891231536865 -639
0.5687696933746338 -640
0.5753624439239502 -638
0.5789952278137207 -636
0.5831360816955566 -636
0.5874283313751221 -637
0.5912528038024902 -636
0.5971033573150635 -639
0.6008522510528564 -640
0.607109785079956 -640
0.6108713150024414 -640
0.615180253982544 -636
0.6187636852264404 -636
0.6225214004516602 -637
0.628875732421875 -633
0.6326541900634766 -635
0.6372742652893066 -640
0.6410691738128662 -638
0.6458961963653564 -641
0.6514832973480225 -639
0.6562154293060303 -638
0.6598715782165527 -634
0.6641707420349121 -634
0.6679751873016357 -635
0.6746273040771484 -637
0.6783316135406494 -640
0.6821165084838867 -640
0.6866395473480225 -640
0.6903395652770996 -638
0.6963040828704834 -634
0.6999101638793945 -633
0.7057714462280273 -635
0.7093722820281982 -635
0.7147119045257568 -637
0.720444917678833 -641
0.7248580455780029 -640
0.7284536361694336 -638
0.732219934463501 -636
0.7367596626281738 -637
0.7424304485321045 -633
0.7469406127929688 -636
0.75071120262146 -638
0.7549700736999512 -640
0.7585666179656982 -637
0.7647855281829834 -641
0.7684168815612793 -637
0.7721951007843018 -636
0.7784786224365234 -634
0.7822444438934326 -638
0.7867581844329834 -635
0.7906675338745117 -640
0.7949817180633545 -640
0.8008413314819336 -640
0.8051536083221436 -637
0.8087313175201416 -635
0.8124585151672363 -633
0.81693434715271 -633
0.822573184967041 -638
0.8272192478179932 -637
0.8309657573699951 -639
0.8353381156921387 -640
0.8389134407043457 -637
0.8454911708831787 -635
0.8491969108581543 -635
0.8571112155914307 -634
0.8609414100646973 -637
0.8658947944641113 -638
0.8714547157287598 -641
0.8764193058013916 -643
0.8800268173217773 -639
0.8847551345825195 -635
0.8883867263793945 -637
0.8951268196105957 -636
0.8986778259277344 -637
0.9024536609649658 -637
0.9069802761077881 -639
0.9107458591461182 -639
0.9166321754455566 -637
0.9204163551330566 -637
0.9248166084289551 -634
0.9306087493896484 -636
0.9349653720855713 -635
0.9385461807250977 -640
0.9423110485076904 -641
0.946948766708374 -642
0.9506931304931641 -639
0.9549720287322998 -642
0.9585728645324707 -638
0.9623501300811768 -634
0.9668581485748291 -636
0.9706170558929443 -639
0.9749467372894287 -636
0.9797544479370117 -638
0.9840424060821533 -639
0.9878299236297607 -640
0.9913613796234131 -639
0.9959602355957031 -635
0.9997038841247559 -636
