0 0 
0.002669811248779297 0
0.0071141719818115234 0
0.010641813278198242 2
0.014881610870361328 6
0.018703699111938477 6
0.022182226181030273 30
0.028177261352539062 17
0.03542923927307129 27
0.03903460502624512 163
0.04277825355529785 158
0.04748272895812988 184
0.05312085151672363 240
0.05777263641357422 263
0.061527252197265625 286
0.0658574104309082 298
0.06942534446716309 301
0.08090376853942871 334
0.08547353744506836 344
0.0890340805053711 360
0.0948176383972168 372
0.09863400459289551 386
0.10213303565979004 401
0.11088991165161133 411
0.11771416664123535 425
0.12354302406311035 434
0.13028168678283691 444
0.1356055736541748 445
0.1395721435546875 452
0.14331626892089844 456
0.1477644443511963 461
0.15340518951416016 468
0.15789794921875 470
0.16167950630187988 477
0.16613459587097168 477
0.16971182823181152 481
0.1765897274017334 489
0.18004322052001953 486
0.18405914306640625 487
0.18859291076660156 488
0.19210577011108398 492
0.19798016548156738 494
0.2049427032470703 498
0.21305489540100098 502
0.2175922393798828 500
0.22172784805297852 506
0.22622203826904297 505
0.23207783699035645 505
0.23870325088500977 507
0.2422788143157959 505
0.2469635009765625 506
0.25060081481933594 510
0.254910945892334 510
0.260822057723999 513
0.265336275100708 515
0.268951416015625 515
0.2727625370025635 515
0.2772490978240967 514
0.2829134464263916 515
0.2876255512237549 515
0.29140281677246094 513
0.2957446575164795 517
0.29933595657348633 516
0.3059241771697998 518
0.3094816207885742 519
0.3132319450378418 520
0.31786632537841797 516
0.3216090202331543 519
0.3274974822998047 520
0.3311452865600586 517
0.3379936218261719 520
0.34576964378356934 522
0.3493831157684326 521
0.35322141647338867 525
0.3579258918762207 520
0.3639795780181885 522
0.36823463439941406 519
0.3720242977142334 519
0.37658214569091797 518
0.38005876541137695 517
0.38596200942993164 518
0.3895299434661865 522
0.39330172538757324 524
0.3996734619140625 525
0.40345191955566406 526
0.4081103801727295 524
0.4118814468383789 522
0.4161968231201172 519
0.4219827651977539 516
0.4266376495361328 520
0.4301581382751465 519
0.4345993995666504 522
0.4381539821624756 523
0.4447507858276367 526
0.4487266540527344 525
0.45222926139831543 526
0.45691943168640137 523
0.4626274108886719 521
0.4673612117767334 520
0.47096848487854004 518
0.47550463676452637 518
0.4790768623352051 518
0.4848942756652832 522
0.48871350288391113 524
0.4922294616699219 525
0.4988260269165039 525
0.5026459693908691 523
0.5072183609008789 521
0.5108108520507812 521
0.5152735710144043 520
0.5208907127380371 521
0.5255863666534424 522
0.5292284488677979 524
0.5329840183258057 523
0.5374612808227539 525
0.5430819988250732 522
0.5475864410400391 521
0.5512595176696777 521
0.5556652545928955 520
0.5592632293701172 518
0.5657827854156494 517
0.5693657398223877 520
0.5731000900268555 527
0.5777108669281006 524
0.5814380645751953 525
0.5875048637390137 527
0.5911309719085693 524
0.5955932140350342 518
0.6014139652252197 523
0.6057627201080322 519
0.6093661785125732 521
0.6131305694580078 522
0.6176197528839111 520
0.6232478618621826 523
0.6277322769165039 526
0.6314690113067627 527
0.6357524394989014 526
0.6393182277679443 525
0.6461451053619385 522
0.6496868133544922 521
0.6534304618835449 521
0.6578922271728516 519
0.6616201400756836 520
0.6674911975860596 522
0.6711409091949463 523
0.6756057739257812 523
0.6814515590667725 523
0.6857502460479736 526
0.6893377304077148 524
0.6932144165039062 521
0.6995503902435303 521
0.7033481597900391 521
0.7079999446868896 517
0.711754322052002 523
0.716984748840332 523
0.7226874828338623 524
0.7271778583526611 524
0.7307569980621338 525
0.7378482818603516 522
0.7426066398620605 521
0.7475016117095947 522
0.7531158924102783 522
0.7577962875366211 526
0.7615454196929932 521
0.7661213874816895 523
0.7696764469146729 525
0.7762501239776611 524
0.7797973155975342 522
0.7839219570159912 524
0.788034200668335 520
0.7918040752410889 520
0.7976655960083008 521
0.8014144897460938 523
0.8076605796813965 522
0.8115384578704834 524
0.8159046173095703 523
0.8194570541381836 526
0.8232159614562988 524
0.8291037082672119 522
0.8328666687011719 521
0.8375122547149658 519
0.8431744575500488 522
0.8476948738098145 522
0.8514461517333984 523
0.8557398319244385 522
0.8592932224273682 526
0.8658435344696045 524
0.8694088459014893 524
0.8731706142425537 523
0.8777165412902832 525
0.881483793258667 519
0.8875341415405273 522
0.8911764621734619 522
0.8955593109130859 521
0.9014115333557129 521
0.9057662487030029 525
0.9093658924102783 522
0.9131107330322266 525
0.9194204807281494 522
0.9232096672058105 521
0.9276771545410156 523
0.9314205646514893 520
0.9358601570129395 520
0.9416630268096924 524
0.946122407913208 523
0.9496755599975586 522
0.9534368515014648 525
0.9578931331634521 526
0.9635171890258789 522
0.9681737422943115 523
0.9719138145446777 525
0.9762134552001953 522
0.9797759056091309 520
0.985816478729248 526
0.9893877506256104 525
0.9931881427764893 525
0.9995286464691162 525
