0 0 
0.0024023056030273438 0
0.006135463714599609 0
0.010392904281616211 0
0.013901233673095703 0
0.01764225959777832 2
0.022780895233154297 16
0.029486417770385742 45
0.03355884552001953 19
0.037348031997680664 186
0.05032658576965332 212
0.05408191680908203 246
0.06150054931640625 258
0.0659341812133789 286
0.07120418548583984 296
0.07749748229980469 322
0.08411383628845215 332
0.09038615226745605 356
0.09399557113647461 357
0.10001778602600098 374
0.10358834266662598 388
0.11019539833068848 394
0.11599230766296387 408
0.1203155517578125 412
0.12388038635253906 416
0.12762689590454102 426
0.1341111660003662 429
0.14008498191833496 432
0.14364981651306152 436
0.14740538597106934 441
0.1523902416229248 454
0.16240954399108887 456
0.16669154167175293 464
0.17212963104248047 467
0.1780717372894287 468
0.18341922760009766 466
0.18767261505126953 467
0.192307710647583 468
0.19917011260986328 476
0.20717644691467285 479
0.21309590339660645 483
0.21734166145324707 486
0.22276782989501953 486
0.22949743270874023 486
0.235520601272583 486
0.24000167846679688 484
0.2435741424560547 484
0.24950075149536133 489
0.2537648677825928 492
0.2585413455963135 494
0.26473379135131836 496
0.26922059059143066 494
0.2732071876525879 495
0.2767457962036133 492
0.28133130073547363 489
0.2871248722076416 497
0.29156994819641113 493
0.29522037506103516 493
0.29950785636901855 493
0.30336809158325195 496
0.31003308296203613 498
0.31360769271850586 498
0.3173828125 500
0.3241696357727051 499
0.33077239990234375 500
0.33803606033325195 497
0.3424866199493408 497
0.3468177318572998 498
0.3525240421295166 501
0.35855650901794434 502
0.362656831741333 505
0.36640262603759766 502
0.3707084655761719 502
0.37430906295776367 504
0.38036346435546875 500
0.38393735885620117 497
0.38768601417541504 498
0.3935675621032715 497
0.3973243236541748 497
0.40181851387023926 502
0.4074678421020508 501
0.4119851589202881 504
0.4155745506286621 504
0.4200437068939209 506
0.42360830307006836 502
0.4301872253417969 501
0.4337790012359619 501
0.4375762939453125 498
0.4420585632324219 500
0.4477698802947998 501
0.4524250030517578 503
0.45615577697753906 502
0.4604763984680176 506
0.46401262283325195 504
0.47011780738830566 503
0.4736762046813965 501
0.4774162769317627 502
0.4839344024658203 500
0.48772668838500977 502
0.49222779273986816 504
0.4960010051727295 501
0.5003135204315186 503
0.5061209201812744 503
0.5106160640716553 506
0.5141568183898926 505
0.5178813934326172 500
0.5223414897918701 502
0.5281040668487549 501
0.5325860977172852 499
0.5363161563873291 501
0.5405936241149902 500
0.5441431999206543 501
0.5501708984375 505
0.5538082122802734 504
0.5575451850891113 504
0.5638895034790039 504
0.5676579475402832 504
0.5722639560699463 500
0.5759806632995605 498
0.5803110599517822 501
0.5861122608184814 501
0.590449333190918 503
0.5939998626708984 501
0.5977444648742676 503
0.6022121906280518 503
0.6111509799957275 503
0.6167104244232178 499
0.6216945648193359 501
0.6252620220184326 500
0.629542350769043 501
0.633601188659668 500
0.6401915550231934 501
0.6437673568725586 503
0.6475138664245605 506
0.6520001888275146 505
0.6555666923522949 506
0.6615514755249023 505
0.665196418762207 502
0.671579122543335 500
0.6752431392669678 498
0.6795132160186768 500
0.6832737922668457 502
0.6867899894714355 502
0.6926712989807129 504
0.6964578628540039 506
0.7007417678833008 505
0.7065153121948242 504
0.7108259201049805 505
0.714362382888794 503
0.7185859680175781 501
0.7234396934509277 500
0.7300975322723389 502
0.733642578125 502
0.7374048233032227 499
0.7420599460601807 502
0.7457003593444824 507
0.7517967224121094 504
0.7553975582122803 505
0.759864091873169 504
0.7654774188995361 502
0.7699556350708008 501
0.7735536098480225 498
0.7772955894470215 500
0.783602237701416 504
0.7873821258544922 504
0.7918527126312256 505
0.7954046726226807 504
0.8004586696624756 505
0.8062410354614258 504
0.8106980323791504 502
0.8142776489257812 501
0.8180208206176758 504
0.8224797248840332 499
0.828082799911499 503
0.8326842784881592 503
0.8364279270172119 502
0.8407292366027832 503
0.8442554473876953 505
0.850264310836792 504
0.8538146018981934 503
0.8575584888458252 504
0.8638944625854492 506
0.8676531314849854 501
0.8723254203796387 503
0.8760800361633301 501
0.8803365230560303 502
0.886145830154419 501
0.8904647827148438 506
0.8940045833587646 506
0.8977653980255127 505
0.9022467136383057 503
0.9078543186187744 503
0.9123597145080566 504
0.9161064624786377 501
0.9203407764434814 500
0.9239137172698975 503
0.930112361907959 502
0.933666467666626 506
0.9373841285705566 504
0.943641185760498 504
0.9473886489868164 505
0.9519140720367432 503
0.9556784629821777 500
0.960115909576416 502
0.9658429622650146 504
0.9702355861663818 500
0.9738061428070068 504
0.9775669574737549 504
0.9820652008056641 504
0.9877281188964844 504
0.9923820495605469 503
0.996138334274292 501
