0 0 
0.0025904178619384766 0
0.00839376449584961 -2
0.012089252471923828 -2
0.016429424285888672 -8
0.020298004150390625 -61
0.02639174461364746 -22
0.02996349334716797 -22
0.03369641304016113 -192
0.03966331481933594 -123
0.043395042419433594 -272
0.04813694953918457 -276
0.05382180213928223 -346
0.058312177658081055 -364
0.06207418441772461 -396
0.06638050079345703 -434
0.06994271278381348 -481
0.07663798332214355 -492
0.08017683029174805 -528
0.08394908905029297 -554
0.08841609954833984 -571
0.09215831756591797 -590
0.09805154800415039 -598
0.10161232948303223 -619
0.10747456550598145 -647
0.11130237579345703 -665
0.11565995216369629 -677
0.12148332595825195 -697
0.1260204315185547 -703
0.12960171699523926 -714
0.13338208198547363 -723
0.13787078857421875 -741
0.14352726936340332 -751
0.14805912971496582 -761
0.15164732933044434 -771
0.1561141014099121 -780
0.15975379943847656 -789
0.16652607917785645 -791
0.17013311386108398 -796
0.17389369010925293 -808
0.178389310836792 -814
0.18210530281066895 -817
0.18797779083251953 -822
0.19156742095947266 -822
0.19605803489685059 -831
0.2018442153930664 -837
0.20626068115234375 -840
0.20994067192077637 -851
0.2182626724243164 -849
0.22398042678833008 -856
0.22874975204467773 -855
0.23251128196716309 -860
0.23699045181274414 -866
0.24066996574401855 -864
0.24541282653808594 -866
0.2514474391937256 -865
0.2560460567474365 -871
0.2596700191497803 -872
0.2634236812591553 -877
0.26794981956481934 -876
0.2736213207244873 -879
0.27813196182250977 -877
0.28189826011657715 -877
0.28645896911621094 -883
0.2900388240814209 -883
0.2968173027038574 -886
0.30038022994995117 -884
0.30414414405822754 -886
0.3086092472076416 -888
0.31240105628967285 -890
0.3182532787322998 -891
0.32195138931274414 -892
0.32633042335510254 -888
0.3322887420654297 -890
0.33661890029907227 -889
0.34015727043151855 -889
0.34393739700317383 -894
0.34857845306396484 -895
0.3542215824127197 -895
0.3587009906768799 -894
0.3624732494354248 -891
0.36681437492370605 -894
0.370391845703125 -898
0.37723207473754883 -896
0.3807086944580078 -895
0.38472986221313477 -893
0.3888223171234131 -894
0.3925926685333252 -895
0.39850425720214844 -898
0.4023592472076416 -900
0.40825700759887695 -898
0.4119572639465332 -898
0.4163389205932617 -897
0.4263956546783447 -900
0.4299957752227783 -902
0.43377184867858887 -899
0.438246488571167 -900
0.4419121742248535 -898
0.4463186264038086 -898
0.44992971420288086 -899
0.4537184238433838 -902
0.4582233428955078 -902
0.46189427375793457 -900
0.466463565826416 -899
0.4700195789337158 -897
0.47379398345947266 -899
0.47824811935424805 -904
0.4839787483215332 -903
0.48852086067199707 -902
0.4922916889190674 -901
0.4966111183166504 -898
0.5001840591430664 -902
0.5067493915557861 -900
0.5103092193603516 -903
0.5140645503997803 -902
0.5185651779174805 -899
0.5223286151885986 -898
0.5283496379852295 -900
0.5321156978607178 -904
0.5364489555358887 -902
0.542304515838623 -902
0.5466454029083252 -903
0.5501799583435059 -904
0.5539484024047852 -904
0.5585894584655762 -906
0.5642421245574951 -904
0.5687472820281982 -902
0.5725977420806885 -900
0.5769543647766113 -903
0.5827903747558594 -903
0.5876550674438477 -903
0.5913426876068115 -906
0.5956218242645264 -904
0.5994269847869873 -902
0.6060607433319092 -902
0.6096737384796143 -902
0.6134247779846191 -904
0.6215260028839111 -904
0.6261911392211914 -900
0.6321063041687012 -902
0.6366105079650879 -904
0.6401634216308594 -904
0.6439335346221924 -904
0.6486754417419434 -899
0.6547131538391113 -897
0.6588528156280518 -904
0.66261887550354 -904
0.666938066482544 -903
0.6704990863800049 -899
0.6774954795837402 -903
0.681220293045044 -903
0.6854784488677979 -900
0.68947434425354 -902
0.6929597854614258 -905
0.6988346576690674 -903
0.7026033401489258 -901
0.7074799537658691 -900
0.7112905979156494 -901
0.7155840396881104 -905
0.719451904296875 -905
0.7229495048522949 -902
0.7276251316070557 -903
0.7312929630279541 -900
0.7355954647064209 -902
0.7393825054168701 -902
0.7429282665252686 -903
0.748361349105835 -903
0.7521090507507324 -905
0.7564220428466797 -901
0.7599823474884033 -904
0.7637460231781006 -903
0.7683742046356201 -902
0.7721335887908936 -904
0.7764904499053955 -903
0.7801957130432129 -903
0.7839653491973877 -898
0.7884969711303711 -899
0.7926943302154541 -903
0.7984962463378906 -903
0.8022964000701904 -901
0.8066561222076416 -905
0.8102226257324219 -902
0.8139803409576416 -902
0.8186330795288086 -903
0.8223919868469238 -900
0.8268380165100098 -903
0.8304190635681152 -904
0.8341939449310303 -902
0.8386731147766113 -899
0.842440128326416 -901
0.8479416370391846 -901
0.8515567779541016 -905
0.8560316562652588 -906
0.8596577644348145 -904
0.8634226322174072 -902
0.8679332733154297 -904
0.8715269565582275 -901
0.8768162727355957 -900
0.8803794384002686 -904
0.884143590927124 -903
0.8887913227081299 -902
0.8925623893737793 -902
0.8969721794128418 -899
0.9018573760986328 -904
0.9062619209289551 -904
0.9098217487335205 -901
0.9135971069335938 -899
0.9181265830993652 -902
0.9218330383300781 -903
0.9262211322784424 -903
0.9298007488250732 -903
0.9335610866546631 -903
0.9380686283111572 -904
0.9416646957397461 -903
0.9463870525360107 -898
0.9512040615081787 -900
0.9554879665374756 -903
0.9592685699462891 -903
0.9628105163574219 -903
0.9673993587493896 -903
0.9709441661834717 -901
0.975475549697876 -902
0.9792869091033936 -904
0.9828171730041504 -905
0.9873883724212646 -904
0.9909336566925049 -904
0.9954485893249512 -902
