0 0 
0.0022950172424316406 0
0.008125543594360352 0
0.011884450912475586 2
0.01634359359741211 7
0.02002739906311035 53
0.024824857711791992 36
0.03060317039489746 85
0.034889936447143555 53
0.038514137268066406 197
0.0422520637512207 256
0.046718597412109375 275
0.05233359336853027 319
0.05680680274963379 361
0.06052708625793457 390
0.06482362747192383 402
0.06835341453552246 437
0.07496786117553711 461
0.07851195335388184 482
0.08223295211791992 498
0.08687567710876465 502
0.09062814712524414 527
0.09661245346069336 542
0.10032105445861816 553
0.10467314720153809 577
0.11049938201904297 586
0.11493468284606934 599
0.1184995174407959 603
0.12222146987915039 615
0.12670040130615234 625
0.13234210014343262 634
0.13683223724365234 640
0.14057040214538574 649
0.14508438110351562 653
0.1486375331878662 665
0.15518403053283691 677
0.15894579887390137 680
0.16297149658203125 684
0.16703343391418457 690
0.1707930564880371 690
0.17661595344543457 693
0.1803746223449707 699
0.18465328216552734 708
0.19052767753601074 710
0.19487667083740234 715
0.19842195510864258 715
0.20217585563659668 717
0.21104192733764648 722
0.2165539264678955 728
0.22219061851501465 731
0.22692275047302246 734
0.23069548606872559 738
0.23516130447387695 738
0.23873066902160645 738
0.24561476707458496 740
0.24913382530212402 744
0.2536451816558838 745
0.25717902183532715 747
0.26096630096435547 750
0.26704883575439453 751
0.27082109451293945 746
0.27707338333129883 748
0.2808811664581299 750
0.28517913818359375 750
0.28886890411376953 760
0.2928786277770996 756
0.29907822608947754 757
0.30359673500061035 758
0.3071587085723877 758
0.310931921005249 754
0.31546926498413086 761
0.32102155685424805 760
0.32586216926574707 758
0.32958459854125977 757
0.33414530754089355 761
0.3377649784088135 759
0.34433746337890625 760
0.3479311466217041 760
0.35170578956604004 763
0.3563497066497803 764
0.3600022792816162 764
0.3660011291503906 759
0.3695824146270752 760
0.3760249614715576 761
0.37964844703674316 764
0.3842597007751465 766
0.3878629207611084 766
0.39164137840270996 765
0.39801931381225586 763
0.40191054344177246 764
0.4064011573791504 761
0.4100375175476074 766
0.4144246578216553 767
0.4201467037200928 767
0.4245283603668213 769
0.42812442779541016 764
0.431901216506958 763
0.4363737106323242 764
0.44202470779418945 767
0.4466893672943115 769
0.45049214363098145 770
0.45481443405151367 768
0.4583704471588135 768
0.46440649032592773 766
0.46799397468566895 767
0.47176408767700195 771
0.47817444801330566 767
0.48209691047668457 768
0.4867410659790039 768
0.49048900604248047 763
0.4948136806488037 764
0.5006115436553955 769
0.5050671100616455 768
0.5086283683776855 772
0.5123772621154785 772
0.5168251991271973 769
0.5324649810791016 767
0.5371229648590088 770
0.540865421295166 770
0.5475142002105713 772
0.5510187149047852 765
0.5571484565734863 770
0.5651159286499023 772
0.5686771869659424 772
0.5775260925292969 768
0.5810978412628174 770
0.5863592624664307 765
0.5900733470916748 768
0.5979495048522949 772
0.6038291454315186 773
0.6122846603393555 768
0.6170406341552734 767
0.6236476898193359 769
0.6285796165466309 774
0.6369235515594482 774
0.6447787284851074 770
0.6483538150787354 769
0.6585190296173096 774
0.6667373180389404 772
0.6711499691009521 771
0.6804802417755127 769
0.686565637588501 769
0.6902964115142822 774
0.6947517395019531 775
0.7005538940429688 774
0.7054333686828613 768
0.7110815048217773 765
0.7156741619110107 763
0.7191874980926514 773
0.7260653972625732 771
0.7316865921020508 771
0.7363717555999756 771
0.7400267124176025 770
0.7451705932617188 772
0.7488842010498047 770
0.75429368019104 769
0.7600681781768799 770
0.7646219730377197 772
0.7703595161437988 764
0.7746555805206299 768
0.7782163619995117 764
0.7842528820037842 772
0.787846565246582 771
0.7943944931030273 773
0.8000948429107666 769
0.8046705722808838 766
0.8082306385040283 765
0.8119833469390869 772
0.8165771961212158 772
0.8222222328186035 771
0.8266890048980713 771
0.8304383754730225 769
0.8366532325744629 767
0.8404006958007812 770
0.8448162078857422 765
0.8483633995056152 774
0.8521933555603027 770
0.8585343360900879 770
0.8623044490814209 770
0.8669147491455078 765
0.8706505298614502 763
0.875077486038208 773
0.8808379173278809 774
0.8851478099822998 771
0.8886997699737549 771
0.8928384780883789 767
0.8969457149505615 769
0.9029545783996582 768
0.9070606231689453 769
0.9107968807220459 772
0.9150738716125488 773
0.9186079502105713 771
0.9256305694580078 769
0.9291257858276367 768
0.9335904121398926 767
0.9371566772460938 768
0.9409191608428955 770
0.9467635154724121 775
0.950493335723877 769
0.9548437595367432 771
0.960641622543335 770
0.9649562835693359 772
0.9686036109924316 772
0.9723563194274902 768
0.9768362045288086 768
0.9824421405792236 771
0.9870805740356445 769
0.9908237457275391 768
0.9951565265655518 767
