0 0 
0.0023932456970214844 0
0.007483243942260742 0
0.011866092681884766 0
0.015501976013183594 -6
0.020181655883789062 -38
0.026024341583251953 -38
0.03051924705505371 -18
0.03406262397766113 -64
0.03786635398864746 -185
0.0423588752746582 -184
0.048403024673461914 -232
0.05250120162963867 -263
0.05624032020568848 -292
0.06054043769836426 -292
0.06405997276306152 -326
0.07009625434875488 -343
0.07374358177185059 -349
0.07755494117736816 -382
0.08343696594238281 -396
0.08719635009765625 -399
0.09173297882080078 -426
0.09737181663513184 -437
0.10185384750366211 -440
0.10552740097045898 -458
0.10991978645324707 -464
0.11359238624572754 -474
0.12017703056335449 -486
0.12372589111328125 -488
0.1274576187133789 -498
0.1319596767425537 -502
0.13762784004211426 -517
0.14227962493896484 -521
0.14601731300354004 -526
0.15029311180114746 -527
0.15381669998168945 -532
0.15761137008666992 -536
0.16249370574951172 -541
0.16909146308898926 -547
0.17288875579833984 -549
0.1764209270477295 -550
0.18098211288452148 -559
0.1865549087524414 -561
0.1912853717803955 -568
0.1949305534362793 -566
0.19919991493225098 -566
0.20318174362182617 -568
0.20985031127929688 -567
0.21341967582702637 -569
0.21717119216918945 -574
0.22171306610107422 -581
0.22528910636901855 -584
0.23128676414489746 -585
0.23493027687072754 -580
0.23919677734375 -581
0.2450878620147705 -582
0.249558687210083 -582
0.2531282901763916 -584
0.2568683624267578 -586
0.26163196563720703 -587
0.26729750633239746 -592
0.27178287506103516 -594
0.275454044342041 -592
0.2799091339111328 -591
0.2834465503692627 -589
0.29018688201904297 -588
0.29375123977661133 -591
0.2975194454193115 -595
0.30202412605285645 -595
0.30577731132507324 -597
0.3116791248321533 -599
0.3199038505554199 -597
0.3235809803009033 -593
0.33043670654296875 -593
0.3340151309967041 -592
0.3377716541290283 -596
0.3423960208892822 -599
0.34616851806640625 -599
0.35202813148498535 -600
0.35574960708618164 -598
0.36208105087280273 -596
0.3658561706542969 -591
0.370136022567749 -591
0.37370729446411133 -596
0.37747836112976074 -599
0.3839685916900635 -598
0.38773250579833984 -604
0.3922555446624756 -599
0.3959972858428955 -600
0.40040040016174316 -599
0.40619444847106934 -597
0.41048502922058105 -595
0.4140284061431885 -598
0.41777992248535156 -599
0.42244553565979004 -602
0.428973913192749 -602
0.4325380325317383 -603
0.43630385398864746 -599
0.44103264808654785 -598
0.44456028938293457 -596
0.45041561126708984 -595
0.4539611339569092 -599
0.45769166946411133 -599
0.46393823623657227 -600
0.4676828384399414 -604
0.47299742698669434 -606
0.47653770446777344 -602
0.4834775924682617 -600
0.4872901439666748 -597
0.4919412136077881 -596
0.49571728706359863 -597
0.5003001689910889 -599
0.5045506954193115 -601
0.5115694999694824 -604
0.5151636600494385 -602
0.5196113586425781 -599
0.5232274532318115 -598
0.5290036201477051 -599
0.5325827598571777 -599
0.5363607406616211 -600
0.5429427623748779 -598
0.5465593338012695 -604
0.5520632266998291 -602
0.5557985305786133 -602
0.5602672100067139 -601
0.566077470779419 -598
0.5703699588775635 -599
0.5739877223968506 -597
0.5777413845062256 -598
0.5822265148162842 -604
0.5878612995147705 -602
0.5923640727996826 -604
0.5961408615112305 -604
0.6004624366760254 -601
0.6040067672729492 -599
0.6100564002990723 -602
0.6136112213134766 -598
0.6173512935638428 -601
0.6232891082763672 -599
0.6270425319671631 -604
0.6315443515777588 -601
0.6372289657592773 -604
0.6417787075042725 -604
0.6454513072967529 -602
0.649864912033081 -598
0.653428316116333 -599
0.6600255966186523 -600
0.6635880470275879 -599
0.6673471927642822 -603
0.6719193458557129 -603
0.6756045818328857 -603
0.6818017959594727 -603
0.6854655742645264 -598
0.6918370723724365 -600
0.6955058574676514 -599
0.6999151706695557 -601
0.7034764289855957 -601
0.7072291374206543 -602
0.7136523723602295 -604
0.7220053672790527 -599
0.725750207901001 -600
0.730187177658081 -599
0.7337596416473389 -599
0.7400968074798584 -599
0.7436940670013428 -601
0.7474422454833984 -604
0.7525205612182617 -602
0.7562832832336426 -598
0.7621333599090576 -599
0.7659342288970947 -599
0.7702693939208984 -598
0.7760844230651855 -598
0.7803847789764404 -600
0.7839560508728027 -604
0.7878310680389404 -605
0.7922956943511963 -604
0.7983367443084717 -602
0.8025922775268555 -602
0.8063762187957764 -601
0.8111057281494141 -598
0.814610481262207 -600
0.8213446140289307 -602
0.8250348567962646 -602
0.8293240070343018 -602
0.8331284523010254 -603
0.8366308212280273 -599
0.8424677848815918 -603
0.8462061882019043 -599
0.8504955768585205 -599
0.8563392162322998 -599
0.8610763549804688 -598
0.8646037578582764 -602
0.8690955638885498 -602
0.87496018409729 -602
0.879237174987793 -603
0.8830480575561523 -599
0.8865914344787598 -597
0.8912901878356934 -594
0.8969979286193848 -596
0.9015028476715088 -600
0.9050853252410889 -603
0.9093575477600098 -601
0.9132833480834961 -602
0.9200282096862793 -604
0.9236025810241699 -596
0.9273579120635986 -599
0.931849479675293 -599
0.9354887008666992 -598
0.9416313171386719 -603
0.9452269077301025 -601
0.9497148990631104 -604
0.9539804458618164 -604
0.9577419757843018 -605
0.9622306823730469 -598
0.9659695625305176 -598
0.9703090190887451 -597
0.9738759994506836 -597
0.9776184558868408 -599
0.9822320938110352 -604
0.9859797954559326 -604
0.9913430213928223 -602
0.9950289726257324 -604
0.9995448589324951 -602
