0 0 
0.0024454593658447266 0
0.0071392059326171875 0
0.0121612548828125 -2
0.016600370407104492 -2
0.02030801773071289 -37
0.024895429611206055 -12
0.030720233917236328 -64
0.03504610061645508 -29
0.03866863250732422 -86
0.04242062568664551 -246
0.04688143730163574 -265
0.05254650115966797 -313
0.05723762512207031 -348
0.06098461151123047 -368
0.06529855728149414 -381
0.06884574890136719 -429
0.07575178146362305 -453
0.07925939559936523 -472
0.08369731903076172 -496
0.08763909339904785 -502
0.09116339683532715 -528
0.09697318077087402 -542
0.10070610046386719 -556
0.10502982139587402 -571
0.11084818840026855 -583
0.11564826965332031 -595
0.1191105842590332 -601
0.12313199043273926 -615
0.12720775604248047 -633
0.1337757110595703 -638
0.13733839988708496 -647
0.1410973072052002 -653
0.14537858963012695 -655
0.14892172813415527 -663
0.1557927131652832 -670
0.15935516357421875 -684
0.16384434700012207 -686
0.1673743724822998 -692
0.17113375663757324 -697
0.17713308334350586 -697
0.18092560768127441 -700
0.18521428108215332 -705
0.19106388092041016 -712
0.19538378715515137 -715
0.19893264770507812 -718
0.2030794620513916 -721
0.2093520164489746 -725
0.21390485763549805 -726
0.21783971786499023 -727
0.22134947776794434 -732
0.22667503356933594 -733
0.23236560821533203 -740
0.23711276054382324 -741
0.2408769130706787 -741
0.24521350860595703 -742
0.24875688552856445 -740
0.25482177734375 -743
0.258378267288208 -744
0.2621734142303467 -752
0.2684824466705322 -752
0.272235631942749 -753
0.27666330337524414 -750
0.2803456783294678 -751
0.2847113609313965 -754
0.29059720039367676 -755
0.29503631591796875 -757
0.29862236976623535 -756
0.3038802146911621 -760
0.3096625804901123 -757
0.3140294551849365 -753
0.3178379535675049 -759
0.321364164352417 -758
0.3262052536010742 -758
0.33185601234436035 -763
0.33637285232543945 -765
0.33992552757263184 -760
0.3445322513580322 -760
0.35104942321777344 -762
0.3579597473144531 -766
0.36306262016296387 -762
0.36730432510375977 -764
0.37389636039733887 -762
0.37785840034484863 -761
0.3813490867614746 -763
0.3860344886779785 -765
0.391681432723999 -768
0.3962368965148926 -765
0.39983367919921875 -769
0.4044036865234375 -764
0.40802907943725586 -762
0.41382265090942383 -764
0.4178168773651123 -765
0.4213387966156006 -766
0.4271540641784668 -769
0.4309239387512207 -765
0.4353783130645752 -766
0.4419848918914795 -766
0.44667840003967285 -766
0.4503617286682129 -765
0.4549074172973633 -768
0.4584991931915283 -772
0.4645669460296631 -767
0.46814465522766113 -767
0.471909761428833 -763
0.4779024124145508 -764
0.4816305637359619 -766
0.4862649440765381 -770
0.4919307231903076 -768
0.4965095520019531 -768
0.500089168548584 -766
0.5046191215515137 -769
0.5081822872161865 -770
0.5147640705108643 -770
0.5183916091918945 -771
0.5221390724182129 -767
0.5266664028167725 -766
0.530353307723999 -764
0.5364847183227539 -766
0.5400865077972412 -767
0.5465481281280518 -770
0.5502195358276367 -771
0.5546553134918213 -770
0.5582118034362793 -770
0.5619714260101318 -767
0.5683736801147461 -768
0.5721609592437744 -769
0.5767345428466797 -768
0.5805501937866211 -771
0.5849018096923828 -770
0.5907433032989502 -766
0.5952432155609131 -767
0.598801851272583 -764
0.6025323867797852 -768
0.6071591377258301 -767
0.6137187480926514 -770
0.6172850131988525 -770
0.621039867401123 -765
0.6253359317779541 -766
0.6288866996765137 -766
0.6349289417266846 -769
0.6385054588317871 -767
0.6422967910766602 -770
0.6485669612884521 -771
0.6523263454437256 -768
0.6569716930389404 -766
0.6607184410095215 -767
0.6650450229644775 -769
0.6708993911743164 -772
0.6753025054931641 -770
0.6788461208343506 -768
0.6826009750366211 -765
0.6870925426483154 -767
0.6931381225585938 -766
0.697249174118042 -766
0.701012134552002 -769
0.7052896022796631 -770
0.7088546752929688 -768
0.7159132957458496 -766
0.7196431159973145 -767
0.7238986492156982 -764
0.7277438640594482 -766
0.7312829494476318 -771
0.7373409271240234 -772
0.7410860061645508 -772
0.7453844547271729 -765
0.7562291622161865 -764
0.7598404884338379 -769
0.7644705772399902 -768
0.7680881023406982 -770
0.7738761901855469 -768
0.7779932022094727 -766
0.7817401885986328 -766
0.7880463600158691 -767
0.791928768157959 -769
0.7964372634887695 -772
0.8000130653381348 -768
0.8044970035552979 -770
0.809938907623291 -765
0.8144433498382568 -764
0.8180274963378906 -765
0.8217906951904297 -770
0.8262665271759033 -770
0.8298542499542236 -769
0.8344519138336182 -772
0.8380873203277588 -768
0.8418877124786377 -766
0.8463714122772217 -767
0.8499436378479004 -768
0.8544788360595703 -768
0.85892653465271 -771
0.8630380630493164 -769
0.867316722869873 -769
0.8711049556732178 -764
0.8756566047668457 -764
0.8791065216064453 -767
0.8830986022949219 -768
0.8871762752532959 -770
0.8909282684326172 -770
0.8953869342803955 -772
0.8989303112030029 -770
0.9030795097351074 -768
0.9072730541229248 -766
0.9121239185333252 -767
0.9166133403778076 -766
0.9202547073364258 -769
0.9246525764465332 -771
0.9282560348510742 -768
0.9320299625396729 -765
0.936535120010376 -768
0.9401047229766846 -766
0.9445853233337402 -768
0.9481456279754639 -770
0.9519164562225342 -771
0.9566142559051514 -773
0.9611556529998779 -768
0.9657368659973145 -767
0.9692482948303223 -767
0.9737167358398438 -768
0.9772922992706299 -767
0.9810843467712402 -769
0.9856383800506592 -770
0.989093542098999 -771
0.9930682182312012 -769
0.9973149299621582 -768
