0 0 
0.0025713443756103516 0
0.00732111930847168 0
0.012424945831298828 0
0.016679048538208008 0
0.020161151885986328 0
0.025624752044677734 2
0.02901172637939453 2
0.03265857696533203 2
0.038275718688964844 2
0.04177451133728027 2
0.047043561935424805 6
0.05048871040344238 6
0.056218862533569336 12
0.059700727462768555 12
0.06317973136901855 45
0.06885576248168945 45
0.07265257835388184 45
0.07816696166992188 45
0.08167791366577148 59
0.08715248107910156 61
0.09060096740722656 65
0.09634971618652344 68
0.09980297088623047 68
0.10322690010070801 68
0.10874438285827637 72
0.11252593994140625 73
0.11808919906616211 74
0.12156987190246582 75
0.1270444393157959 75
0.13048052787780762 75
0.13622355461120605 78
0.13969087600708008 79
0.14313268661499023 79
0.1499786376953125 80
0.15370917320251465 80
0.15822887420654297 82
0.16176795959472656 81
0.16623568534851074 81
0.17174315452575684 82
0.1763172149658203 82
0.1797924041748047 82
0.18327832221984863 82
0.1882011890411377 82
0.1937699317932129 82
0.19826030731201172 83
0.20189309120178223 83
0.20638155937194824 83
0.20987677574157715 83
0.21479487419128418 84
0.2190868854522705 84
0.22723841667175293 85
0.23305487632751465 85
0.2379746437072754 86
0.24126338958740234 86
0.24578046798706055 86
0.25174832344055176 86
0.2563042640686035 86
0.2597489356994629 86
0.26329565048217773 86
0.2680623531341553 85
0.2736020088195801 85
0.27815794944763184 86
0.2817075252532959 87
0.28620243072509766 87
0.2896840572357178 87
0.29316115379333496 87
0.29874444007873535 87
0.3024599552154541 87
0.3081705570220947 88
0.3116946220397949 87
0.31702303886413574 87
0.3204824924468994 87
0.32633018493652344 87
0.3298304080963135 88
0.3332843780517578 88
0.33881092071533203 88
0.34252119064331055 87
0.34824585914611816 87
0.3517725467681885 86
0.35709357261657715 86
0.36057090759277344 86
0.36650657653808594 86
0.37000608444213867 86
0.3752777576446533 87
0.3789544105529785 86
0.3826451301574707 86
0.3881711959838867 86
0.3917067050933838 86
0.39710259437561035 86
0.40058422088623047 86
0.4063427448272705 86
0.40981364250183105 86
0.4133265018463135 87
0.4188408851623535 87
0.42252516746520996 86
0.4282376766204834 86
0.4317495822906494 86
0.4370384216308594 85
0.4404716491699219 85
0.44628334045410156 85
0.4497678279876709 85
0.4532172679901123 85
0.4587705135345459 86
0.46245837211608887 86
0.4680008888244629 85
0.47130346298217773 86
0.47707104682922363 86
0.4805583953857422 86
0.4864678382873535 86
0.4899592399597168 87
0.4948279857635498 87
0.4989612102508545 87
0.5026845932006836 87
0.5072369575500488 87
0.5130343437194824 87
0.5173304080963135 87
0.5209858417510986 87
0.5252251625061035 87
0.5289080142974854 87
0.5352418422698975 87
0.5389120578765869 87
0.5426197052001953 87
0.5470573902130127 87
0.5505213737487793 88
0.5571367740631104 88
0.5606071949005127 89
0.5647425651550293 89
0.5687868595123291 89
0.5724625587463379 89
0.5780553817749023 90
0.5813424587249756 89
0.5869131088256836 90
0.5903573036193848 90
0.5960991382598877 89
0.5993461608886719 89
0.6030418872833252 88
0.6087541580200195 88
0.6124539375305176 88
0.6180288791656494 89
0.6213114261627197 89
0.6292638778686523 89
0.6362230777740479 89
0.6397264003753662 89
0.6520514488220215 88
0.6565003395080566 88
0.662222146987915 88
0.6667501926422119 88
0.6732659339904785 88
0.6783974170684814 88
0.6840183734893799 87
0.6907601356506348 87
0.6982705593109131 85
0.7019608020782471 86
0.7063329219818115 86
0.7098193168640137 85
0.7166213989257812 85
0.7223901748657227 85
0.7269570827484131 85
0.7304575443267822 85
0.7341461181640625 86
0.7389862537384033 86
0.7468035221099854 86
0.7502853870391846 86
0.7570648193359375 86
0.7605843544006348 87
0.7665016651153564 86
0.7699878215789795 86
0.7752597332000732 86
0.7810454368591309 86
0.7853124141693115 86
0.7908976078033447 86
0.7947542667388916 86
0.7987866401672363 87
0.8065016269683838 87
0.8099849224090576 87
0.813683271408081 87
0.8181779384613037 87
0.826540470123291 87
0.8300449848175049 88
0.8337266445159912 88
0.8381710052490234 88
0.8416945934295654 88
0.8465781211853027 88
0.8521335124969482 88
0.8587024211883545 88
0.8643300533294678 88
0.8689262866973877 87
0.8726234436035156 88
0.876953125 88
0.8803932666778564 88
0.8861575126647949 88
0.8896322250366211 88
0.8930680751800537 89
0.8985955715179443 89
0.9022712707519531 89
0.9125268459320068 89
0.9168322086334229 88
0.9203131198883057 89
0.9240069389343262 89
0.9284420013427734 89
0.9340388774871826 89
0.938607931137085 88
0.9422943592071533 87
0.9465675354003906 88
0.9500062465667725 87
0.9552607536315918 87
0.9600870609283447 88
0.9671275615692139 88
0.9707577228546143 88
0.9772427082061768 88
0.9808950424194336 88
0.9847331047058105 86
0.988776445388794 87
0.992485761642456 87
0.9982028007507324 87
