0 0 
0.00260162353515625 0
0.007188558578491211 0
0.010641098022460938 0
0.015122413635253906 2
0.018605470657348633 2
0.022564411163330078 2
0.0268099308013916 7
0.0318453311920166 16
0.03658938407897949 77
0.042585134506225586 77
0.046651601791381836 32
0.050408363342285156 99
0.05808520317077637 136
0.06527280807495117 149
0.0708162784576416 166
0.07536530494689941 175
0.07910943031311035 183
0.08351492881774902 189
0.08820104598999023 192
0.09514021873474121 198
0.10144948959350586 207
0.10757017135620117 217
0.11435174942016602 221
0.12020349502563477 225
0.12536382675170898 227
0.1292107105255127 229
0.13521981239318848 233
0.13873004913330078 235
0.14465093612670898 237
0.1485745906829834 236
0.15257978439331055 241
0.15921831130981445 239
0.16351985931396484 244
0.16730499267578125 244
0.17081546783447266 248
0.1755962371826172 249
0.18129205703735352 250
0.18593931198120117 253
0.18955469131469727 253
0.19406437873840332 253
0.19762945175170898 257
0.20421552658081055 256
0.20779752731323242 258
0.21157050132751465 261
0.21610164642333984 261
0.21975040435791016 258
0.22574901580810547 258
0.22934341430664062 257
0.23433375358581543 258
0.23795819282531738 255
0.24417638778686523 257
0.24781513214111328 259
0.25158071517944336 261
0.25794172286987305 260
0.2617199420928955 263
0.2662069797515869 263
0.26993560791015625 263
0.27428293228149414 263
0.28016185760498047 264
0.284670352935791 264
0.2882192134857178 267
0.2966301441192627 266
0.30036067962646484 267
0.3055605888366699 266
0.3112645149230957 265
0.31590986251831055 263
0.3194882869720459 263
0.3239600658416748 262
0.3275468349456787 260
0.33414721488952637 260
0.3377203941345215 262
0.3414888381958008 263
0.3460383415222168 262
0.3496725559234619 264
0.35567784309387207 265
0.35929107666015625 264
0.3644256591796875 263
0.3679938316345215 264
0.37404894828796387 264
0.3776264190673828 264
0.3813772201538086 263
0.387728214263916 266
0.3915407657623291 267
0.3960144519805908 264
0.39957213401794434 263
0.40406179428100586 265
0.40978527069091797 265
0.4143662452697754 262
0.41802144050598145 262
0.4218027591705322 262
0.4264230728149414 263
0.43204474449157715 262
0.4365711212158203 262
0.44031262397766113 266
0.4445936679840088 265
0.44818758964538574 264
0.4542078971862793 263
0.45780086517333984 267
0.4615755081176758 265
0.4679069519042969 266
0.4716787338256836 268
0.4761488437652588 268
0.47981715202331543 264
0.48435211181640625 266
0.49017882347106934 263
0.49451351165771484 262
0.4981813430786133 263
0.5019092559814453 264
0.5063846111297607 262
0.5120086669921875 264
0.5164835453033447 265
0.5202081203460693 265
0.5245044231414795 263
0.5280299186706543 266
0.5345926284790039 265
0.5381674766540527 263
0.5418903827667236 264
0.5465524196624756 264
0.5502743721008301 266
0.5561003684997559 266
0.5597391128540039 267
0.564166784286499 265
0.5699863433837891 264
0.5743141174316406 265
0.5778746604919434 263
0.5816197395324707 264
0.5862157344818115 263
0.5918474197387695 263
0.5963549613952637 261
0.6000945568084717 264
0.6045091152191162 264
0.6102819442749023 264
0.614572286605835 262
0.6181457042694092 264
0.6219022274017334 265
0.6263542175292969 264
0.6319615840911865 265
0.6364636421203613 267
0.6401832103729248 266
0.6444931030273438 264
0.648040771484375 266
0.6541085243225098 265
0.6576478481292725 266
0.6614155769348145 265
0.6679270267486572 266
0.6717078685760498 266
0.6763575077056885 264
0.6801369190216064 263
0.6845250129699707 264
0.6946537494659424 262
0.6982197761535645 263
0.7019782066345215 264
0.7066235542297363 265
0.7103722095489502 266
0.716395378112793 267
0.7201204299926758 267
0.7246837615966797 267
0.7304739952087402 264
0.7347784042358398 265
0.7383480072021484 265
0.742072343826294 266
0.7465465068817139 266
0.7525613307952881 268
0.7566473484039307 263
0.7603981494903564 265
0.7647037506103516 262
0.7682578563690186 263
0.7748160362243652 263
0.778374433517456 265
0.782113790512085 262
0.7867989540100098 263
0.7905433177947998 264
0.7964019775390625 263
0.8002529144287109 263
0.805565357208252 267
0.8092191219329834 264
0.814821720123291 264
0.8183615207672119 264
0.8221089839935303 267
0.829775333404541 266
0.8341772556304932 267
0.8377418518066406 268
0.8415069580078125 267
0.8461761474609375 265
0.8532390594482422 264
0.8567821979522705 264
0.8605525493621826 262
0.8648543357849121 262
0.8684000968933105 264
0.8744378089904785 263
0.8780202865600586 263
0.8817739486694336 264
0.888103723526001 266
0.8918321132659912 264
0.8963038921356201 265
0.9000601768493652 268
0.9044866561889648 265
0.9102895259857178 265
0.9145779609680176 267
0.9181604385375977 266
0.9218804836273193 264
0.9264495372772217 266
0.9320762157440186 266
0.936765193939209 265
0.94051194190979 263
0.9447934627532959 262
0.948340892791748 262
0.9543724060058594 263
0.9579589366912842 262
0.9617249965667725 264
0.9668307304382324 264
0.9705870151519775 264
0.9764463901519775 264
0.980194091796875 265
0.98453688621521 264
0.9903180599212646 264
0.9946415424346924 264
0.9981768131256104 264
