0 0 
0.002301454544067383 0
0.006710052490234375 0
0.01041102409362793 0
0.014709949493408203 0
0.019860506057739258 0
0.024879932403564453 3
0.0284268856048584 3
0.03511643409729004 3
0.03883981704711914 3
0.04282832145690918 3
0.04689979553222656 3
0.05059385299682617 3
0.0563967227935791 3
0.05999112129211426 7
0.06431722640991211 7
0.07000422477722168 7
0.07441997528076172 7
0.07792544364929199 7
0.08164072036743164 7
0.08630204200744629 12
0.09192943572998047 12
0.09636473655700684 25
0.10000967979431152 25
0.1043846607208252 25
0.11005282402038574 25
0.11452484130859375 34
0.11809563636779785 34
0.12183642387390137 34
0.126326322555542 34
0.13195204734802246 43
0.14473628997802734 43
0.1482861042022705 45
0.15496420860290527 45
0.16045403480529785 44
0.16551947593688965 44
0.17143869400024414 44
0.17583107948303223 46
0.1794605255126953 46
0.18372821807861328 46
0.18947649002075195 46
0.19381189346313477 46
0.19757604598999023 46
0.2010807991027832 47
0.20587754249572754 47
0.21154022216796875 47
0.21605944633483887 47
0.2197108268737793 47
0.22414731979370117 47
0.22771167755126953 48
0.23287606239318848 48
0.23702597618103027 48
0.2407853603363037 48
0.24506640434265137 48
0.25092005729675293 48
0.2554759979248047 48
0.25887322425842285 49
0.26285433769226074 49
0.2671535015106201 47
0.27379894256591797 47
0.2776057720184326 49
0.2811102867126465 49
0.2857813835144043 49
0.29146575927734375 49
0.29619669914245605 49
0.2997763156890869 49
0.30425238609313965 49
0.3078486919403076 49
0.31444430351257324 49
0.31803393363952637 48
0.3218269348144531 48
0.3265085220336914 47
0.3302309513092041 47
0.33617115020751953 47
0.3397688865661621 47
0.34426021575927734 47
0.3500220775604248 47
0.35443115234375 47
0.35799121856689453 49
0.36176156997680664 49
0.36629748344421387 49
0.3719663619995117 49
0.37640976905822754 49
0.380108118057251 50
0.38466596603393555 50
0.388261079788208 50
0.3948628902435303 50
0.39842844009399414 49
0.40218615531921387 49
0.4067249298095703 50
0.410447359085083 50
0.4163205623626709 50
0.4199695587158203 50
0.4258725643157959 48
0.4295318126678467 49
0.43380069732666016 49
0.4395937919616699 50
0.4442760944366455 50
0.4478728771209717 50
0.45161962509155273 50
0.4561319351196289 50
0.4617772102355957 50
0.46628665924072266 50
0.46996212005615234 49
0.4744083881378174 49
0.47796201705932617 50
0.4837985038757324 50
0.4876878261566162 50
0.49141407012939453 50
0.49771881103515625 50
0.5015177726745605 51
0.5061874389648438 51
0.5097520351409912 50
0.5142238140106201 50
0.5199956893920898 49
0.5244593620300293 49
0.5280308723449707 50
0.5318119525909424 50
0.5362792015075684 50
0.5447053909301758 50
0.5505387783050537 50
0.5551052093505859 50
0.5586733818054199 50
0.5624260902404785 50
0.5674161911010742 49
0.5738155841827393 49
0.5775988101959229 49
0.5813858509063721 50
0.5858535766601562 50
0.5894937515258789 50
0.5951049327850342 50
0.5986583232879639 50
0.6024026870727539 51
0.608881950378418 51
0.6128902435302734 51
0.6169970035552979 51
0.6207594871520996 49
0.6274843215942383 49
0.6310455799102783 50
0.6356184482574463 50
0.639122724533081 50
0.6436352729797363 50
0.6494309902191162 50
0.6537637710571289 50
0.6575617790222168 50
0.6610691547393799 50
0.6656348705291748 50
0.669135332107544 49
0.6758670806884766 50
0.6796314716339111 50
0.6842567920684814 50
0.6878688335418701 50
0.6936616897583008 50
0.697472095489502 50
0.7009687423706055 50
0.707592248916626 50
0.7111144065856934 50
0.7157824039459229 49
0.7194254398345947 49
0.7236852645874023 49
0.7295567989349365 49
0.7338502407073975 49
0.7376391887664795 49
0.741124153137207 50
0.7460160255432129 50
0.7516429424285889 50
0.7561285495758057 51
0.759721040725708 51
0.7642149925231934 49
0.7677874565124512 49
0.7743582725524902 49
0.7779126167297363 49
0.7816660404205322 50
0.7862114906311035 50
0.7900300025939941 49
0.795989990234375 50
0.7995789051055908 50
0.8038396835327148 51
0.8089194297790527 51
0.8128974437713623 51
0.8171329498291016 50
0.8237073421478271 50
0.8275201320648193 51
0.8310511112213135 51
0.8356349468231201 50
0.839139461517334 50
0.8458776473999023 50
0.8495180606842041 50
0.8546102046966553 50
0.8581726551055908 50
0.8643627166748047 50
0.8679461479187012 49
0.8716821670532227 49
0.8780076503753662 50
0.8817920684814453 50
0.8862760066986084 50
0.889866828918457 50
0.8943395614624023 50
0.900047779083252 51
0.904487133026123 51
0.9080801010131836 51
0.9118289947509766 49
0.9164266586303711 49
0.9220905303955078 49
0.9267308712005615 49
0.9304707050323486 49
0.9348022937774658 49
0.9410505294799805 49
0.9480664730072021 50
0.951857328414917 50
0.9583539962768555 50
0.9621462821960449 50
0.9667339324951172 50
0.9704680442810059 50
0.9747836589813232 50
0.9805631637573242 50
0.9850385189056396 50
0.9886002540588379 49
0.9923653602600098 49
0.9968407154083252 49
