0 0 
0.002348184585571289 0
0.006299495697021484 0
0.010528087615966797 0
0.014222860336303711 3
0.020227432250976562 8
0.029820680618286133 19
0.03563284873962402 53
0.04197502136230469 74
0.04579663276672363 35
0.05198860168457031 35
0.05579996109008789 106
0.061989545822143555 117
0.06576228141784668 131
0.07022595405578613 140
0.07584190368652344 145
0.08047008514404297 153
0.0842740535736084 158
0.08896875381469727 162
0.09250164031982422 171
0.09925127029418945 175
0.10292887687683105 180
0.10724115371704102 184
0.1110541820526123 184
0.11456942558288574 189
0.12046289443969727 190
0.12429952621459961 193
0.13086247444152832 199
0.13446807861328125 197
0.13904094696044922 200
0.14259004592895508 202
0.1471099853515625 206
0.15312671661376953 207
0.15767121315002441 208
0.1612856388092041 209
0.1650383472442627 211
0.16957855224609375 212
0.17526936531066895 215
0.17976713180541992 215
0.18347883224487305 215
0.18790125846862793 215
0.19150042533874512 217
0.1981203556060791 216
0.20171332359313965 216
0.2055063247680664 217
0.2102065086364746 217
0.21394610404968262 219
0.21986818313598633 218
0.22357749938964844 221
0.22797250747680664 222
0.2338275909423828 221
0.23814797401428223 223
0.24175477027893066 222
0.24555110931396484 223
0.25003910064697266 222
0.25568318367004395 222
0.26016759872436523 222
0.2639334201812744 222
0.26842331886291504 223
0.2720339298248291 224
0.27886080741882324 223
0.2823343276977539 224
0.2863597869873047 225
0.2904515266418457 225
0.29424571990966797 226
0.300121545791626 223
0.3038933277130127 222
0.30820441246032715 222
0.3140707015991211 222
0.3183708190917969 222
0.3219125270843506 221
0.3256876468658447 223
0.3323793411254883 222
0.33697962760925293 224
0.3409891128540039 223
0.34453630447387695 224
0.3492419719696045 224
0.354961633682251 225
0.35944247245788574 225
0.3630564212799072 225
0.3675367832183838 227
0.3711507320404053 226
0.37777090072631836 225
0.38138270378112793 227
0.38517332077026367 227
0.3898611068725586 226
0.3935067653656006 225
0.39943671226501465 225
0.4030284881591797 225
0.40760326385498047 224
0.4132716655731201 223
0.4177525043487549 223
0.42134904861450195 224
0.42824745178222656 223
0.43531370162963867 224
0.4400031566619873 223
0.4437427520751953 224
0.44834375381469727 223
0.45192384719848633 225
0.45812129974365234 226
0.4617278575897217 226
0.46551513671875 224
0.4720268249511719 225
0.47577738761901855 226
0.4802396297454834 225
0.48397064208984375 226
0.4882843494415283 225
0.4941740036010742 228
0.4984705448150635 228
0.5019991397857666 225
0.5057597160339355 226
0.5104084014892578 227
0.516960620880127 227
0.5205211639404297 226
0.5243024826049805 224
0.528613805770874 225
0.532163143157959 224
0.5382471084594727 224
0.5418069362640381 221
0.5455582141876221 221
0.5519082546234131 222
0.555701732635498 222
0.5601844787597656 222
0.563927412033081 221
0.5684041976928711 224
0.5742249488830566 227
0.5785443782806396 225
0.5821599960327148 225
0.586317777633667 226
0.5904006958007812 227
0.5969376564025879 227
0.600933313369751 224
0.6044647693634033 225
0.609074592590332 226
0.6148378849029541 225
0.6193432807922363 224
0.622997522354126 223
0.627281904220581 224
0.6312592029571533 223
0.6370477676391602 223
0.640857458114624 224
0.6443946361541748 224
0.6509485244750977 224
0.654536247253418 223
0.6591248512268066 223
0.6628596782684326 224
0.667151689529419 224
0.6729989051818848 224
0.6773300170898438 224
0.6812355518341064 225
0.6850247383117676 227
0.6897034645080566 225
0.6953625679016113 225
0.6998834609985352 227
0.7035596370697021 227
0.7079565525054932 224
0.7115387916564941 224
0.7180957794189453 226
0.7216734886169434 226
0.7254271507263184 223
0.7300748825073242 223
0.733832597732544 224
0.7397251129150391 223
0.7433247566223145 222
0.7480132579803467 224
0.7538247108459473 224
0.7581191062927246 224
0.7617206573486328 223
0.7654955387115479 223
0.7699861526489258 225
0.7755956649780273 224
0.780102014541626 226
0.7838578224182129 226
0.7882099151611328 226
0.7918739318847656 227
0.7984566688537598 225
0.8019931316375732 225
0.8057634830474854 225
0.8103992938995361 225
0.8141927719116211 225
0.8200747966766357 226
0.8238167762756348 226
0.8329977989196777 224
0.8373374938964844 224
0.8413138389587402 226
0.8471369743347168 224
0.8511331081390381 224
0.8548600673675537 224
0.8614993095397949 223
0.8652942180633545 224
0.8699705600738525 223
0.8737401962280273 224
0.8780722618103027 225
0.8838708400726318 227
0.8881947994232178 226
0.8917505741119385 226
0.8955373764038086 226
0.9000725746154785 226
0.905717134475708 225
0.9102029800415039 224
0.9139354228973389 226
0.918257474899292 225
0.9218969345092773 227
0.928107500076294 226
0.9316799640655518 226
0.9354400634765625 226
0.9417746067047119 224
0.9455680847167969 225
0.9501066207885742 225
0.9538636207580566 225
0.9592940807342529 227
0.9650111198425293 222
0.9695014953613281 225
0.9731006622314453 223
0.977553129196167 223
0.9831879138946533 223
0.9879088401794434 223
0.9915363788604736 224
0.9953227043151855 225
0.9998297691345215 226
