0 0 
0.002424955368041992 0
0.007027864456176758 0
0.010553121566772461 0
0.014280319213867188 16
0.023383140563964844 46
0.028600692749023438 34
0.03632044792175293 198
0.0402681827545166 98
0.044064998626708984 232
0.05295062065124512 301
0.05942344665527344 344
0.06716775894165039 370
0.07075142860412598 386
0.07697129249572754 404
0.08056020736694336 418
0.08432579040527344 437
0.09063100814819336 453
0.09442567825317383 466
0.0988762378692627 473
0.10243701934814453 485
0.107086181640625 498
0.11290955543518066 510
0.11719846725463867 520
0.12073659896850586 528
0.12452077865600586 543
0.12907910346984863 561
0.13935184478759766 565
0.14362287521362305 567
0.1504206657409668 575
0.15475010871887207 584
0.15967416763305664 586
0.16362404823303223 597
0.17098045349121094 601
0.17471933364868164 605
0.1810917854309082 607
0.1849040985107422 608
0.1893472671508789 615
0.19306492805480957 612
0.19760417938232422 614
0.20340609550476074 622
0.2077345848083496 627
0.21127605438232422 626
0.21541666984558105 628
0.21952390670776367 631
0.22610926628112793 628
0.23010993003845215 630
0.23374366760253906 630
0.23844528198242188 637
0.2420969009399414 639
0.24772930145263672 641
0.2514462471008301 645
0.2554595470428467 643
0.26166439056396484 641
0.26613831520080566 643
0.26968884468078613 643
0.2734568119049072 643
0.2777576446533203 648
0.2836277484893799 655
0.28859567642211914 651
0.2921943664550781 649
0.2964613437652588 648
0.3025844097137451 651
0.30702829360961914 646
0.31058835983276367 651
0.31436920166015625 651
0.3188908100128174 651
0.3245394229888916 658
0.3290278911590576 655
0.33270788192749023 655
0.3370819091796875 654
0.3406486511230469 655
0.34688615798950195 654
0.35059237480163574 654
0.3543570041656494 655
0.3607497215270996 657
0.36450624465942383 657
0.36899471282958984 658
0.37267374992370605 655
0.3770885467529297 653
0.38292407989501953 657
0.3872509002685547 659
0.3908376693725586 660
0.3945736885070801 661
0.399050235748291 661
0.4047207832336426 657
0.40936994552612305 656
0.41311192512512207 657
0.417407751083374 658
0.4210376739501953 659
0.4272463321685791 662
0.4308605194091797 663
0.434617280960083 662
0.4409675598144531 661
0.44472455978393555 661
0.44919919967651367 659
0.45820045471191406 659
0.4617197513580322 662
0.46808624267578125 659
0.4715399742126465 663
0.4755215644836426 660
0.48048830032348633 659
0.48627185821533203 656
0.49007749557495117 659
0.4935872554779053 661
0.5001630783081055 664
0.5037171840667725 663
0.5084724426269531 666
0.5121161937713623 662
0.516399621963501 658
0.5221984386444092 660
0.5268521308898926 660
0.5304710865020752 663
0.5342211723327637 662
0.538701057434082 665
0.5443408489227295 662
0.5488605499267578 663
0.5524494647979736 662
0.5571036338806152 661
0.5606954097747803 660
0.5672314167022705 659
0.5708110332489014 661
0.5745995044708252 661
0.5790214538574219 663
0.5826489925384521 662
0.5887451171875 661
0.5923299789428711 662
0.5968668460845947 659
0.6026504039764404 660
0.6070523262023926 662
0.6106069087982178 660
0.6143472194671631 660
0.6188361644744873 662
0.624488353729248 659
0.6289994716644287 661
0.632655143737793 660
0.6370372772216797 659
0.6427230834960938 662
0.6473019123077393 663
0.6508650779724121 663
0.6546125411987305 662
0.6591060161590576 663
0.6647324562072754 658
0.6692461967468262 660
0.6730070114135742 663
0.6772642135620117 660
0.6808366775512695 662
0.6870191097259521 663
0.6905913352966309 663
0.6944282054901123 660
0.7007904052734375 657
0.7045655250549316 660
0.7091853618621826 657
0.7129321098327637 661
0.7172443866729736 662
0.7230377197265625 666
0.7273893356323242 662
0.7309274673461914 660
0.7346827983856201 661
0.7391335964202881 661
0.7447421550750732 660
0.7492542266845703 658
0.7530083656311035 663
0.7572536468505859 664
0.7607874870300293 662
0.7669811248779297 659
0.7705624103546143 660
0.7743041515350342 658
0.7805609703063965 662
0.7843143939971924 661
0.7888102531433105 662
0.7923746109008789 661
0.7968418598175049 663
0.8025758266448975 660
0.8071117401123047 658
0.8106918334960938 658
0.8144533634185791 660
0.8190970420837402 661
0.8247504234313965 662
0.8293671607971191 664
0.833137035369873 661
0.8374454975128174 662
0.8432178497314453 660
0.8476064205169678 657
0.8511426448822021 663
0.8595154285430908 659
0.8632874488830566 659
0.8682267665863037 664
0.8737454414367676 663
0.8786523342132568 660
0.8822119235992432 660
0.886479377746582 661
0.8904552459716797 659
0.8970210552215576 661
0.9005765914916992 662
0.9043095111846924 663
0.9088070392608643 660
0.9123601913452148 661
0.918269157409668 661
0.9217672348022461 659
0.9262537956237793 660
0.9321408271789551 662
0.9367516040802002 662
0.9403486251831055 665
0.944087028503418 665
0.9507112503051758 662
0.9545109272003174 658
0.9589769840240479 658
0.9626133441925049 662
0.9669919013977051 658
0.972684383392334 666
0.9770956039428711 665
0.98069167137146 663
0.9844305515289307 663
0.9888918399810791 661
0.9945335388183594 658
0.9990274906158447 663
