0 0 
0.006095409393310547 0
0.009794950485229492 0
0.014028549194335938 -3
0.020142555236816406 -9
0.02476334571838379 -9
0.030295133590698242 -14
0.03519129753112793 -181
0.04082632064819336 -204
0.045752763748168945 -228
0.0494999885559082 -284
0.05546689033508301 -278
0.0590510368347168 -353
0.06375813484191895 -394
0.07159781455993652 -429
0.0762481689453125 -457
0.07999396324157715 -491
0.08480191230773926 -501
0.08832144737243652 -541
0.0958395004272461 -556
0.09959578514099121 -585
0.10567069053649902 -590
0.10934019088745117 -605
0.11371660232543945 -640
0.12136316299438477 -649
0.1258542537689209 -665
0.12969350814819336 -670
0.13400053977966309 -684
0.1397838592529297 -696
0.1456916332244873 -700
0.14943599700927734 -711
0.153764009475708 -725
0.15961122512817383 -734
0.16522741317749023 -739
0.17156481742858887 -744
0.17609262466430664 -754
0.17990827560424805 -757
0.18578767776489258 -765
0.18953776359558105 -772
0.19707083702087402 -777
0.20087027549743652 -776
0.20542216300964355 -781
0.21142363548278809 -792
0.21976161003112793 -798
0.22484683990478516 -799
0.2306077480316162 -797
0.23529410362243652 -801
0.24104928970336914 -806
0.24569368362426758 -806
0.24945640563964844 -812
0.25534510612487793 -811
0.2589545249938965 -814
0.26680684089660645 -813
0.2705962657928467 -814
0.2750675678253174 -821
0.2808716297149658 -820
0.28565001487731934 -823
0.29132866859436035 -820
0.29584670066833496 -823
0.3015930652618408 -828
0.30622124671936035 -829
0.3099660873413086 -830
0.31589412689208984 -827
0.31966638565063477 -828
0.3242819309234619 -830
0.33294153213500977 -833
0.3369321823120117 -835
0.34070611000061035 -833
0.3455336093902588 -832
0.34920740127563477 -832
0.3555288314819336 -834
0.36122703552246094 -834
0.36574244499206543 -837
0.371474027633667 -834
0.3759803771972656 -833
0.3821103572845459 -836
0.38620972633361816 -836
0.3899679183959961 -835
0.39585161209106445 -840
0.39963412284851074 -840
0.4056582450866699 -834
0.41135668754577637 -835
0.41599392890930176 -837
0.4220113754272461 -841
0.42630624771118164 -839
0.4300670623779297 -838
0.4352877140045166 -838
0.4413421154022217 -840
0.44620728492736816 -839
0.4529130458831787 -841
0.45691442489624023 -842
0.4606809616088867 -840
0.4656684398651123 -838
0.47397589683532715 -840
0.4775424003601074 -843
0.48131251335144043 -846
0.48720884323120117 -842
0.4938361644744873 -841
0.49971890449523926 -839
0.5042369365692139 -842
0.5101826190948486 -844
0.5151679515838623 -845
0.5187718868255615 -840
0.5250279903411865 -839
0.5287086963653564 -843
0.5349857807159424 -844
0.540733814239502 -845
0.5452795028686523 -841
0.5509223937988281 -840
0.5555872917175293 -841
0.5592641830444336 -841
0.565302848815918 -843
0.5709145069122314 -842
0.5755927562713623 -841
0.5812737941741943 -838
0.5859296321868896 -841
0.5896799564361572 -841
0.5941376686096191 -840
0.6027936935424805 -844
0.6066102981567383 -839
0.6101484298706055 -838
0.6188821792602539 -843
0.6258876323699951 -843
0.6336524486541748 -841
0.6372852325439453 -841
0.6442248821258545 -841
0.6477806568145752 -842
0.653883695602417 -846
0.6574628353118896 -843
0.6612672805786133 -840
0.6660394668579102 -840
0.6753358840942383 -844
0.6789112091064453 -842
0.6835939884185791 -845
0.6871912479400635 -844
0.6930687427520752 -840
0.6995484828948975 -842
0.7041127681732178 -843
0.7099289894104004 -842
0.7146899700164795 -842
0.7182555198669434 -842
0.7243008613586426 -841
0.7278687953948975 -840
0.734121561050415 -846
0.7402749061584473 -842
0.7453577518463135 -843
0.7510213851928711 -839
0.7556867599487305 -840
0.7614662647247314 -843
0.7666070461273193 -842
0.7701637744903564 -842
0.776221752166748 -840
0.7799510955810547 -839
0.7875230312347412 -844
0.7912962436676025 -843
0.7971599102020264 -842
0.8037903308868408 -839
0.8073697090148926 -841
0.8135178089141846 -844
0.8197736740112305 -845
0.8246026039123535 -845
0.8280730247497559 -842
0.8320834636688232 -841
0.8366241455078125 -840
0.8401706218719482 -840
0.8467066287994385 -840
0.8502326011657715 -844
0.8567547798156738 -845
0.86029052734375 -840
0.8658883571624756 -839
0.8715591430664062 -841
0.8763220310211182 -845
0.8801102638244629 -846
0.8851587772369385 -845
0.8888719081878662 -844
0.8948557376861572 -840
0.8986639976501465 -841
0.9029664993286133 -844
0.9095132350921631 -844
0.9150829315185547 -839
0.918776273727417 -838
0.9230546951293945 -838
0.9290261268615723 -845
0.9337685108184814 -845
0.937342643737793 -844
0.941089391708374 -843
0.9458577632904053 -844
0.9515349864959717 -841
0.9561779499053955 -845
0.9599411487579346 -844
0.9658215045928955 -844
0.9696171283721924 -845
0.9740567207336426 -846
0.9802579879760742 -841
0.9848589897155762 -842
0.98858642578125 -843
0.9928772449493408 -843
0.9986178874969482 -843
