0 0 
0.0031397342681884766 0
0.008052587509155273 0
0.011777639389038086 -3
0.016431570053100586 -21
0.02313685417175293 -82
0.02718520164489746 -23
0.030684232711791992 -43
0.0353853702545166 -173
0.04116463661193848 -199
0.04571199417114258 -240
0.04927325248718262 -261
0.05377674102783203 -309
0.05738520622253418 -336
0.06315350532531738 -387
0.06695294380187988 -400
0.07051825523376465 -420
0.0771942138671875 -456
0.08104491233825684 -474
0.08571100234985352 -498
0.09441375732421875 -536
0.09805560111999512 -560
0.10427546501159668 -570
0.10789370536804199 -579
0.1116478443145752 -592
0.11754345893859863 -600
0.12140655517578125 -611
0.12607550621032715 -629
0.1317274570465088 -643
0.13621759414672852 -649
0.1399984359741211 -659
0.1445012092590332 -665
0.14807701110839844 -671
0.15469074249267578 -677
0.15839695930480957 -684
0.16240930557250977 -691
0.16660165786743164 -699
0.17036676406860352 -703
0.17621922492980957 -706
0.17998456954956055 -707
0.1843128204345703 -713
0.19014525413513184 -715
0.19448161125183105 -723
0.19803500175476074 -723
0.20178937911987305 -728
0.20856213569641113 -735
0.21303606033325195 -735
0.21667265892028809 -733
0.22046875953674316 -739
0.22505807876586914 -746
0.23062539100646973 -743
0.23534679412841797 -747
0.23899459838867188 -750
0.24329710006713867 -751
0.2470998764038086 -754
0.25386619567871094 -752
0.25746655464172363 -754
0.2612438201904297 -761
0.2659270763397217 -755
0.2696259021759033 -759
0.27559447288513184 -761
0.27918148040771484 -761
0.28366780281066895 -762
0.28936290740966797 -761
0.2939019203186035 -764
0.2974734306335449 -767
0.3012518882751465 -766
0.30576276779174805 -767
0.31143879890441895 -763
0.31593823432922363 -767
0.3195979595184326 -766
0.32419633865356445 -769
0.3277707099914551 -769
0.33442163467407227 -770
0.33800673484802246 -773
0.3418128490447998 -768
0.3463156223297119 -771
0.35007691383361816 -768
0.3559300899505615 -773
0.35960865020751953 -773
0.36402058601379395 -774
0.36991405487060547 -773
0.3742225170135498 -770
0.3778195381164551 -769
0.38159632682800293 -773
0.38818359375 -774
0.3919484615325928 -777
0.3964507579803467 -778
0.40068626403808594 -776
0.4058704376220703 -772
0.41157078742980957 -773
0.4160900115966797 -774
0.4198291301727295 -777
0.4241814613342285 -778
0.42779994010925293 -777
0.4338247776031494 -776
0.4374427795410156 -773
0.44120216369628906 -775
0.4471151828765869 -774
0.4506556987762451 -777
0.45539283752441406 -779
0.4611337184906006 -778
0.4656081199645996 -774
0.469193696975708 -772
0.47364354133605957 -775
0.4772469997406006 -776
0.4839022159576416 -778
0.48755955696105957 -775
0.4965708255767822 -774
0.5003769397735596 -775
0.5072860717773438 -777
0.5111446380615234 -776
0.5159273147583008 -778
0.5195958614349365 -779
0.5239968299865723 -779
0.5298290252685547 -773
0.5341830253601074 -775
0.5378155708312988 -772
0.5416009426116943 -780
0.546161413192749 -779
0.5518105030059814 -777
0.5563170909881592 -774
0.5600712299346924 -774
0.5645406246185303 -778
0.568143367767334 -776
0.5741698741912842 -780
0.5777544975280762 -781
0.5815873146057129 -779
0.5879878997802734 -779
0.5917708873748779 -779
0.5962889194488525 -778
0.600039005279541 -779
0.6043491363525391 -782
0.6101412773132324 -778
0.6144454479217529 -777
0.6180241107940674 -777
0.6217753887176514 -776
0.6264305114746094 -774
0.6330420970916748 -778
0.6366126537322998 -779
0.640383243560791 -782
0.6451268196105957 -777
0.6486752033233643 -773
0.655573844909668 -776
0.6591393947601318 -776
0.663419246673584 -777
0.667198896408081 -779
0.6706969738006592 -780
0.6765711307525635 -778
0.6804623603820801 -777
0.687312126159668 -773
0.6911177635192871 -776
0.695624828338623 -778
0.6992096900939941 -780
0.7036795616149902 -781
0.7093291282653809 -779
0.7138781547546387 -777
0.7174739837646484 -776
0.7212584018707275 -775
0.7257962226867676 -777
0.7314481735229492 -779
0.7359912395477295 -780
0.7396891117095947 -779
0.744309663772583 -774
0.7478561401367188 -776
0.7539429664611816 -775
0.7575275897979736 -777
0.7613043785095215 -782
0.7677514553070068 -779
0.7716012001037598 -778
0.7762763500213623 -774
0.7800242900848389 -776
0.7843923568725586 -775
0.7890093326568604 -777
0.7934229373931885 -780
0.7972133159637451 -779
0.8010108470916748 -775
0.8056633472442627 -772
0.809258222579956 -776
0.8137693405151367 -775
0.8173902034759521 -777
0.8219387531280518 -780
0.826439619064331 -779
0.8301935195922852 -780
0.8345282077789307 -777
0.838066816329956 -776
0.8418354988098145 -774
0.8463358879089355 -780
0.8500902652740479 -778
0.8552370071411133 -778
0.8590421676635742 -779
0.8633334636688232 -778
0.8673110008239746 -775
0.8718960285186768 -776
0.8763730525970459 -776
0.8801205158233643 -778
0.8844027519226074 -779
0.888005256652832 -778
0.8963003158569336 -777
0.9000720977783203 -774
0.9046125411987305 -773
0.9081673622131348 -777
0.912431001663208 -778
0.9166760444641113 -779
0.9214878082275391 -778
0.9262194633483887 -775
0.9300174713134766 -774
0.9343478679656982 -776
0.9378905296325684 -777
0.9416797161102295 -778
0.9461767673492432 -782
0.9499437808990479 -781
0.954251766204834 -781
0.9578235149383545 -779
0.9615981578826904 -774
0.9660971164703369 -776
0.9706137180328369 -774
0.9753499031066895 -777
0.9790289402008057 -781
0.9833219051361084 -784
0.9873051643371582 -777
0.9910850524902344 -777
0.9955782890319824 -772
0.9992015361785889 -776
