0 0 
0.0023894309997558594 0
0.007539987564086914 0
0.011976957321166992 0
0.015616416931152344 -6
0.020275592803955078 -15
0.02610039710998535 -38
0.03058648109436035 -19
0.03415060043334961 -31
0.037940025329589844 -153
0.04245305061340332 -84
0.04897809028625488 -195
0.05255389213562012 -238
0.05630207061767578 -262
0.06059098243713379 -281
0.06415629386901855 -291
0.07017636299133301 -311
0.0738377571105957 -316
0.07760214805603027 -336
0.08292174339294434 -355
0.08644843101501465 -372
0.09226465225219727 -386
0.09600520133972168 -398
0.10032033920288086 -405
0.10614180564880371 -415
0.11045336723327637 -419
0.11408329010009766 -429
0.11784768104553223 -436
0.12236857414245605 -444
0.12839865684509277 -449
0.1325089931488037 -455
0.13625502586364746 -459
0.14095616340637207 -465
0.14441800117492676 -471
0.15119552612304688 -477
0.1549358367919922 -483
0.15926766395568848 -484
0.16324853897094727 -485
0.16845393180847168 -492
0.1725919246673584 -497
0.1763472557067871 -499
0.18068575859069824 -498
0.18653512001037598 -504
0.19109416007995605 -500
0.19460439682006836 -505
0.19907736778259277 -504
0.20657730102539062 -513
0.2123112678527832 -517
0.21793007850646973 -518
0.2225785255432129 -519
0.22632193565368652 -518
0.23104023933410645 -515
0.23456859588623047 -517
0.241363525390625 -520
0.24503064155578613 -520
0.24932217597961426 -526
0.2531015872955322 -524
0.25663256645202637 -527
0.26268696784973145 -530
0.2665061950683594 -527
0.27311062812805176 -525
0.2766571044921875 -526
0.28135156631469727 -528
0.2850339412689209 -524
0.28931570053100586 -527
0.29534912109375 -533
0.2998781204223633 -533
0.3034672737121582 -531
0.3072397708892822 -536
0.3117523193359375 -535
0.3174118995666504 -531
0.3220996856689453 -532
0.32587528228759766 -530
0.33025550842285156 -530
0.3338296413421631 -530
0.33992552757263184 -536
0.34351229667663574 -535
0.3472623825073242 -534
0.35369372367858887 -535
0.35749244689941406 -534
0.36195993423461914 -533
0.365649938583374 -530
0.37001490592956543 -534
0.37584590911865234 -533
0.38036108016967773 -534
0.38392138481140137 -536
0.3876917362213135 -537
0.39217090606689453 -538
0.39781832695007324 -538
0.4023749828338623 -534
0.4061307907104492 -534
0.41045570373535156 -536
0.414017915725708 -532
0.4209733009338379 -531
0.4244401454925537 -534
0.42844271659851074 -536
0.4325375556945801 -535
0.4363408088684082 -537
0.4423656463623047 -539
0.44613051414489746 -536
0.4504094123840332 -534
0.456256628036499 -532
0.46053433418273926 -532
0.46408891677856445 -532
0.46787428855895996 -535
0.4723470211029053 -536
0.47837305068969727 -539
0.48256564140319824 -540
0.48633909225463867 -538
0.4906485080718994 -537
0.49648571014404297 -536
0.5013389587402344 -532
0.5049989223480225 -533
0.5092921257019043 -532
0.5131072998046875 -533
0.5197546482086182 -533
0.5233688354492188 -540
0.527123212814331 -538
0.5316054821014404 -539
0.5352067947387695 -537
0.5410897731781006 -537
0.5446178913116455 -535
0.5491359233856201 -534
0.5552206039428711 -535
0.5599019527435303 -537
0.5634975433349609 -539
0.5672638416290283 -539
0.5718545913696289 -538
0.577512264251709 -538
0.5819969177246094 -536
0.5857648849487305 -536
0.5901052951812744 -533
0.5936822891235352 -532
0.6002974510192871 -534
0.603844404220581 -536
0.6121187210083008 -538
0.6158857345581055 -541
0.6217670440673828 -539
0.6253776550292969 -535
0.6300191879272461 -534
0.6358959674835205 -536
0.6402361392974854 -536
0.6438107490539551 -536
0.6475841999053955 -535
0.6520750522613525 -539
0.6577281951904297 -540
0.662219762802124 -540
0.665996789932251 -537
0.6703016757965088 -538
0.6739552021026611 -536
0.6810014247894287 -532
0.6845221519470215 -533
0.6884646415710449 -535
0.6925592422485352 -536
0.6963343620300293 -537
0.7022123336791992 -540
0.7060012817382812 -539
0.7103381156921387 -537
0.7161657810211182 -534
0.7205519676208496 -535
0.7241237163543701 -534
0.7278954982757568 -532
0.7323808670043945 -535
0.7384223937988281 -535
0.7426834106445312 -536
0.7464606761932373 -540
0.7510502338409424 -539
0.7545969486236572 -539
0.7613809108734131 -538
0.7650387287139893 -535
0.7693359851837158 -536
0.7731311321258545 -532
0.7766437530517578 -532
0.7825462818145752 -535
0.7864127159118652 -537
0.7936487197875977 -539
0.7974236011505127 -538
0.8020730018615723 -537
0.8058202266693115 -534
0.8103172779083252 -536
0.8161475658416748 -534
0.8205075263977051 -534
0.8240532875061035 -534
0.8278205394744873 -536
0.8322856426239014 -536
0.8379075527191162 -537
0.8424336910247803 -538
0.8461837768554688 -540
0.8505208492279053 -535
0.8540782928466797 -537
0.8610985279083252 -533
0.8646130561828613 -533
0.8691256046295166 -533
0.8726511001586914 -536
0.876431941986084 -537
0.8822836875915527 -537
0.8860409259796143 -537
0.8903384208679199 -534
0.8961560726165771 -534
0.9005069732666016 -534
0.9040725231170654 -534
0.9078304767608643 -537
0.9123847484588623 -536
0.9184341430664062 -532
0.9229781627655029 -538
0.9265172481536865 -538
0.9311420917510986 -536
0.934668779373169 -538
0.941633939743042 -538
0.9451901912689209 -534
0.9496588706970215 -532
0.9532637596130371 -534
0.9591109752655029 -535
0.9626739025115967 -535
0.9664504528045654 -537
0.9730212688446045 -539
0.9766182899475098 -535
0.9815170764923096 -537
0.9851493835449219 -536
0.9896352291107178 -534
0.9952163696289062 -533
0.9990391731262207 -536
