0 0 
0.002581357955932617 0
0.008255958557128906 0
0.01176142692565918 -2
0.016299962997436523 -2
0.019924640655517578 -7
0.02599477767944336 -16
0.029604434967041016 -42
0.033335208892822266 -19
0.03933286666870117 -68
0.04286313056945801 -179
0.05010223388671875 -190
0.05385637283325195 -195
0.05846595764160156 -213
0.062189340591430664 -236
0.06665945053100586 -263
0.07243943214416504 -278
0.07686328887939453 -289
0.0804133415222168 -297
0.08417677879333496 -299
0.0886545181274414 -315
0.09428191184997559 -325
0.0989689826965332 -332
0.1027524471282959 -341
0.1073460578918457 -350
0.11079049110412598 -361
0.11679196357727051 -369
0.12036252021789551 -376
0.12410902976989746 -386
0.13045907020568848 -389
0.13425421714782715 -393
0.1387624740600586 -397
0.14250779151916504 -398
0.14680075645446777 -405
0.15261483192443848 -405
0.15737032890319824 -408
0.16093754768371582 -411
0.16544461250305176 -410
0.16941237449645996 -416
0.1759955883026123 -414
0.17959928512573242 -420
0.1833195686340332 -422
0.1877455711364746 -425
0.19142436981201172 -431
0.19729161262512207 -433
0.2007460594177246 -432
0.2047405242919922 -434
0.2110302448272705 -436
0.2155439853668213 -434
0.21948504447937012 -435
0.22302722930908203 -439
0.23346567153930664 -441
0.23818540573120117 -441
0.24190306663513184 -442
0.24646615982055664 -441
0.25003576278686523 -443
0.25620031356811523 -445
0.2598137855529785 -444
0.2635688781738281 -445
0.2700309753417969 -447
0.2738056182861328 -445
0.2784576416015625 -443
0.28220677375793457 -446
0.28651881217956543 -446
0.29233837127685547 -449
0.29687929153442383 -448
0.3004310131072998 -449
0.30419445037841797 -450
0.30869269371032715 -451
0.3143196105957031 -449
0.3188014030456543 -448
0.3225395679473877 -449
0.32688307762145996 -448
0.33051371574401855 -447
0.33669567108154297 -450
0.34025049209594727 -448
0.34398317337036133 -447
0.35036158561706543 -451
0.3541243076324463 -454
0.3586080074310303 -451
0.3623921871185303 -454
0.3666999340057373 -453
0.3725123405456543 -453
0.3768770694732666 -448
0.38044071197509766 -449
0.3841838836669922 -447
0.3886377811431885 -449
0.39429736137390137 -449
0.3989698886871338 -451
0.4028482437133789 -450
0.4074411392211914 -452
0.4109663963317871 -453
0.4177219867706299 -452
0.42142152786254883 -454
0.42570924758911133 -454
0.42968273162841797 -450
0.43550562858581543 -449
0.43929362297058105 -447
0.44283032417297363 -447
0.44943976402282715 -451
0.45300769805908203 -449
0.4579145908355713 -450
0.46149563789367676 -454
0.4659707546234131 -453
0.47158074378967285 -453
0.47613024711608887 -454
0.479778528213501 -452
0.4835941791534424 -452
0.4881148338317871 -451
0.49373698234558105 -448
0.49825549125671387 -450
0.5019075870513916 -452
0.5109424591064453 -453
0.5154142379760742 -453
0.5215775966644287 -455
0.5261969566345215 -454
0.5298020839691162 -453
0.5335748195648193 -451
0.5382771492004395 -450
0.5439379215240479 -450
0.5484366416931152 -450
0.5521745681762695 -447
0.5566680431365967 -451
0.5602200031280518 -450
0.5668315887451172 -452
0.5703845024108887 -452
0.5741336345672607 -457
0.5788252353668213 -451
0.582604169845581 -453
0.5884826183319092 -451
0.5922393798828125 -452
0.5965561866760254 -450
0.6023693084716797 -446
0.606703519821167 -448
0.6102378368377686 -452
0.6140010356903076 -450
0.6184611320495605 -451
0.6240999698638916 -455
0.632185697555542 -452
0.6367416381835938 -451
0.6403264999389648 -451
0.6465444564819336 -447
0.6501364707946777 -451
0.6539490222930908 -449
0.660463809967041 -450
0.6642436981201172 -450
0.6687254905700684 -451
0.6724905967712402 -454
0.6767778396606445 -454
0.6827003955841064 -454
0.6874573230743408 -454
0.6909716129302979 -454
0.6954429149627686 -451
0.6994006633758545 -450
0.7060167789459229 -447
0.709669828414917 -448
0.713433027267456 -447
0.7179090976715088 -449
0.7214984893798828 -454
0.7273671627044678 -454
0.730818510055542 -453
0.7347960472106934 -452
0.7408962249755859 -451
0.7453551292419434 -451
0.7489285469055176 -450
0.7526874542236328 -447
0.7594807147979736 -448
0.7630312442779541 -449
0.767758846282959 -447
0.7714035511016846 -450
0.7757039070129395 -454
0.781524658203125 -454
0.7860550880432129 -455
0.7896676063537598 -455
0.7935440540313721 -454
0.7981126308441162 -451
0.8037855625152588 -451
0.8082950115203857 -450
0.8119907379150391 -450
0.816572904586792 -450
0.820145845413208 -449
0.8262135982513428 -451
0.8297879695892334 -452
0.8335633277893066 -451
0.8399677276611328 -453
0.8437800407409668 -454
0.8482685089111328 -451
0.8519299030303955 -452
0.8563487529754639 -453
0.8621885776519775 -449
0.8665657043457031 -448
0.8701691627502441 -449
0.8739442825317383 -451
0.8786392211914062 -449
0.8843135833740234 -454
0.8888106346130371 -455
0.8925893306732178 -454
0.89689040184021 -453
0.9004116058349609 -455
0.9070181846618652 -452
0.9107294082641602 -449
0.9147841930389404 -449
0.9190022945404053 -448
0.9227654933929443 -450
0.9286229610443115 -451
0.9323878288269043 -450
0.9368581771850586 -453
0.9426980018615723 -454
0.9482035636901855 -454
0.9519109725952148 -457
0.956348180770874 -456
0.9621319770812988 -451
0.9664790630340576 -451
0.9700305461883545 -447
0.9738154411315918 -447
0.9783077239990234 -447
0.9839866161346436 -453
0.9885272979736328 -450
0.9923155307769775 -456
0.9968254566192627 -455
