0 0 
0.006696939468383789 0
0.01119375228881836 0
0.01473236083984375 0
0.018419981002807617 7
0.023343801498413086 64
0.03000640869140625 13
0.03427934646606445 98
0.03854227066040039 57
0.04311966896057129 271
0.04871058464050293 276
0.053400516510009766 319
0.057187795639038086 373
0.06153535842895508 388
0.06506824493408203 440
0.07163429260253906 479
0.07520389556884766 490
0.07940840721130371 515
0.08350992202758789 547
0.08729839324951172 581
0.09317636489868164 597
0.09692215919494629 631
0.1031498908996582 650
0.10690736770629883 665
0.11134099960327148 678
0.11494922637939453 686
0.11881256103515625 710
0.12517714500427246 722
0.12894320487976074 733
0.1336209774017334 748
0.13737177848815918 758
0.14170241355895996 771
0.14752793312072754 777
0.15212225914001465 786
0.15566086769104004 795
0.16017794609069824 804
0.16609477996826172 811
0.17082858085632324 819
0.17446565628051758 821
0.17824387550354004 828
0.1827707290649414 831
0.1884174346923828 848
0.1929490566253662 850
0.19659662246704102 860
0.20103073120117188 861
0.2046346664428711 863
0.21068882942199707 868
0.2143571376800537 875
0.21810364723205566 876
0.22448968887329102 880
0.22831201553344727 882
0.23303556442260742 883
0.2368159294128418 888
0.24115443229675293 897
0.2469956874847412 898
0.2513713836669922 897
0.25493383407592773 897
0.2587008476257324 899
0.2634000778198242 902
0.2700049877166748 904
0.27356839179992676 906
0.2773144245147705 909
0.2816169261932373 910
0.28514647483825684 910
0.29134297370910645 914
0.29489898681640625 914
0.29866576194763184 916
0.30504751205444336 917
0.30883288383483887 916
0.31331920623779297 918
0.31708574295043945 922
0.3213973045349121 926
0.32717251777648926 927
0.33157992362976074 925
0.33514904975891113 924
0.3388993740081787 923
0.3433866500854492 928
0.35280370712280273 930
0.3576314449310303 928
0.3625187873840332 928
0.3661038875579834 928
0.3709380626678467 929
0.3766942024230957 933
0.38124775886535645 932
0.38483762741088867 931
0.38862037658691406 928
0.39326000213623047 933
0.3989377021789551 935
0.40343737602233887 938
0.4072737693786621 937
0.4119701385498047 935
0.41541218757629395 934
0.4213385581970215 931
0.42487287521362305 932
0.428652286529541 935
0.43501734733581543 935
0.4387505054473877 934
0.4431929588317871 937
0.4469635486602783 934
0.451279878616333 937
0.4571042060852051 938
0.46141815185546875 941
0.46500301361083984 937
0.46875524520874023 936
0.4734041690826416 937
0.47946953773498535 938
0.48355841636657715 936
0.48737525939941406 939
0.4919428825378418 940
0.49538421630859375 938
0.5013031959533691 939
0.5048620700836182 940
0.5086045265197754 941
0.5148708820343018 941
0.5186395645141602 937
0.5232822895050049 939
0.5270028114318848 939
0.5314874649047852 941
0.5372927188873291 938
0.5415914058685303 941
0.5451362133026123 939
0.5488884449005127 939
0.5533556938171387 942
0.558976411819458 938
0.5634229183197021 942
0.5671768188476562 938
0.5714972019195557 940
0.5751020908355713 942
0.5816996097564697 942
0.5852301120758057 942
0.589348316192627 939
0.5936291217803955 942
0.5973882675170898 941
0.6032164096832275 942
0.6070020198822021 944
0.6132528781890869 941
0.6170036792755127 944
0.6213226318359375 939
0.6248807907104492 941
0.628629207611084 941
0.6349749565124512 945
0.6387379169464111 942
0.6431946754455566 940
0.6469709873199463 940
0.6514623165130615 942
0.6572484970092773 941
0.6615581512451172 942
0.665130615234375 941
0.6688787937164307 941
0.6734523773193359 942
0.6799912452697754 942
0.6835556030273438 943
0.6873147487640381 944
0.6916389465332031 940
0.6952269077301025 943
0.7020308971405029 940
0.7054722309112549 941
0.7094669342041016 943
0.7137072086334229 942
0.7174777984619141 940
0.7233352661132812 940
0.7270708084106445 942
0.7313635349273682 943
0.7371611595153809 945
0.7414329051971436 940
0.7450206279754639 941
0.7487516403198242 940
0.7588827610015869 944
0.763606071472168 944
0.7673418521881104 942
0.7721843719482422 943
0.7756872177124023 945
0.7820427417755127 941
0.7855658531188965 943
0.7901358604431152 945
0.796011209487915 937
0.8002829551696777 938
0.8040666580200195 939
0.8076000213623047 944
0.8121891021728516 940
0.8179473876953125 944
0.8225126266479492 942
0.8261017799377441 941
0.830371618270874 939
0.8343150615692139 946
0.8409237861633301 942
0.8444714546203613 943
0.8482272624969482 944
0.8527357578277588 942
0.856297492980957 945
0.8621814250946045 943
0.8659369945526123 944
0.8701939582824707 940
0.8760392665863037 944
0.880333662033081 939
0.8841354846954346 942
0.8876407146453857 943
0.8944025039672852 943
0.898190975189209 942
0.9027013778686523 943
0.9062492847442627 940
0.9109067916870117 941
0.9168403148651123 942
0.9211831092834473 943
0.9247949123382568 939
0.9285337924957275 941
0.933011531829834 943
0.9386317729949951 945
0.9431228637695312 942
0.9468591213226318 943
0.9513494968414307 941
0.9549033641815186 942
0.9609696865081787 943
0.9645311832427979 944
0.9682910442352295 943
0.9746966361999512 944
0.978489875793457 939
0.9829943180084229 942
0.9866793155670166 945
0.9910557270050049 942
0.9968595504760742 940
