0 0 
0.0024678707122802734 0
0.008289575576782227 0
0.011996984481811523 -2
0.018399953842163086 -7
0.02222275733947754 -41
0.026735305786132812 -41
0.03038191795349121 -33
0.0350184440612793 -197
0.0409090518951416 -91
0.04535484313964844 -233
0.04888153076171875 -279
0.05260634422302246 -296
0.057071685791015625 -326
0.06394028663635254 -346
0.06747627258300781 -372
0.07123088836669922 -395
0.07615303993225098 -412
0.08187007904052734 -431
0.08635759353637695 -451
0.08998656272888184 -466
0.09460234642028809 -480
0.09823060035705566 -495
0.10485720634460449 -507
0.10845780372619629 -515
0.11220145225524902 -530
0.11679744720458984 -535
0.12047791481018066 -548
0.12643051147460938 -557
0.13001656532287598 -563
0.13446760177612305 -577
0.1401517391204834 -585
0.14465045928955078 -590
0.14825916290283203 -597
0.15199875831604004 -601
0.15667438507080078 -608
0.16243672370910645 -610
0.16692256927490234 -616
0.17064118385314941 -622
0.17513704299926758 -632
0.18093132972717285 -631
0.18523073196411133 -634
0.1888139247894287 -636
0.1925492286682129 -639
0.197037935256958 -639
0.20271062850952148 -641
0.20723724365234375 -648
0.21105718612670898 -653
0.21550989151000977 -653
0.21905255317687988 -655
0.22513437271118164 -655
0.22869324684143066 -654
0.2324514389038086 -658
0.23881173133850098 -657
0.2425689697265625 -664
0.24703168869018555 -669
0.25078630447387695 -669
0.25511670112609863 -671
0.2609233856201172 -668
0.2653062343597412 -665
0.26886796951293945 -668
0.2726302146911621 -672
0.2772812843322754 -673
0.28383374214172363 -678
0.28739142417907715 -676
0.29114770889282227 -676
0.2954750061035156 -677
0.2990381717681885 -675
0.30530524253845215 -671
0.3088490962982178 -673
0.31257033348083496 -678
0.31896495819091797 -678
0.32274889945983887 -678
0.3272998332977295 -681
0.33602285385131836 -676
0.34179067611694336 -676
0.3471543788909912 -678
0.350935697555542 -678
0.355419397354126 -684
0.3589742183685303 -683
0.3626985549926758 -680
0.36738014221191406 -680
0.3739337921142578 -678
0.3775186538696289 -678
0.38129091262817383 -682
0.3858792781829834 -684
0.3914022445678711 -687
0.3963499069213867 -688
0.3999483585357666 -686
0.40454769134521484 -685
0.40813660621643066 -680
0.4147458076477051 -678
0.41832613945007324 -680
0.4226367473602295 -683
0.4271211624145508 -684
0.4308621883392334 -687
0.43689990043640137 -686
0.44065046310424805 -682
0.44498229026794434 -682
0.45082902908325195 -684
0.45531249046325684 -681
0.4588592052459717 -685
0.46260952949523926 -687
0.46711015701293945 -687
0.47208333015441895 -684
0.476733922958374 -684
0.4823455810546875 -682
0.48708176612854004 -681
0.490825891494751 -686
0.4953038692474365 -688
0.5011560916900635 -685
0.5054926872253418 -684
0.5090444087982178 -682
0.5131676197052002 -682
0.5174558162689209 -683
0.5240974426269531 -681
0.5279040336608887 -684
0.5314450263977051 -685
0.5360183715820312 -689
0.5395309925079346 -685
0.5463385581970215 -684
0.549945592880249 -682
0.5542323589324951 -679
0.5580368041992188 -684
0.5632104873657227 -686
0.5677993297576904 -683
0.5713281631469727 -685
0.5773043632507324 -688
0.5811178684234619 -683
0.5854194164276123 -682
0.591235876083374 -678
0.595773458480835 -684
0.599212646484375 -684
0.603193998336792 -685
0.6072747707366943 -688
0.6138596534729004 -685
0.617422342300415 -684
0.6211493015289307 -686
0.6254532337188721 -686
0.6289987564086914 -683
0.6351816654205322 -684
0.6387629508972168 -688
0.6424975395202637 -685
0.6487424373626709 -684
0.6524772644042969 -685
0.6569521427154541 -682
0.6607060432434082 -682
0.6650197505950928 -684
0.6708507537841797 -687
0.6752657890319824 -689
0.6788332462310791 -687
0.6825692653656006 -686
0.6870331764221191 -683
0.6926782131195068 -684
0.6973690986633301 -680
0.7011232376098633 -685
0.7054333686828613 -691
0.7112441062927246 -685
0.715811014175415 -683
0.7192409038543701 -685
0.7232589721679688 -687
0.7273843288421631 -681
0.7368686199188232 -684
0.7408616542816162 -685
0.7453446388244629 -686
0.7512078285217285 -686
0.7560534477233887 -683
0.7597799301147461 -682
0.7640423774719238 -682
0.7698302268981934 -684
0.7742087841033936 -687
0.7780015468597412 -686
0.7815110683441162 -686
0.7861933708190918 -690
0.7920258045196533 -682
0.796602725982666 -680
0.8001699447631836 -679
0.8046586513519287 -682
0.8082432746887207 -686
0.8140981197357178 -687
0.8180861473083496 -688
0.8218255043029785 -686
0.8283531665802002 -684
0.832127571105957 -681
0.8366491794586182 -682
0.8403503894805908 -685
0.8447544574737549 -683
0.8504416942596436 -688
0.8548781871795654 -688
0.8584563732147217 -686
0.8622264862060547 -681
0.8667283058166504 -684
0.8723418712615967 -683
0.8769783973693848 -684
0.8807237148284912 -686
0.8850071430206299 -689
0.8885698318481445 -689
0.8945891857147217 -685
0.8982129096984863 -680
0.9019825458526611 -683
0.9064736366271973 -680
0.9100546836853027 -682
0.9146652221679688 -687
0.9182593822479248 -689
0.9220221042633057 -685
0.9265336990356445 -686
0.9301087856292725 -686
0.9347658157348633 -684
0.938338041305542 -680
0.942084550857544 -683
0.9472424983978271 -686
0.951005220413208 -687
0.955491304397583 -687
0.9590432643890381 -689
0.9631824493408203 -683
0.967268705368042 -684
0.9710040092468262 -684
0.9753284454345703 -682
0.9788646697998047 -684
0.9826264381408691 -685
0.9871368408203125 -687
0.9909136295318604 -689
0.9964766502380371 -687
