0 0 
0.002790212631225586 0
0.006494283676147461 0
0.011039495468139648 0
0.014610767364501953 0
0.01889514923095703 0
0.022610187530517578 0
0.02607131004333496 0
0.031951904296875 0
0.03619027137756348 0
0.04273390769958496 0
0.04620504379272461 0
0.05071115493774414 0
0.05416750907897949 0
0.06262922286987305 0
0.06933093070983887 0
0.07287931442260742 0
0.07663083076477051 0
0.08117341995239258 0
0.08468961715698242 0
0.08930301666259766 0
0.0948648452758789 0
0.09930205345153809 0
0.1028451919555664 0
0.10651659965515137 0
0.11088037490844727 2
0.11663031578063965 2
0.12125658988952637 2
0.1247868537902832 2
0.1292285919189453 2
0.13274645805358887 2
0.1392674446105957 5
0.14280962944030762 5
0.14653825759887695 5
0.150895357131958 5
0.15445375442504883 10
0.16054511070251465 10
0.1639862060546875 10
0.16794657707214355 10
0.1740894317626953 18
0.17849397659301758 18
0.18219351768493652 18
0.1859729290008545 18
0.19046258926391602 18
0.196000337600708 18
0.20052671432495117 18
0.2039639949798584 18
0.20852279663085938 20
0.2120504379272461 20
0.21865606307983398 20
0.22217702865600586 24
0.22591137886047363 24
0.2359933853149414 24
0.24687790870666504 26
0.25136685371398926 26
0.25491857528686523 26
0.2593727111816406 26
0.262998104095459 26
0.2667224407196045 26
0.2714560031890869 26
0.2770838737487793 28
0.2815377712249756 28
0.2851674556732178 28
0.28966331481933594 28
0.2954719066619873 28
0.2999701499938965 29
0.30347323417663574 29
0.30721569061279297 29
0.3116602897644043 29
0.31726598739624023 28
0.32171082496643066 28
0.3254272937774658 28
0.3296804428100586 28
0.3332831859588623 28
0.33928656578063965 28
0.34286952018737793 30
0.34659504890441895 30
0.3529648780822754 30
0.35674142837524414 30
0.3613624572753906 29
0.36492156982421875 29
0.36938953399658203 29
0.37509655952453613 28
0.379500150680542 28
0.38301658630371094 30
0.3867669105529785 30
0.3912181854248047 30
0.3968193531036377 30
0.40131711959838867 30
0.40507078170776367 30
0.40946269035339355 30
0.41300392150878906 30
0.4188206195831299 30
0.4227597713470459 32
0.42619919776916504 32
0.43279337882995605 32
0.4365806579589844 32
0.4410359859466553 32
0.44461655616760254 32
0.4488942623138428 30
0.4547460079193115 30
0.46282196044921875 30
0.466583251953125 30
0.47127389907836914 30
0.4748563766479492 30
0.4811530113220215 30
0.484713077545166 30
0.4893784523010254 29
0.49509143829345703 29
0.4995095729827881 30
0.5030331611633301 30
0.5067563056945801 30
0.5112221240997314 31
0.5168266296386719 31
0.5213146209716797 31
0.5248837471008301 31
0.5293591022491455 31
0.5329303741455078 31
0.5396490097045898 30
0.5431816577911377 30
0.5469017028808594 30
0.5515239238739014 30
0.5551681518554688 31
0.5611772537231445 31
0.564720630645752 30
0.5710978507995605 30
0.5747077465057373 30
0.5792250633239746 30
0.5827913284301758 30
0.5865375995635986 30
0.5928933620452881 30
0.5966496467590332 30
0.6013147830963135 30
0.6048500537872314 30
0.6093058586120605 30
0.6148993968963623 30
0.6194064617156982 30
0.6229496002197266 29
0.6266965866088867 29
0.631178617477417 30
0.6367747783660889 30
0.6412456035614014 30
0.6447844505310059 31
0.649242639541626 31
0.652799129486084 31
0.659470796585083 31
0.6630191802978516 31
0.6667492389678955 31
0.671252965927124 32
0.6750144958496094 32
0.6811728477478027 32
0.684725284576416 31
0.6891655921936035 31
0.6947827339172363 31
0.6992702484130859 29
0.7028687000274658 29
0.7066025733947754 29
0.7110567092895508 29
0.7166752815246582 29
0.7213325500488281 29
0.7248947620391846 29
0.7293300628662109 29
0.7329201698303223 29
0.7394700050354004 28
0.7429959774017334 28
0.7467174530029297 28
0.7511749267578125 29
0.7547297477722168 29
0.760622501373291 29
0.7641229629516602 31
0.7687773704528809 31
0.7745764255523682 31
0.7788956165313721 30
0.7828645706176758 30
0.7867286205291748 30
0.7912571430206299 30
0.7968959808349609 30
0.8013722896575928 30
0.8049209117889404 31
0.8095674514770508 31
0.8131225109100342 31
0.8191475868225098 29
0.8227202892303467 29
0.8261942863464355 29
0.8328254222869873 30
0.8365869522094727 30
0.8412666320800781 30
0.8448276519775391 30
0.8493108749389648 30
0.8548991680145264 30
0.8626799583435059 30
0.8661658763885498 30
0.8710253238677979 29
0.8746051788330078 29
0.8806076049804688 29
0.8841185569763184 31
0.888561487197876 31
0.893498420715332 30
0.8972315788269043 30
0.9018323421478271 30
0.9074475765228271 30
0.9119231700897217 30
0.9157803058624268 30
0.9201397895812988 30
0.9236876964569092 30
0.9305202960968018 30
0.9339463710784912 30
0.9379043579101562 30
0.9421625137329102 30
0.9458918571472168 30
0.9517345428466797 29
0.9554715156555176 29
0.9613144397735596 30
0.9648845195770264 30
0.9693400859832764 30
0.9750537872314453 29
0.979478120803833 29
0.9830203056335449 29
0.9873311519622803 29
0.9918339252471924 29
0.9974455833435059 29
