0 0 
0.003293752670288086 0
0.008478164672851562 2
0.012841224670410156 2
0.016380786895751953 7
0.02018141746520996 17
0.026570796966552734 13
0.030341625213623047 84
0.03478693962097168 197
0.03846335411071777 190
0.04305696487426758 248
0.04883861541748047 310
0.05334138870239258 357
0.05692124366760254 375
0.06068539619445801 405
0.06517148017883301 459
0.0707864761352539 485
0.07535362243652344 494
0.07910013198852539 526
0.08340597152709961 554
0.08699202537536621 587
0.09305930137634277 600
0.09664559364318848 608
0.10042691230773926 634
0.10553264617919922 649
0.10929107666015625 667
0.11526012420654297 681
0.11902213096618652 697
0.12337541580200195 711
0.1291942596435547 724
0.133500337600708 732
0.1370530128479004 743
0.14118695259094238 751
0.14533138275146484 760
0.1518847942352295 771
0.15544557571411133 779
0.15929794311523438 784
0.1641697883605957 795
0.16984081268310547 798
0.17444252967834473 805
0.17801833152770996 808
0.18264198303222656 816
0.1862640380859375 820
0.19208407402038574 827
0.19592595100402832 829
0.19946575164794922 836
0.20605111122131348 838
0.2098400592803955 844
0.21427369117736816 843
0.2179272174835205 854
0.22223424911499023 853
0.22838878631591797 855
0.23284506797790527 857
0.23643159866333008 862
0.240217924118042 863
0.2446916103363037 869
0.2503540515899658 872
0.2548072338104248 870
0.25846099853515625 874
0.26290297508239746 873
0.2664830684661865 877
0.2731051445007324 880
0.2766721248626709 881
0.28046751022338867 884
0.2851226329803467 879
0.2888631820678711 883
0.2947275638580322 888
0.29839348793029785 888
0.30280542373657227 890
0.30867862701416016 887
0.31319141387939453 889
0.3167383670806885 887
0.32048892974853516 890
0.3269538879394531 892
0.3307301998138428 895
0.3352091312408447 896
0.3389608860015869 896
0.34644055366516113 897
0.35338854789733887 899
0.35695958137512207 899
0.3607022762298584 897
0.36743879318237305 898
0.3719635009765625 898
0.37592387199401855 898
0.3794567584991455 902
0.38416433334350586 900
0.3898947238922119 902
0.39438486099243164 898
0.39797139167785645 901
0.4027090072631836 902
0.40630674362182617 906
0.4129326343536377 905
0.41649794578552246 905
0.42026495933532715 903
0.4247560501098633 901
0.42839765548706055 907
0.43436503410339355 903
0.4379458427429199 908
0.44222331047058105 903
0.4473757743835449 903
0.45127201080322266 904
0.4553682804107666 906
0.46199965476989746 907
0.4659714698791504 911
0.4694809913635254 906
0.4741671085357666 905
0.47986626625061035 903
0.4845280647277832 904
0.48813748359680176 907
0.492647647857666 907
0.49624037742614746 908
0.5020725727081299 907
0.505882740020752 908
0.5093753337860107 908
0.5159146785736084 909
0.5194900035858154 909
0.5244035720825195 909
0.5279736518859863 910
0.532245397567749 909
0.5381026268005371 908
0.5426135063171387 908
0.5462291240692139 909
0.5500011444091797 904
0.554481029510498 906
0.5600991249084473 907
0.5646100044250488 908
0.5681660175323486 912
0.5728850364685059 912
0.576493501663208 908
0.5832767486572266 909
0.58685302734375 909
0.5905790328979492 906
0.5950241088867188 910
0.5987658500671387 909
0.6047070026397705 907
0.6083765029907227 906
0.6129946708679199 906
0.6188123226165771 910
0.6231522560119629 909
0.6267087459564209 913
0.6304531097412109 907
0.6349778175354004 910
0.6406104564666748 910
0.6452469825744629 913
0.6490066051483154 907
0.6542556285858154 912
0.6578958034515381 907
0.6635172367095947 906
0.6670675277709961 906
0.6713070869445801 912
0.6774754524230957 910
0.6819989681243896 909
0.6855442523956299 911
0.6893103122711182 909
0.6938936710357666 908
0.6994626522064209 912
0.704420804977417 910
0.708003044128418 909
0.712479829788208 909
0.7181096076965332 911
0.7226648330688477 908
0.7262454032897949 910
0.7300140857696533 910
0.7345190048217773 912
0.7401514053344727 910
0.7483992576599121 911
0.752938985824585 911
0.7565021514892578 907
0.7602577209472656 908
0.7668666839599609 906
0.7706465721130371 910
0.7752904891967773 911
0.779052734375 912
0.7833573818206787 910
0.7892234325408936 908
0.7937884330749512 908
0.7972373962402344 911
0.8012440204620361 912
0.805368185043335 913
0.8118996620178223 911
0.8154540061950684 907
0.8192102909088135 909
0.8239424228668213 906
0.8274288177490234 911
0.8334343433380127 912
0.8370034694671631 913
0.8407468795776367 912
0.8469893932342529 908
0.8507275581359863 909
0.8552334308624268 911
0.8589730262756348 912
0.8632903099060059 910
0.8690924644470215 909
0.8733835220336914 909
0.8769204616546631 909
0.8806681632995605 910
0.8852899074554443 909
0.8912782669067383 910
0.8953769207000732 910
0.8991267681121826 912
0.9034132957458496 909
0.9091758728027344 912
0.9138443470001221 912
0.9172914028167725 912
0.9213216304779053 909
0.9254086017608643 908
0.9319820404052734 911
0.9357867240905762 912
0.939312219619751 910
0.9440360069274902 911
0.9475460052490234 911
0.9533579349517822 910
0.956895112991333 912
0.9606466293334961 914
0.9665536880493164 911
0.9703223705291748 910
0.9747850894927979 911
0.9804627895355225 911
0.9849281311035156 912
0.9886770248413086 911
0.9930059909820557 911
0.996575117111206 911
