0 0 
0.002610921859741211 0
0.006242513656616211 0
0.010564804077148438 0
0.015567779541015625 0
0.019861221313476562 0
0.02358698844909668 -2
0.027109384536743164 -2
0.03293919563293457 -6
0.03670907020568848 -13
0.04128527641296387 -30
0.0471034049987793 -30
0.05181598663330078 -30
0.055564165115356445 -64
0.05984187126159668 -85
0.06453347206115723 -90
0.0705723762512207 -90
0.07418107986450195 -78
0.07795906066894531 -94
0.08432531356811523 -99
0.08810853958129883 -99
0.09255480766296387 -107
0.09617042541503906 -110
0.10070943832397461 -115
0.10649871826171875 -119
0.11168503761291504 -121
0.11526870727539062 -124
0.11977386474609375 -124
0.12330412864685059 -130
0.12992501258850098 -130
0.13374066352844238 -132
0.1372513771057129 -134
0.14193344116210938 -136
0.14763927459716797 -137
0.15218687057495117 -137
0.15575408935546875 -139
0.16045737266540527 -139
0.16403961181640625 -139
0.16985535621643066 -142
0.1736466884613037 -143
0.1771712303161621 -143
0.1839618682861328 -145
0.18773961067199707 -145
0.19220542907714844 -147
0.19577240943908691 -147
0.2002696990966797 -147
0.20588898658752441 -147
0.2104804515838623 -150
0.2178797721862793 -149
0.22264862060546875 -149
0.2264261245727539 -150
0.23246479034423828 -152
0.2361609935760498 -151
0.2406909465789795 -150
0.24681997299194336 -153
0.2511568069458008 -152
0.2547285556793213 -151
0.25845932960510254 -150
0.2631494998931885 -149
0.26980042457580566 -149
0.2735762596130371 -148
0.2770967483520508 -149
0.2819368839263916 -149
0.28762197494506836 -150
0.29217028617858887 -150
0.2957460880279541 -150
0.3000175952911377 -149
0.3038325309753418 -149
0.30902671813964844 -150
0.3136105537414551 -150
0.3171260356903076 -150
0.3237440586090088 -149
0.32727479934692383 -150
0.3320457935333252 -150
0.3356895446777344 -150
0.3400077819824219 -152
0.3461570739746094 -153
0.3506355285644531 -153
0.35425758361816406 -152
0.35801124572753906 -154
0.3624746799468994 -152
0.36814451217651367 -151
0.37259507179260254 -152
0.3762800693511963 -152
0.38064122200012207 -153
0.38424015045166016 -152
0.39081811904907227 -152
0.3944094181060791 -153
0.3981912136077881 -151
0.4029359817504883 -155
0.4066951274871826 -151
0.41252923011779785 -153
0.41619396209716797 -152
0.42059898376464844 -151
0.426469087600708 -152
0.430802583694458 -149
0.4343912601470947 -151
0.4381296634674072 -149
0.44274425506591797 -150
0.44837236404418945 -149
0.45282673835754395 -150
0.4566216468811035 -149
0.46110105514526367 -151
0.46463632583618164 -151
0.47120237350463867 -152
0.47475409507751465 -153
0.47847867012023926 -152
0.48305463790893555 -153
0.48682165145874023 -151
0.49266719818115234 -151
0.49642276763916016 -152
0.5026988983154297 -151
0.5064363479614258 -151
0.51076340675354 -151
0.5143325328826904 -151
0.5180680751800537 -152
0.5246038436889648 -151
0.5283534526824951 -152
0.5328035354614258 -152
0.5365560054779053 -155
0.5408291816711426 -156
0.5466876029968262 -153
0.5509955883026123 -155
0.5545165538787842 -153
0.5582544803619385 -153
0.5627179145812988 -151
0.5683526992797852 -150
0.5730721950531006 -152
0.576807975769043 -151
0.5812795162200928 -150
0.5848343372344971 -151
0.5908901691436768 -152
0.594444751739502 -151
0.5981953144073486 -150
0.6045739650726318 -149
0.6083476543426514 -149
0.6128087043762207 -149
0.6211726665496826 -150
0.6247220039367676 -149
0.6316928863525391 -150
0.6351783275604248 -150
0.639089822769165 -150
0.6436753273010254 -149
0.647212028503418 -151
0.6530663967132568 -150
0.6568424701690674 -150
0.6611499786376953 -153
0.6669669151306152 -151
0.6712760925292969 -153
0.6750531196594238 -153
0.6790659427642822 -155
0.6831459999084473 -156
0.6896805763244629 -154
0.6932227611541748 -156
0.6969802379608154 -155
0.7017233371734619 -153
0.7052390575408936 -153
0.717703104019165 -153
0.7221894264221191 -152
0.7306311130523682 -152
0.7341997623443604 -152
0.7402935028076172 -151
0.7439935207366943 -151
0.7477407455444336 -151
0.7540009021759033 -149
0.7577362060546875 -149
0.7624306678771973 -150
0.7660162448883057 -148
0.7705297470092773 -149
0.7762649059295654 -150
0.780651330947876 -151
0.7842237949371338 -151
0.7879865169525146 -150
0.7924773693084717 -150
0.798213005065918 -150
0.8027374744415283 -150
0.8065040111541748 -150
0.8107881546020508 -151
0.8143446445465088 -151
0.8210964202880859 -152
0.8246493339538574 -152
0.8283960819244385 -153
0.8330671787261963 -152
0.8367979526519775 -154
0.8426768779754639 -153
0.8464319705963135 -152
0.8526899814605713 -151
0.8564474582672119 -150
0.8607990741729736 -151
0.8643786907196045 -151
0.8681104183197021 -150
0.8745038509368896 -150
0.8782885074615479 -151
0.8829395771026611 -152
0.8867170810699463 -152
0.8910140991210938 -150
0.8948483467102051 -151
0.899000883102417 -152
0.9030826091766357 -149
0.9068443775177002 -149
0.9111437797546387 -150
0.9146742820739746 -150
0.9185659885406494 -150
0.9230518341064453 -149
0.9277255535125732 -149
0.9322130680084229 -152
0.9358031749725342 -153
0.9404201507568359 -152
0.9440364837646484 -152
0.9478359222412109 -152
0.9523367881774902 -153
0.9559199810028076 -153
0.9605658054351807 -152
0.9641497135162354 -152
0.9679045677185059 -151
0.9724252223968506 -154
0.9770572185516357 -152
0.9816524982452393 -152
0.9851737022399902 -153
0.9896035194396973 -152
0.9931716918945312 -152
0.9969155788421631 -152
