0 0 
0.00228118896484375 0
0.008298158645629883 0
0.011853933334350586 -3
0.01561880111694336 -3
0.0201718807220459 -3
0.025797128677368164 -3
0.030348777770996094 -8
0.03392481803894043 -8
0.0384519100189209 -19
0.042031288146972656 -61
0.04781913757324219 -59
0.05185103416442871 -92
0.0556027889251709 -35
0.061933279037475586 -105
0.07050681114196777 -105
0.07415175437927246 -123
0.07878637313842773 -123
0.08235359191894531 -136
0.08907413482666016 -142
0.09262681007385254 -142
0.09637713432312012 -149
0.10103034973144531 -156
0.10478520393371582 -159
0.11077308654785156 -163
0.1145174503326416 -164
0.11888527870178223 -169
0.12473869323730469 -172
0.12908720970153809 -174
0.13263869285583496 -177
0.13638997077941895 -179
0.14087176322937012 -183
0.14650964736938477 -183
0.15096807479858398 -184
0.15475749969482422 -186
0.15903949737548828 -186
0.1626741886138916 -189
0.16968703269958496 -190
0.17320704460144043 -191
0.1776561737060547 -192
0.18119263648986816 -192
0.1849503517150879 -192
0.19081759452819824 -192
0.19458389282226562 -191
0.20180034637451172 -191
0.2055988311767578 -191
0.2100222110748291 -191
0.21381664276123047 -194
0.21826839447021484 -192
0.22392058372497559 -194
0.22866034507751465 -193
0.23225188255310059 -192
0.2360217571258545 -195
0.24050593376159668 -194
0.24615025520324707 -197
0.25064754486083984 -197
0.25440192222595215 -195
0.25872111320495605 -196
0.26229095458984375 -196
0.2689487934112549 -197
0.27251219749450684 -198
0.2762632369995117 -197
0.28074145317077637 -196
0.28446412086486816 -197
0.290496826171875 -197
0.294158935546875 -197
0.2985873222351074 -197
0.30442285537719727 -197
0.30878591537475586 -196
0.31235790252685547 -197
0.3161170482635498 -195
0.3205721378326416 -196
0.32621312141418457 -197
0.33084988594055176 -196
0.3346278667449951 -198
0.33896350860595703 -199
0.34250712394714355 -198
0.3492240905761719 -199
0.3527700901031494 -199
0.35651183128356934 -196
0.3611936569213867 -197
0.3649442195892334 -199
0.3708150386810303 -197
0.3745725154876709 -199
0.37885308265686035 -199
0.38469433784484863 -201
0.3890228271484375 -199
0.3925960063934326 -200
0.3963429927825928 -198
0.4008924961090088 -201
0.4065251350402832 -199
0.41117334365844727 -199
0.4149641990661621 -198
0.4192678928375244 -197
0.4228222370147705 -198
0.42966175079345703 -195
0.43315720558166504 -194
0.4370865821838379 -196
0.4411768913269043 -197
0.4477238655090332 -196
0.45128512382507324 -198
0.4550511837005615 -198
0.45958471298217773 -196
0.4630553722381592 -195
0.47357702255249023 -196
0.4778575897216797 -199
0.4818274974822998 -197
0.48565149307250977 -197
0.49043917655944824 -199
0.49608683586120605 -196
0.500565767288208 -199
0.5042004585266113 -199
0.508596658706665 -199
0.5121452808380127 -198
0.518671989440918 -200
0.5222537517547607 -198
0.5260024070739746 -199
0.5306615829467773 -199
0.53440260887146 -198
0.5402674674987793 -199
0.5438549518585205 -199
0.5483047962188721 -197
0.5539455413818359 -198
0.5584573745727539 -196
0.5620512962341309 -196
0.5658407211303711 -195
0.5722253322601318 -196
0.5760946273803711 -197
0.5805809497833252 -196
0.5842764377593994 -197
0.5888338088989258 -198
0.5946660041809082 -197
0.5989787578582764 -195
0.6025247573852539 -197
0.6062877178192139 -197
0.6107618808746338 -199
0.6164190769195557 -196
0.621086597442627 -199
0.6247942447662354 -200
0.6291615962982178 -199
0.6327219009399414 -196
0.6387741565704346 -199
0.6423382759094238 -198
0.6461131572723389 -198
0.6519980430603027 -199
0.6557540893554688 -198
0.6602327823638916 -196
0.6658799648284912 -197
0.6703956127166748 -197
0.6741862297058105 -196
0.6786072254180908 -196
0.6844296455383301 -196
0.6887853145599365 -196
0.6923799514770508 -196
0.6961274147033691 -194
0.7005689144134521 -195
0.706251859664917 -195
0.7108941078186035 -197
0.7146463394165039 -199
0.7189710140228271 -199
0.7225258350372314 -199
0.7285597324371338 -199
0.7321317195892334 -201
0.735893964767456 -201
0.74224853515625 -200
0.7460317611694336 -199
0.7506856918334961 -197
0.7544424533843994 -198
0.7587735652923584 -198
0.764589786529541 -199
0.7690865993499756 -198
0.7726435661315918 -200
0.776397705078125 -200
0.7808578014373779 -197
0.7870082855224609 -196
0.7911229133605957 -199
0.7959897518157959 -197
0.8004801273345947 -197
0.8041698932647705 -197
0.8101303577423096 -196
0.8137202262878418 -195
0.8180363178253174 -196
0.8239095211029053 -195
0.8285853862762451 -196
0.8321964740753174 -195
0.8359780311584473 -196
0.84047532081604 -196
0.8461496829986572 -198
0.850653886795044 -197
0.8544130325317383 -198
0.8587515354156494 -199
0.8688657283782959 -199
0.8725147247314453 -197
0.8762640953063965 -199
0.8810193538665771 -197
0.8847851753234863 -198
0.8899557590484619 -199
0.8956916332244873 -198
0.9004127979278564 -199
0.9040076732635498 -198
0.9085261821746826 -199
0.9121050834655762 -201
0.9188158512115479 -200
0.9224202632904053 -199
0.9262051582336426 -199
0.9307284355163574 -198
0.9344780445098877 -195
0.9403631687164307 -198
0.9439306259155273 -198
0.9498147964477539 -196
0.9536287784576416 -198
0.957916259765625 -197
0.9637715816497803 -198
0.9683153629302979 -199
0.9719202518463135 -198
0.9756872653961182 -196
0.9802024364471436 -198
0.9858822822570801 -197
0.9904575347900391 -197
0.9941451549530029 -198
0.9985611438751221 -196
