0 0 
0.002590179443359375 0
0.008347511291503906 0
0.012021064758300781 2
0.016311168670654297 2
0.019893884658813477 2
0.02585291862487793 7
0.02940988540649414 7
0.03285622596740723 77
0.043363094329833984 96
0.04813528060913086 96
0.05175971984863281 56
0.056314945220947266 114
0.05986928939819336 133
0.06653833389282227 146
0.0700979232788086 152
0.07382440567016602 167
0.07837247848510742 172
0.08211183547973633 178
0.08797216415405273 181
0.09155774116516113 185
0.09664320945739746 195
0.10024404525756836 197
0.10631108283996582 199
0.10987305641174316 203
0.11363363265991211 210
0.12008929252624512 212
0.12387228012084961 218
0.12839746475219727 219
0.13218975067138672 223
0.13652515411376953 227
0.14232206344604492 229
0.14662837982177734 234
0.15021419525146484 232
0.1539607048034668 232
0.1586148738861084 238
0.1652541160583496 238
0.16881823539733887 238
0.1725912094116211 236
0.17729544639587402 241
0.18079400062561035 240
0.18667984008789062 239
0.19024658203125 242
0.19402027130126953 244
0.20043396949768066 245
0.20459246635437012 246
0.20870637893676758 246
0.2125241756439209 245
0.2172858715057373 247
0.22284841537475586 249
0.22753214836120605 249
0.23121213912963867 251
0.23550820350646973 253
0.24134469032287598 253
0.24592328071594238 253
0.24953413009643555 253
0.2532815933227539 253
0.25777506828308105 253
0.2634263038635254 255
0.2680356502532959 255
0.27161335945129395 252
0.27634239196777344 255
0.27993273735046387 253
0.2859649658203125 251
0.28957319259643555 251
0.2933354377746582 253
0.29971981048583984 250
0.3035409450531006 249
0.30817675590515137 249
0.3118886947631836 250
0.31630635261535645 252
0.32210826873779297 253
0.3264000415802002 256
0.3300507068634033 255
0.3338329792022705 257
0.3385167121887207 256
0.3445448875427246 256
0.34865617752075195 254
0.3524346351623535 255
0.3567342758178711 253
0.3602876663208008 253
0.3663501739501953 252
0.36992573738098145 253
0.37371182441711426 253
0.38007044792175293 253
0.38390207290649414 253
0.38841915130615234 254
0.3922111988067627 254
0.39669322967529297 254
0.40256404876708984 255
0.40798377990722656 256
0.4115755558013916 256
0.41602277755737305 256
0.41965484619140625 256
0.42624640464782715 256
0.42983412742614746 258
0.43360042572021484 257
0.4417750835418701 253
0.4468119144439697 256
0.4503896236419678 252
0.4566683769226074 254
0.4602320194244385 253
0.4639902114868164 255
0.470660924911499 254
0.47525596618652344 256
0.4788343906402588 256
0.4826021194458008 255
0.48726987838745117 253
0.49284958839416504 252
0.4975917339324951 252
0.5012655258178711 253
0.5055367946624756 253
0.509314775466919 255
0.5160071849822998 256
0.5196309089660645 256
0.5234041213989258 256
0.5279316902160645 256
0.5315229892730713 255
0.5374207496643066 256
0.5411546230316162 257
0.5473921298980713 257
0.5511844158172607 257
0.555476188659668 256
0.5592782497406006 258
0.5628259181976318 255
0.5695936679840088 254
0.5733761787414551 254
0.5780966281890869 255
0.5817608833312988 251
0.5861411094665527 255
0.5918211936950684 253
0.5962133407592773 255
0.5998122692108154 255
0.6035807132720947 255
0.6080513000488281 254
0.6137106418609619 254
0.618201732635498 256
0.6218869686126709 253
0.6262757778167725 254
0.6298394203186035 255
0.6365456581115723 254
0.6400794982910156 254
0.6438422203063965 255
0.6483569145202637 252
0.6521365642547607 252
0.6580219268798828 251
0.6617121696472168 252
0.6661345958709717 254
0.6718614101409912 254
0.676415205001831 254
0.6799876689910889 254
0.683725118637085 254
0.6881604194641113 252
0.6938068866729736 254
0.6984772682189941 254
0.7022209167480469 256
0.7065629959106445 255
0.7101078033447266 257
0.7166574001312256 256
0.7202098369598389 255
0.7239506244659424 256
0.7283890247344971 255
0.7340502738952637 255
0.7385399341583252 254
0.7422804832458496 254
0.746586799621582 256
0.7501518726348877 252
0.756340742111206 253
0.7599062919616699 253
0.763678789138794 254
0.7700307369232178 254
0.7738258838653564 253
0.7782838344573975 253
0.7820158004760742 253
0.7864267826080322 256
0.7922928333282471 254
0.796593427658081 257
0.8001575469970703 258
0.8038957118988037 258
0.8083491325378418 256
0.8139934539794922 255
0.8186435699462891 257
0.8224210739135742 256
0.8268997669219971 258
0.8304388523101807 253
0.8401315212249756 254
0.8438990116119385 253
0.8485498428344727 254
0.8545477390289307 254
0.8588333129882812 252
0.862598180770874 253
0.8678770065307617 253
0.8721749782562256 254
0.8782007694244385 254
0.8818910121917725 258
0.8864951133728027 257
0.8923044204711914 256
0.8966164588928223 257
0.9001832008361816 256
0.9039812088012695 255
0.9084494113922119 258
0.914078950881958 255
0.9186708927154541 257
0.922440767288208 255
0.9267215728759766 255
0.9302549362182617 254
0.9365127086639404 254
0.9400815963745117 252
0.9438447952270508 256
0.9501743316650391 255
0.953934907913208 254
0.9585669040679932 254
0.9623456001281738 257
0.9666213989257812 255
0.9724864959716797 257
0.9767966270446777 253
0.9803462028503418 256
0.9840941429138184 254
0.9885892868041992 254
0.9945981502532959 252
0.9988656044006348 255
