0 0 
0.002421140670776367 0
0.007066965103149414 -3
0.012714624404907227 -3
0.017419815063476562 -8
0.021269798278808594 -19
0.02604055404663086 -22
0.03160381317138672 -108
0.036306142807006836 -193
0.04002881050109863 -184
0.04430794715881348 -252
0.04833984375 -298
0.05495738983154297 -311
0.05855512619018555 -356
0.06229352951049805 -384
0.06677460670471191 -397
0.07050704956054688 -445
0.07655477523803711 -470
0.08015775680541992 -489
0.08461213111877441 -512
0.09029078483581543 -532
0.09478187561035156 -552
0.09836173057556152 -570
0.1021113395690918 -588
0.10680270195007324 -599
0.11245560646057129 -614
0.11717629432678223 -626
0.12093424797058105 -640
0.12525558471679688 -660
0.13105368614196777 -668
0.13535523414611816 -677
0.1389634609222412 -682
0.14270639419555664 -687
0.1472010612487793 -696
0.15284371376037598 -702
0.15734243392944336 -709
0.16114234924316406 -720
0.16564369201660156 -726
0.16934823989868164 -733
0.17526030540466309 -737
0.17882132530212402 -733
0.18256473541259766 -745
0.18893861770629883 -748
0.1927177906036377 -755
0.19722938537597656 -760
0.20096707344055176 -759
0.20528864860534668 -763
0.21117472648620605 -766
0.2155139446258545 -773
0.22333621978759766 -772
0.2279500961303711 -776
0.23147273063659668 -786
0.2375037670135498 -784
0.2412581443786621 -782
0.2481520175933838 -788
0.25197839736938477 -787
0.2564818859100342 -790
0.26009297370910645 -794
0.26458311080932617 -790
0.27030134201049805 -792
0.2748293876647949 -794
0.2784309387207031 -792
0.2821977138519287 -795
0.28687596321105957 -799
0.2925095558166504 -799
0.29703211784362793 -798
0.30078625679016113 -798
0.3051130771636963 -796
0.3087184429168701 -800
0.3148043155670166 -802
0.31838297843933105 -803
0.32215189933776855 -805
0.3285226821899414 -806
0.33241915702819824 -806
0.3369734287261963 -803
0.3407628536224365 -808
0.3452622890472412 -807
0.3510627746582031 -809
0.35536885261535645 -810
0.35893750190734863 -807
0.3626713752746582 -805
0.36717772483825684 -804
0.3728034496307373 -809
0.3774540424346924 -807
0.3812136650085449 -810
0.3854975700378418 -811
0.3890712261199951 -807
0.3959336280822754 -808
0.3993978500366211 -810
0.40401339530944824 -810
0.4079897403717041 -813
0.4115135669708252 -813
0.4174227714538574 -812
0.4211723804473877 -809
0.42549562454223633 -808
0.43135857582092285 -810
0.43595051765441895 -811
0.4394717216491699 -812
0.44393324851989746 -810
0.4475061893463135 -809
0.45412707328796387 -810
0.45795321464538574 -812
0.4614722728729248 -811
0.46634888648986816 -814
0.4720585346221924 -813
0.47661399841308594 -813
0.48017454147338867 -811
0.4847698211669922 -811
0.4883861541748047 -813
0.4942312240600586 -814
0.4980647563934326 -817
0.5015947818756104 -813
0.5074992179870605 -816
0.511289119720459 -810
0.5155999660491943 -810
0.5225298404693604 -812
0.527207612991333 -814
0.5309405326843262 -816
0.5352637767791748 -813
0.5388507843017578 -810
0.5454792976379395 -812
0.5490562915802002 -813
0.552804708480835 -812
0.5572464466094971 -815
0.5609972476959229 -815
0.5668866634368896 -813
0.5705745220184326 -811
0.5765795707702637 -814
0.5801956653594971 -814
0.584869384765625 -816
0.590592622756958 -816
0.595024824142456 -811
0.5985920429229736 -813
0.6023654937744141 -810
0.6068580150604248 -812
0.6124918460845947 -816
0.6170339584350586 -813
0.6254651546478271 -811
0.6290223598480225 -811
0.6327910423278809 -811
0.638688325881958 -810
0.6424484252929688 -814
0.649040699005127 -817
0.6528232097625732 -815
0.6572830677032471 -813
0.6610267162322998 -812
0.6653296947479248 -812
0.6711533069610596 -814
0.6755075454711914 -816
0.6791739463806152 -815
0.6833608150482178 -810
0.6874756813049316 -815
0.6940939426422119 -813
0.6976175308227539 -814
0.701397180557251 -816
0.7061381340026855 -818
0.7099032402038574 -814
0.715491771697998 -810
0.7190465927124023 -813
0.7228028774261475 -813
0.7291595935821533 -816
0.7333364486694336 -816
0.7374458312988281 -816
0.7411913871765137 -814
0.7454807758331299 -813
0.7513031959533691 -811
0.7556278705596924 -814
0.7591824531555176 -815
0.7633366584777832 -814
0.7676413059234619 -816
0.7720768451690674 -815
0.7765457630157471 -811
0.7801468372344971 -811
0.7845981121063232 -815
0.7882983684539795 -816
0.7920589447021484 -817
0.7965567111968994 -816
0.8010745048522949 -816
0.8054838180541992 -811
0.8090493679046631 -811
0.8128032684326172 -812
0.8172879219055176 -815
0.8210227489471436 -816
0.8255162239074707 -816
0.8290741443634033 -814
0.8328258991241455 -811
0.8373003005981445 -810
0.8410544395446777 -811
0.8453598022460938 -814
0.8489370346069336 -813
0.8546617031097412 -818
0.8582451343536377 -813
0.8619976043701172 -814
0.866480827331543 -814
0.8700616359710693 -812
0.874337911605835 -813
0.8781120777130127 -818
0.881615161895752 -815
0.8865277767181396 -818
0.8901171684265137 -814
0.8947346210479736 -811
0.8983664512634277 -812
0.9033937454223633 -815
0.907503604888916 -814
0.9112553596496582 -820
0.9155545234680176 -819
0.9191055297851562 -813
0.9228520393371582 -810
0.927344799041748 -818
0.9310817718505859 -816
0.9353525638580322 -814
0.9389462471008301 -815
0.9427282810211182 -815
0.9474284648895264 -813
0.9511721134185791 -815
0.9567279815673828 -813
0.9603300094604492 -815
0.9648318290710449 -816
0.9684438705444336 -817
0.9721863269805908 -815
0.9766995906829834 -817
0.9802935123443604 -814
0.9847593307495117 -816
0.9883582592010498 -814
0.9921164512634277 -815
0.9966368675231934 -816
