0 0 
0.003537893295288086 0
0.008614063262939453 0
0.013295888900756836 0
0.019260406494140625 2
0.02530527114868164 2
0.030975818634033203 2
0.03556346893310547 6
0.039252519607543945 14
0.043816566467285156 14
0.04735398292541504 33
0.053475141525268555 33
0.05702996253967285 33
0.06074404716491699 67
0.06706094741821289 67
0.07084846496582031 77
0.07543253898620605 77
0.07921671867370605 84
0.08902335166931152 89
0.09516620635986328 92
0.09875631332397461 92
0.1035916805267334 99
0.11399316787719727 96
0.11754155158996582 99
0.12569046020507812 101
0.12947726249694824 102
0.1340029239654541 103
0.142714262008667 105
0.14691615104675293 105
0.1507413387298584 107
0.15711569786071777 107
0.16322588920593262 108
0.16679883003234863 109
0.17058205604553223 109
0.1770017147064209 110
0.18305754661560059 111
0.18676400184631348 111
0.19054079055786133 111
0.19567227363586426 112
0.2016897201538086 112
0.20659089088439941 113
0.21179413795471191 112
0.21648049354553223 113
0.21998810768127441 114
0.22703242301940918 115
0.23386549949645996 116
0.23741483688354492 115
0.24121904373168945 115
0.2458953857421875 117
0.25272655487060547 117
0.25893545150756836 117
0.26337361335754395 117
0.26694560050964355 117
0.2706899642944336 117
0.2770988941192627 117
0.2831437587738037 117
0.2867264747619629 118
0.2904543876647949 117
0.2968134880065918 118
0.30350542068481445 118
0.3071258068084717 118
0.3108646869659424 119
0.3154871463775635 119
0.321134090423584 117
0.33032941818237305 118
0.33484935760498047 118
0.3384420871734619 117
0.3450188636779785 117
0.3527352809906006 116
0.35857629776000977 117
0.36313605308532715 117
0.3667566776275635 116
0.37256669998168945 117
0.37660813331604004 117
0.38901638984680176 118
0.3966073989868164 118
0.4003920555114746 117
0.40501880645751953 117
0.4106614589691162 116
0.4153563976287842 117
0.4244711399078369 117
0.42796945571899414 117
0.43509459495544434 118
0.44071531295776367 118
0.4454004764556885 117
0.4491307735443115 118
0.4536728858947754 117
0.45945239067077637 117
0.4653129577636719 117
0.4691627025604248 117
0.47576141357421875 117
0.4823591709136963 117
0.4882466793060303 117
0.4925236701965332 117
0.49649715423583984 117
0.5000057220458984 116
0.5049829483032227 116
0.5133662223815918 118
0.5169291496276855 118
0.5206882953643799 117
0.5251598358154297 118
0.5307834148406982 117
0.5355501174926758 116
0.5452821254730225 116
0.551018238067627 117
0.55574631690979 116
0.5617778301239014 116
0.5663638114929199 116
0.5698812007904053 117
0.5757529735565186 116
0.5795021057128906 116
0.584033727645874 117
0.5972418785095215 116
0.6054015159606934 117
0.6091508865356445 116
0.6153514385223389 117
0.6210200786590576 117
0.625633955001831 118
0.6353662014007568 118
0.6391103267669678 118
0.6449813842773438 119
0.6486008167266846 118
0.655806303024292 118
0.6623661518096924 117
0.6683413982391357 117
0.6745562553405762 118
0.678295373916626 117
0.6826601028442383 118
0.6898579597473145 119
0.6947782039642334 119
0.7025351524353027 119
0.7063610553741455 119
0.7098653316497803 118
0.7197813987731934 118
0.726330041885376 118
0.7298970222473145 118
0.7359499931335449 117
0.7423293590545654 117
0.7458915710449219 117
0.7538561820983887 117
0.7573947906494141 117
0.7611162662506104 115
0.7674405574798584 116
0.77345871925354 115
0.7769982814788818 115
0.7807469367980957 114
0.7857437133789062 115
0.7917704582214355 115
0.796276330947876 115
0.7998933792114258 115
0.8044686317443848 115
0.8079750537872314 115
0.8138251304626465 117
0.8173551559448242 117
0.825639009475708 116
0.8312184810638428 117
0.835834264755249 117
0.8395717144012451 117
0.8440072536468506 118
0.8475396633148193 117
0.854550838470459 117
0.8582477569580078 117
0.8625297546386719 117
0.866511344909668 118
0.8699986934661865 118
0.8758447170257568 118
0.8796124458312988 117
0.883885383605957 118
0.8896794319152832 118
0.8956313133239746 119
0.8993639945983887 119
0.9036645889282227 119
0.9094343185424805 118
0.9138939380645752 118
0.9175620079040527 119
0.9216911792755127 118
0.9258110523223877 117
0.9323463439941406 117
0.9359123706817627 117
0.9396874904632568 117
0.9440028667449951 118
0.9475443363189697 117
0.9535923004150391 118
0.9571599960327148 118
0.9609453678131104 118
0.9672806262969971 117
0.9710521697998047 117
0.9756975173950195 117
0.9794700145721436 117
0.9837534427642822 116
0.9895799160003662 117
0.9943141937255859 117
0.9977700710296631 116
