0 0 
0.0033025741577148438 0
0.008530139923095703 -3
0.012954235076904297 -3
0.01650094985961914 -8
0.020331859588623047 -83
0.026737689971923828 -89
0.030521154403686523 -41
0.035219430923461914 -111
0.03904366493225098 -163
0.04334115982055664 -147
0.04912853240966797 -212
0.053429365158081055 -242
0.057016849517822266 -257
0.06075406074523926 -284
0.06523513793945312 -295
0.0712900161743164 -320
0.0754542350769043 -340
0.07920503616333008 -351
0.08350729942321777 -366
0.08707809448242188 -383
0.09331107139587402 -390
0.09687447547912598 -395
0.10058927536010742 -411
0.10683441162109375 -417
0.11058378219604492 -425
0.11514496803283691 -434
0.11889314651489258 -440
0.12336468696594238 -451
0.12917804718017578 -460
0.13351917266845703 -465
0.13707375526428223 -469
0.14082789421081543 -474
0.14533352851867676 -479
0.15186858177185059 -482
0.15585851669311523 -489
0.159437894821167 -492
0.16405487060546875 -493
0.16756057739257812 -499
0.17436528205871582 -498
0.17795753479003906 -503
0.18222308158874512 -508
0.18602252006530762 -511
0.18952083587646484 -515
0.19537901878356934 -515
0.19914817810058594 -516
0.20347976684570312 -517
0.20940089225769043 -520
0.21427011489868164 -520
0.21792268753051758 -522
0.2222156524658203 -521
0.22803306579589844 -527
0.2325878143310547 -529
0.23615789413452148 -531
0.23989295959472656 -531
0.24499893188476562 -532
0.25066518783569336 -532
0.2553834915161133 -532
0.25917911529541016 -532
0.26381635665893555 -531
0.2672727108001709 -534
0.2733285427093506 -534
0.27687764167785645 -537
0.2806203365325928 -541
0.2869527339935303 -542
0.29073333740234375 -539
0.2951974868774414 -538
0.298933744430542 -538
0.303203821182251 -535
0.30901598930358887 -536
0.31329941749572754 -538
0.3168623447418213 -542
0.3221752643585205 -541
0.3280963897705078 -541
0.3352365493774414 -542
0.3402867317199707 -541
0.34494829177856445 -537
0.3486814498901367 -537
0.35340166091918945 -541
0.3592038154602051 -545
0.363938570022583 -546
0.36743736267089844 -546
0.3719000816345215 -547
0.3754897117614746 -544
0.38210463523864746 -543
0.3860652446746826 -541
0.38979339599609375 -542
0.39449214935302734 -542
0.39807844161987305 -543
0.40407276153564453 -543
0.40781068801879883 -547
0.41206932067871094 -548
0.41793346405029297 -547
0.42221617698669434 -546
0.42601776123046875 -546
0.42951321601867676 -544
0.43422794342041016 -540
0.4399433135986328 -540
0.44443607330322266 -542
0.44801998138427734 -541
0.4526374340057373 -543
0.45838117599487305 -545
0.462841272354126 -546
0.4664006233215332 -547
0.47016382217407227 -544
0.4747135639190674 -546
0.48035526275634766 -546
0.48494863510131836 -540
0.4887080192565918 -546
0.4930307865142822 -546
0.4965999126434326 -545
0.5026295185089111 -546
0.5062403678894043 -548
0.5099897384643555 -544
0.5163345336914062 -544
0.520158052444458 -543
0.5248112678527832 -544
0.5284721851348877 -542
0.5339596271514893 -545
0.5395116806030273 -545
0.5444467067718506 -549
0.5480496883392334 -546
0.5525479316711426 -548
0.5561301708221436 -543
0.5627362728118896 -544
0.5663204193115234 -544
0.5700972080230713 -545
0.5748276710510254 -543
0.5785477161407471 -548
0.5845146179199219 -547
0.588090181350708 -547
0.5945107936859131 -549
0.5981082916259766 -546
0.6026132106781006 -545
0.6062304973602295 -543
0.6099631786346436 -542
0.6163527965545654 -545
0.6201550960540771 -545
0.6246907711029053 -546
0.6283700466156006 -547
0.6329326629638672 -544
0.6387808322906494 -546
0.6432783603668213 -545
0.6468534469604492 -544
0.6505997180938721 -542
0.6550681591033936 -545
0.6607277393341064 -545
0.6652431488037109 -547
0.6689863204956055 -546
0.6733949184417725 -548
0.676926851272583 -548
0.6829674243927002 -548
0.6865310668945312 -546
0.690291166305542 -543
0.6962268352508545 -546
0.699979305267334 -545
0.7044401168823242 -543
0.7100930213928223 -546
0.7146313190460205 -549
0.718214750289917 -545
0.7226898670196533 -546
0.7262749671936035 -549
0.7354795932769775 -547
0.7402727603912354 -541
0.7449226379394531 -545
0.7486989498138428 -543
0.7545950412750244 -546
0.758181095123291 -545
0.7628095149993896 -550
0.7686672210693359 -548
0.7731781005859375 -548
0.7767448425292969 -545
0.7805182933807373 -547
0.7849783897399902 -543
0.7907402515411377 -541
0.7952003479003906 -546
0.7989423274993896 -548
0.8032448291778564 -545
0.8068063259124756 -550
0.8135652542114258 -547
0.817251443862915 -547
0.821239709854126 -543
0.8253045082092285 -546
0.8290238380432129 -541
0.8349225521087646 -546
0.8386616706848145 -543
0.8429725170135498 -549
0.8487937450408936 -545
0.853135347366333 -547
0.8566756248474121 -545
0.860450029373169 -547
0.8668289184570312 -546
0.8706085681915283 -545
0.8752293586730957 -546
0.8789925575256348 -542
0.8832762241363525 -546
0.8891046047210693 -544
0.8934488296508789 -547
0.8969979286193848 -548
0.9007472991943359 -547
0.9053955078125 -546
0.9119646549224854 -546
0.9158649444580078 -545
0.9193789958953857 -542
0.9239621162414551 -546
0.9274754524230957 -544
0.9334790706634521 -544
0.9370286464691162 -545
0.9407780170440674 -548
0.9472568035125732 -549
0.9512951374053955 -547
0.9553847312927246 -545
0.9591519832611084 -544
0.9634695053100586 -542
0.9692628383636475 -542
0.9738504886627197 -545
0.9773027896881104 -545
0.981865644454956 -547
0.9854283332824707 -548
0.9919769763946533 -549
0.99595046043396 -543
0.9994571208953857 -544
