0 0 
0.0028243064880371094 0
0.0072438716888427734 0
0.010841608047485352 2
0.015074968338012695 2
0.019140243530273438 7
0.022896289825439453 45
0.027545690536499023 12
0.03244304656982422 34
0.037663936614990234 148
0.04122471809387207 49
0.04568338394165039 208
0.05138206481933594 243
0.0558168888092041 267
0.05933094024658203 280
0.06309795379638672 310
0.07508206367492676 340
0.07914257049560547 357
0.08493328094482422 376
0.08851933479309082 392
0.09227871894836426 394
0.09896445274353027 408
0.10249781608581543 422
0.10720109939575195 430
0.11085152626037598 439
0.11512899398803711 449
0.12104225158691406 456
0.12558603286743164 462
0.12918806076049805 467
0.13296794891357422 475
0.13762903213500977 477
0.14572978019714355 490
0.14929914474487305 497
0.15604138374328613 502
0.15963244438171387 506
0.16342878341674805 507
0.1679990291595459 511
0.17173075675964355 517
0.17764568328857422 516
0.18133997917175293 518
0.18575406074523926 526
0.19633793830871582 529
0.19988179206848145 533
0.2036449909210205 534
0.20826411247253418 536
0.21203207969665527 539
0.21808910369873047 536
0.22188377380371094 540
0.22617173194885254 540
0.23199963569641113 543
0.23633170127868652 542
0.2398676872253418 546
0.24361920356750488 547
0.24814200401306152 548
0.25377535820007324 548
0.2584340572357178 550
0.26216959953308105 550
0.2664921283721924 552
0.2723119258880615 549
0.2769780158996582 552
0.2805008888244629 550
0.2849905490875244 552
0.28896641731262207 554
0.295581579208374 555
0.29916858673095703 556
0.30292749404907227 558
0.30749034881591797 556
0.31107521057128906 553
0.3172287940979004 557
0.3208775520324707 555
0.32514500617980957 555
0.33103036880493164 560
0.33551907539367676 562
0.33919405937194824 562
0.34295201301574707 558
0.3474452495574951 560
0.3530898094177246 557
0.3576173782348633 554
0.3612043857574463 558
0.36571764945983887 562
0.369279146194458 560
0.37603187561035156 562
0.37963032722473145 564
0.38341617584228516 560
0.387925386428833 561
0.39170098304748535 560
0.39763903617858887 557
0.40123653411865234 559
0.40572643280029297 562
0.41169214248657227 560
0.4161698818206787 563
0.4197101593017578 562
0.42347168922424316 562
0.42792344093322754 561
0.4335339069366455 560
0.43815135955810547 560
0.4418962001800537 561
0.44619011878967285 559
0.44974279403686523 561
0.4563639163970947 562
0.45990824699401855 564
0.4636716842651367 562
0.4681234359741211 562
0.4737281799316406 563
0.4782686233520508 559
0.48204874992370605 560
0.4863581657409668 563
0.4900083541870117 563
0.49619364738464355 561
0.4997541904449463 568
0.5034878253936768 564
0.5098025798797607 569
0.513566255569458 563
0.5180041790008545 564
0.5217669010162354 561
0.5260303020477295 558
0.531836748123169 559
0.5361697673797607 561
0.5397133827209473 564
0.5449349880218506 566
0.5489025115966797 567
0.5556285381317139 564
0.5592300891876221 562
0.5629696846008301 562
0.567469596862793 559
0.5710470676422119 558
0.5769064426422119 559
0.5804791450500488 560
0.5849790573120117 564
0.5950431823730469 566
0.5989913940429688 564
0.6024892330169678 562
0.607386589050293 560
0.6129732131958008 557
0.6177725791931152 559
0.6214423179626465 563
0.6258316040039062 561
0.6294543743133545 565
0.6354858875274658 564
0.6390748023986816 564
0.6428155899047852 565
0.649167537689209 560
0.6529593467712402 560
0.6574399471282959 562
0.661003589630127 562
0.6654601097106934 560
0.671034574508667 564
0.6757571697235107 565
0.679314136505127 562
0.683175802230835 565
0.687664270401001 559
0.6932928562164307 561
0.697770357131958 560
0.7014026641845703 559
0.7057931423187256 559
0.709343671798706 565
0.7158567905426025 565
0.7194468975067139 565
0.7231969833374023 567
0.7276670932769775 565
0.7313344478607178 561
0.7374908924102783 561
0.7410750389099121 558
0.7455787658691406 558
0.7512185573577881 565
0.7557063102722168 562
0.759251594543457 563
0.7629973888397217 562
0.7675056457519531 565
0.7731499671936035 559
0.7776484489440918 559
0.7812240123748779 561
0.7857046127319336 558
0.7892565727233887 560
0.796093225479126 565
0.7996518611907959 564
0.8034331798553467 565
0.8080837726593018 565
0.8118326663970947 565
0.8176801204681396 561
0.8213434219360352 562
0.8257606029510498 559
0.8314902782440186 561
0.8358778953552246 562
0.8394639492034912 562
0.843224287033081 562
0.8495521545410156 565
0.853325366973877 564
0.857935905456543 564
0.8616535663604736 559
0.8659534454345703 562
0.8717265129089355 559
0.8760082721710205 562
0.8795545101165771 561
0.8833234310150146 563
0.887779951095581 567
0.8933727741241455 566
0.897883415222168 561
0.9016053676605225 558
0.9059102535247803 562
0.9094655513763428 558
0.9157087802886963 564
0.9193823337554932 561
0.9231572151184082 562
0.929506778717041 566
0.933283805847168 565
0.9379045963287354 563
0.9416689872741699 563
0.9459915161132812 563
0.9518046379089355 560
0.9561371803283691 557
0.9596962928771973 563
0.9634363651275635 562
0.9678876399993896 565
0.9735414981842041 565
0.9781718254089355 564
0.9819273948669434 564
0.9862165451049805 561
0.9897518157958984 556
0.999004602432251 558
