0 0 
0.0024399757385253906 0
0.007318019866943359 0
0.012293338775634766 -2
0.01676774024963379 -2
0.020528554916381836 -55
0.025140762329101562 -21
0.03096604347229004 -88
0.035272836685180664 -33
0.038899898529052734 -114
0.04265761375427246 -249
0.047128915786743164 -288
0.05278801918029785 -334
0.05729079246520996 -380
0.061018943786621094 -386
0.0654454231262207 -422
0.06899070739746094 -462
0.07584571838378906 -484
0.07928824424743652 -502
0.08329939842224121 -526
0.08738446235656738 -555
0.0911402702331543 -586
0.09699106216430664 -598
0.10072469711303711 -615
0.10506081581115723 -636
0.1109161376953125 -648
0.11532378196716309 -664
0.11891484260559082 -672
0.12266349792480469 -690
0.1273033618927002 -704
0.13336443901062012 -714
0.13793134689331055 -721
0.14145135879516602 -731
0.1460268497467041 -737
0.14952826499938965 -748
0.15630698204040527 -758
0.16002535820007324 -765
0.1642897129058838 -773
0.16812682151794434 -782
0.17329812049865723 -785
0.17747879028320312 -792
0.18123483657836914 -796
0.18713831901550293 -801
0.1909024715423584 -805
0.19523930549621582 -814
0.2010636329650879 -815
0.20541119575500488 -818
0.20900869369506836 -819
0.21276021003723145 -823
0.21721601486206055 -826
0.22285676002502441 -832
0.22734618186950684 -835
0.2311086654663086 -838
0.2354273796081543 -838
0.23896574974060059 -839
0.2451775074005127 -842
0.24873590469360352 -845
0.2525055408477783 -849
0.25892210006713867 -852
0.26276183128356934 -851
0.2673981189727783 -850
0.27115583419799805 -850
0.275454044342041 -855
0.2812974452972412 -858
0.28583788871765137 -860
0.2893106937408447 -859
0.2933194637298584 -862
0.2974221706390381 -862
0.30396223068237305 -859
0.3079335689544678 -862
0.3114495277404785 -862
0.31605958938598633 -866
0.31957387924194336 -861
0.32649707794189453 -864
0.3300948143005371 -866
0.33457279205322266 -869
0.3381636142730713 -871
0.34336304664611816 -868
0.35129237174987793 -870
0.3559911251068115 -870
0.3594839572906494 -871
0.3666398525238037 -872
0.3702585697174072 -872
0.3748776912689209 -870
0.378467321395874 -870
0.38431262969970703 -871
0.3881046772003174 -872
0.39159369468688965 -876
0.39752197265625 -877
0.4013793468475342 -874
0.4059567451477051 -870
0.411513090133667 -870
0.41609835624694824 -875
0.4196004867553711 -878
0.4241001605987549 -876
0.4280850887298584 -873
0.43468451499938965 -870
0.4382767677307129 -875
0.4420332908630371 -875
0.4465165138244629 -878
0.45009422302246094 -878
0.4559969902038574 -875
0.45949840545654297 -872
0.46592187881469727 -876
0.46948814392089844 -874
0.47393202781677246 -876
0.4774808883666992 -879
0.4813525676727295 -876
0.4881627559661865 -876
0.49195408821105957 -874
0.49643468856811523 -876
0.5000040531158447 -878
0.5042879581451416 -880
0.5101122856140137 -877
0.5146684646606445 -876
0.5182652473449707 -873
0.5220375061035156 -877
0.5267179012298584 -877
0.5324094295501709 -879
0.5368752479553223 -879
0.540565013885498 -875
0.5451133251190186 -872
0.5487046241760254 -879
0.5547714233398438 -881
0.5583546161651611 -880
0.5621068477630615 -879
0.5684769153594971 -877
0.5723533630371094 -876
0.5768656730651855 -877
0.5805690288543701 -880
0.5849471092224121 -881
0.5907888412475586 -879
0.5950906276702881 -879
0.5986840724945068 -874
0.6025004386901855 -877
0.6071593761444092 -880
0.6128110885620117 -883
0.6172990798950195 -880
0.6210553646087646 -877
0.6253511905670166 -878
0.628899097442627 -875
0.635490894317627 -879
0.6390395164489746 -878
0.6427874565124512 -882
0.6472511291503906 -877
0.650991678237915 -877
0.6569952964782715 -877
0.6607334613800049 -879
0.6652250289916992 -881
0.6711826324462891 -881
0.6754984855651855 -876
0.6790561676025391 -875
0.6828017234802246 -875
0.6872856616973877 -881
0.693303108215332 -882
0.6973726749420166 -882
0.7011327743530273 -878
0.7054424285888672 -880
0.7089927196502686 -873
0.7155933380126953 -878
0.7193117141723633 -881
0.7233364582061768 -881
0.7279090881347656 -878
0.7326874732971191 -877
0.737389326095581 -875
0.7411365509033203 -881
0.7484116554260254 -880
0.7533085346221924 -884
0.757537841796875 -879
0.7612860202789307 -877
0.7660083770751953 -875
0.7695555686950684 -878
0.7740528583526611 -883
0.7779881954193115 -881
0.7816047668457031 -880
0.7871944904327393 -879
0.7909305095672607 -878
0.7960729598999023 -880
0.799835205078125 -879
0.8041088581085205 -880
0.8078701496124268 -881
0.811408519744873 -875
0.8159441947937012 -882
0.8194613456726074 -880
0.8238935470581055 -878
0.8274815082550049 -877
0.8312482833862305 -881
0.8367969989776611 -877
0.8404614925384521 -879
0.8450419902801514 -876
0.84859299659729 -879
0.8523142337799072 -879
0.8568150997161865 -882
0.8604652881622314 -879
0.8648676872253418 -882
0.868427038192749 -877
0.8721597194671631 -879
0.8766822814941406 -877
0.8802645206451416 -880
0.885420560836792 -879
0.8889875411987305 -883
0.892749547958374 -881
0.8973057270050049 -877
0.901066780090332 -875
0.9055144786834717 -880
0.9090666770935059 -879
0.9127991199493408 -880
0.9174704551696777 -880
0.9212329387664795 -877
0.9255547523498535 -875
0.9291260242462158 -877
0.9332776069641113 -879
0.9384253025054932 -881
0.9421911239624023 -882
0.9467079639434814 -878
0.9502909183502197 -879
0.9547734260559082 -877
0.9583773612976074 -880
0.9621613025665283 -882
0.9668259620666504 -883
0.9704935550689697 -883
0.974895715713501 -881
0.9784431457519531 -879
0.982203483581543 -880
0.9875023365020752 -877
0.9912927150726318 -882
0.995603084564209 -881
0.9992866516113281 -880
