0 0 
0.002712726593017578 0
0.006483793258666992 0
0.011185646057128906 -2
0.014677047729492188 -2
0.01919698715209961 -2
0.022715330123901367 -7
0.03023076057434082 -7
0.03606057167053223 -7
0.04042243957519531 -14
0.04397869110107422 -14
0.047704219818115234 -53
0.054078102111816406 -76
0.0578615665435791 -76
0.06229114532470703 -92
0.06602597236633301 -98
0.07045722007751465 -89
0.07628178596496582 -89
0.08060717582702637 -108
0.08415746688842773 -113
0.08791089057922363 -117
0.0923926830291748 -124
0.09800577163696289 -129
0.10251021385192871 -132
0.10624432563781738 -136
0.11052370071411133 -138
0.11417961120605469 -140
0.12024903297424316 -144
0.12380623817443848 -149
0.13248705863952637 -151
0.13859152793884277 -153
0.14308953285217285 -154
0.14661550521850586 -156
0.15145182609558105 -156
0.1551072597503662 -158
0.1617119312286377 -157
0.16536235809326172 -159
0.16996431350708008 -160
0.17571306228637695 -159
0.1801154613494873 -160
0.18371248245239258 -160
0.1874675750732422 -162
0.19212627410888672 -162
0.19781112670898438 -165
0.20228791236877441 -164
0.20605206489562988 -164
0.2102973461151123 -166
0.21397161483764648 -166
0.22055888175964355 -167
0.22412610054016113 -168
0.2278757095336914 -169
0.23233842849731445 -167
0.2361154556274414 -169
0.24202299118041992 -169
0.24766302108764648 -167
0.252347469329834 -167
0.2561013698577881 -168
0.26058316230773926 -168
0.26413536071777344 -167
0.27022624015808105 -167
0.2738008499145508 -167
0.27754831314086914 -170
0.28394365310668945 -169
0.2877359390258789 -169
0.2921938896179199 -170
0.29591894149780273 -170
0.3002655506134033 -168
0.30608463287353516 -168
0.3105924129486084 -169
0.31417250633239746 -169
0.3179318904876709 -167
0.32241010665893555 -167
0.3280520439147949 -170
0.33262062072753906 -169
0.33638739585876465 -169
0.34069204330444336 -169
0.34427499771118164 -171
0.3502957820892334 -170
0.35388636589050293 -170
0.3576207160949707 -170
0.3651151657104492 -170
0.369431734085083 -170
0.37339162826538086 -170
0.3771352767944336 -170
0.3835470676422119 -169
0.38733363151550293 -170
0.3920762538909912 -170
0.3957855701446533 -171
0.4001924991607666 -170
0.4060804843902588 -169
0.41043806076049805 -172
0.41399407386779785 -171
0.4177396297454834 -170
0.4222071170806885 -170
0.42785215377807617 -170
0.4325094223022461 -171
0.4362621307373047 -170
0.44054222106933594 -170
0.4440937042236328 -171
0.45012903213500977 -170
0.45372986793518066 -171
0.4575178623199463 -170
0.4638686180114746 -170
0.46761465072631836 -168
0.4720582962036133 -169
0.47570157051086426 -168
0.480090856552124 -167
0.4859614372253418 -167
0.49042272567749023 -168
0.49399471282958984 -168
0.49773383140563965 -168
0.5022275447845459 -168
0.5078399181365967 -168
0.5123574733734131 -168
0.5161089897155762 -170
0.5205955505371094 -170
0.5241122245788574 -169
0.5333073139190674 -170
0.5367884635925293 -170
0.5419220924377441 -172
0.5475673675537109 -174
0.5522973537445068 -175
0.5560719966888428 -174
0.5605132579803467 -172
0.5640745162963867 -173
0.5706613063812256 -173
0.5742218494415283 -172
0.578035831451416 -173
0.5825223922729492 -173
0.5862669944763184 -172
0.5921738147735596 -171
0.5959067344665527 -170
0.6002540588378906 -169
0.6060538291931152 -169
0.610572099685669 -168
0.6141319274902344 -168
0.6178553104400635 -170
0.6223106384277344 -167
0.6279513835906982 -169
0.6324243545532227 -168
0.6361513137817383 -169
0.6404604911804199 -168
0.6462328433990479 -169
0.650707483291626 -168
0.6542527675628662 -170
0.6580119132995605 -169
0.6624975204467773 -170
0.6685154438018799 -170
0.6727869510650635 -171
0.676654577255249 -171
0.6812336444854736 -170
0.6847889423370361 -170
0.6906297206878662 -172
0.6942052841186523 -170
0.6979568004608154 -171
0.7042944431304932 -172
0.7080621719360352 -172
0.7125594615936279 -171
0.7163252830505371 -172
0.7206361293792725 -172
0.726433515548706 -171
0.7311639785766602 -170
0.7346889972686768 -170
0.7391667366027832 -170
0.742743730545044 -171
0.7473585605621338 -171
0.7518682479858398 -170
0.7554597854614258 -171
0.759951114654541 -171
0.7635152339935303 -171
0.7672781944274902 -170
0.7718076705932617 -170
0.7754037380218506 -170
0.7810943126678467 -169
0.7847168445587158 -169
0.7891843318939209 -168
0.7931337356567383 -169
0.7966575622558594 -170
0.8070731163024902 -171
0.8116014003753662 -170
0.8151850700378418 -170
0.8194785118103027 -172
0.8232769966125488 -171
0.8278853893280029 -170
0.832404375076294 -170
0.8361270427703857 -170
0.8404457569122314 -170
0.8440074920654297 -169
0.8477587699890137 -170
0.8524007797241211 -170
0.8561453819274902 -170
0.8604879379272461 -172
0.8640487194061279 -170
0.8677940368652344 -171
0.87229323387146 -170
0.876035213470459 -170
0.8812623023986816 -171
0.8848061561584473 -168
0.8893465995788574 -170
0.8931219577789307 -169
0.8966360092163086 -170
0.9012000560760498 -169
0.9050395488739014 -169
0.910372257232666 -170
0.9139223098754883 -170
0.9177384376525879 -170
0.9222054481506348 -170
0.9259560108184814 -172
0.9339830875396729 -172
0.9394733905792236 -172
0.943413496017456 -171
0.947185754776001 -169
0.9518065452575684 -171
0.9553606510162354 -170
0.9615392684936523 -171
0.9651904106140137 -171
0.9695017337799072 -170
0.9734714031219482 -171
0.977231502532959 -170
0.9824090003967285 -169
0.986156702041626 -170
0.990436315536499 -171
0.9939613342285156 -169
0.9977431297302246 -170
