0 0 
0.0035314559936523438 0
0.009126901626586914 0
0.013483047485351562 0
0.016999244689941406 -2
0.023065805435180664 -17
0.02665090560913086 -17
0.030385732650756836 -12
0.03676772117614746 -35
0.04057931900024414 -78
0.045230865478515625 -136
0.04900217056274414 -179
0.05344033241271973 -173
0.05998730659484863 -212
0.06480717658996582 -219
0.06845688819885254 -245
0.07300972938537598 -258
0.07663536071777344 -280
0.08319854736328125 -291
0.08675312995910645 -298
0.09050202369689941 -304
0.0949552059173584 -312
0.09868359565734863 -318
0.10454797744750977 -328
0.10812568664550781 -335
0.1145777702331543 -347
0.11824560165405273 -353
0.12291145324707031 -356
0.1264939308166504 -364
0.1302645206451416 -370
0.13666009902954102 -372
0.14046621322631836 -381
0.14492177963256836 -387
0.14867949485778809 -390
0.15301036834716797 -396
0.15882468223571777 -396
0.16325163841247559 -399
0.16682052612304688 -397
0.170579195022583 -398
0.17502379417419434 -399
0.1806948184967041 -401
0.18532109260559082 -401
0.1891012191772461 -409
0.1933896541595459 -408
0.19693326950073242 -417
0.20311260223388672 -412
0.2066805362701416 -415
0.2105088233947754 -418
0.2168567180633545 -421
0.22063469886779785 -420
0.22510242462158203 -418
0.22885560989379883 -422
0.23317241668701172 -421
0.2390127182006836 -423
0.24345636367797852 -420
0.24701380729675293 -424
0.2507941722869873 -423
0.2552633285522461 -426
0.26129841804504395 -427
0.2654547691345215 -431
0.2692105770111084 -430
0.27351880073547363 -428
0.2771015167236328 -429
0.28394150733947754 -428
0.28743863105773926 -426
0.2918715476989746 -425
0.2954068183898926 -425
0.2991611957550049 -428
0.30520176887512207 -428
0.3089580535888672 -430
0.31324100494384766 -430
0.31908440589904785 -434
0.3233928680419922 -431
0.32702112197875977 -433
0.3307657241821289 -434
0.33542513847351074 -431
0.3420414924621582 -429
0.34581875801086426 -430
0.3493382930755615 -430
0.3539125919342041 -429
0.35742807388305664 -429
0.3644225597381592 -434
0.37270498275756836 -430
0.37630677223205566 -434
0.3800835609436035 -434
0.3859901428222656 -436
0.389509916305542 -434
0.39443087577819824 -434
0.4001007080078125 -432
0.40471625328063965 -432
0.4083738327026367 -431
0.41278576850891113 -429
0.416348934173584 -432
0.4230916500091553 -435
0.42667150497436523 -435
0.4304332733154297 -434
0.4349188804626465 -436
0.438678503036499 -433
0.44452810287475586 -434
0.4481375217437744 -432
0.45267462730407715 -432
0.45842719078063965 -430
0.4629983901977539 -429
0.46656322479248047 -431
0.47031426429748535 -431
0.4766671657562256 -432
0.48047852516174316 -433
0.48523807525634766 -436
0.48897767066955566 -435
0.4932706356048584 -432
0.49905896186828613 -433
0.5034084320068359 -435
0.5069797039031982 -433
0.5107362270355225 -432
0.515207052230835 -434
0.5207948684692383 -428
0.5253028869628906 -431
0.5290253162384033 -431
0.5333762168884277 -430
0.5369482040405273 -434
0.5431435108184814 -434
0.5467219352722168 -435
0.5504674911499023 -434
0.5568170547485352 -435
0.5605854988098145 -431
0.5651116371154785 -433
0.5688681602478027 -432
0.5732636451721191 -432
0.57906174659729 -428
0.5833663940429688 -433
0.5869197845458984 -433
0.5906786918640137 -432
0.5953502655029297 -434
0.6018970012664795 -436
0.6058433055877686 -435
0.6093673706054688 -434
0.6139256954193115 -433
0.6174416542053223 -434
0.6242437362670898 -432
0.6279199123382568 -432
0.6322178840637207 -432
0.6360125541687012 -431
0.6395208835601807 -431
0.6454071998596191 -434
0.649160623550415 -434
0.6534693241119385 -435
0.6593163013458252 -434
0.6640477180480957 -436
0.6677951812744141 -435
0.6722187995910645 -431
0.6780352592468262 -431
0.6825616359710693 -432
0.6861531734466553 -429
0.6898887157440186 -431
0.694446325302124 -430
0.7000951766967773 -434
0.7046337127685547 -434
0.7082173824310303 -434
0.7127389907836914 -435
0.7163162231445312 -434
0.7221665382385254 -435
0.7261710166931152 -433
0.7299416065216064 -431
0.7363302707672119 -429
0.7401666641235352 -429
0.7446939945220947 -429
0.7482786178588867 -429
0.7527918815612793 -431
0.7585113048553467 -433
0.7629420757293701 -435
0.7665112018585205 -434
0.7752211093902588 -435
0.778986930847168 -433
0.7851121425628662 -434
0.7889509201049805 -432
0.7934203147888184 -429
0.7992892265319824 -429
0.8039073944091797 -429
0.8073995113372803 -432
0.8113350868225098 -433
0.8153977394104004 -434
0.8219897747039795 -436
0.8255321979522705 -437
0.8293135166168213 -433
0.8338718414306641 -435
0.8373153209686279 -432
0.8443608283996582 -431
0.8479511737823486 -431
0.8522560596466064 -429
0.8562238216400146 -431
0.8620128631591797 -431
0.8655455112457275 -430
0.8693222999572754 -435
0.8765459060668945 -436
0.8803353309631348 -433
0.8848657608032227 -435
0.8885438442230225 -435
0.8929367065429688 -433
0.8987691402435303 -429
0.9032289981842041 -430
0.9067792892456055 -431
0.9105415344238281 -429
0.9151346683502197 -432
0.9207973480224609 -434
0.9253075122833252 -430
0.9290752410888672 -435
0.9333851337432861 -435
0.9369423389434814 -434
0.9430480003356934 -436
0.9466478824615479 -431
0.9503998756408691 -433
0.9567849636077881 -429
0.9605472087860107 -431
0.9652037620544434 -430
0.9689679145812988 -432
0.973261833190918 -435
0.9790554046630859 -434
0.983543872833252 -433
0.9870834350585938 -436
0.9912374019622803 -435
0.9953415393829346 -436
