0 0 
0.0024061203002929688 0
0.007496833801269531 0
0.011922121047973633 0
0.015565633773803711 2
0.01995682716369629 2
0.02572798728942871 17
0.030066967010498047 17
0.03361058235168457 17
0.03739142417907715 80
0.041831254959106445 97
0.047449350357055664 33
0.05217099189758301 102
0.055916547775268555 128
0.06038188934326172 128
0.06392097473144531 156
0.06993269920349121 163
0.0735478401184082 173
0.07728123664855957 185
0.08351898193359375 191
0.08726644515991211 193
0.09176254272460938 193
0.09545159339904785 204
0.0998375415802002 212
0.10556292533874512 219
0.11014509201049805 224
0.11381220817565918 226
0.11757755279541016 230
0.12203049659729004 235
0.12765216827392578 237
0.13211655616760254 239
0.13588356971740723 242
0.1402432918548584 245
0.1437976360321045 247
0.1503756046295166 249
0.15391874313354492 249
0.15772366523742676 251
0.16605591773986816 251
0.17113256454467773 255
0.17695283889770508 257
0.18163275718688965 261
0.18518996238708496 263
0.18993902206420898 265
0.19355416297912598 263
0.20010852813720703 266
0.20371198654174805 266
0.20748519897460938 265
0.21204805374145508 268
0.2157907485961914 266
0.2216188907623291 268
0.2252054214477539 266
0.23105907440185547 269
0.23484373092651367 266
0.2391374111175537 269
0.24489879608154297 269
0.24951982498168945 268
0.2531697750091553 269
0.25688958168029785 270
0.26132893562316895 270
0.2671084403991699 272
0.27160048484802246 272
0.2751731872558594 274
0.27962231636047363 274
0.28324031829833984 273
0.2900364398956299 275
0.2935829162597656 275
0.29732537269592285 273
0.3018336296081543 274
0.30547189712524414 275
0.31145405769348145 274
0.3150482177734375 274
0.3202686309814453 275
0.3260684013366699 272
0.33043622970581055 271
0.33397889137268066 272
0.3377408981323242 271
0.34221434593200684 271
0.3478574752807617 272
0.3525078296661377 273
0.35623860359191895 274
0.3605496883392334 274
0.36408495903015137 277
0.3709828853607178 278
0.37448644638061523 278
0.3789398670196533 278
0.38248205184936523 278
0.38621950149536133 276
0.39208054542541504 276
0.3958125114440918 276
0.40022850036621094 276
0.406078577041626 274
0.41049790382385254 276
0.41403698921203613 275
0.4177896976470947 272
0.4222421646118164 271
0.42786169052124023 272
0.43234896659851074 272
0.4360995292663574 271
0.4404001235961914 272
0.4439544677734375 273
0.45099520683288574 274
0.454512357711792 275
0.45900559425354004 276
0.4625382423400879 276
0.4662930965423584 275
0.4723184108734131 275
0.4760622978210449 275
0.4804062843322754 274
0.4862327575683594 274
0.49053478240966797 277
0.49407172203063965 274
0.4978029727935791 273
0.5041608810424805 273
0.5083103179931641 274
0.5123958587646484 271
0.5161983966827393 273
0.5204756259918213 273
0.5262477397918701 275
0.5309813022613525 275
0.5344774723052979 277
0.5389339923858643 277
0.542494535446167 277
0.5491251945495605 278
0.5529358386993408 276
0.5564589500427246 276
0.5610387325286865 277
0.5692524909973145 275
0.5744767189025879 274
0.5789141654968262 272
0.5850372314453125 272
0.5898256301879883 271
0.5934295654296875 271
0.5971932411193848 273
0.6017370223999023 276
0.6073670387268066 274
0.6118483543395996 273
0.6155092716217041 275
0.6199040412902832 275
0.6234798431396484 274
0.6295316219329834 277
0.6331291198730469 277
0.6368756294250488 275
0.6432476043701172 276
0.6470191478729248 277
0.651695728302002 279
0.6552531719207764 275
0.6597297191619873 275
0.6654632091522217 273
0.6698625087738037 272
0.673529863357544 272
0.677293062210083 273
0.6817507743835449 274
0.6874370574951172 275
0.6919314861297607 276
0.6956076622009277 273
0.7000036239624023 275
0.7035589218139648 275
0.7102947235107422 274
0.7138442993164062 274
0.7176389694213867 276
0.722097635269165 276
0.7258422374725342 276
0.7316904067993164 278
0.7352771759033203 277
0.7397279739379883 277
0.7454993724822998 274
0.7498927116394043 276
0.7534403800964355 275
0.7571990489959717 273
0.761693000793457 272
0.7673234939575195 272
0.7719807624816895 272
0.7757554054260254 272
0.7800698280334473 274
0.7859485149383545 274
0.7902605533599854 277
0.7941579818725586 277
0.7991974353790283 277
0.8030061721801758 274
0.8095512390136719 277
0.8131618499755859 275
0.8169064521789551 277
0.8213157653808594 275
0.8249509334564209 277
0.8310091495513916 273
0.8345077037811279 275
0.8389239311218262 272
0.8449985980987549 274
0.8492934703826904 274
0.8530912399291992 274
0.8566069602966309 272
0.8613111972808838 275
0.8670125007629395 273
0.8715014457702637 274
0.8750567436218262 275
0.8793387413024902 276
0.8831231594085693 277
0.8898515701293945 276
0.8934128284454346 276
0.8971652984619141 274
0.9016640186309814 275
0.9052329063415527 273
0.9114234447479248 279
0.9150161743164062 273
0.9214580059051514 277
0.9250595569610596 273
0.9293322563171387 274
0.9331169128417969 270
0.9365973472595215 273
0.9432017803192139 272
0.9470231533050537 273
0.9516952037811279 274
0.9552650451660156 273
0.9597563743591309 275
0.9674978256225586 274
0.9732816219329834 274
0.9770200252532959 276
0.9818987846374512 277
0.987562894821167 277
0.9921817779541016 279
0.9959208965301514 280
