0 0 
0.002230405807495117 0
0.0059278011322021484 0
0.01051640510559082 0
0.01413273811340332 14
0.020536422729492188 33
0.024277448654174805 18
0.02883172035217285 59
0.03460073471069336 45
0.038979291915893555 232
0.04253220558166504 282
0.04627871513366699 274
0.05099320411682129 371
0.057546377182006836 377
0.061101675033569336 418
0.06488656997680664 462
0.06943488121032715 489
0.07300257682800293 516
0.07997536659240723 538
0.08357405662536621 563
0.08783578872680664 584
0.09181523323059082 599
0.09759950637817383 620
0.10114312171936035 643
0.10491776466369629 662
0.11151766777038574 682
0.11591768264770508 698
0.12047553062438965 703
0.12422323226928711 717
0.1285419464111328 734
0.13436317443847656 748
0.1387159824371338 756
0.14226627349853516 758
0.14603090286254883 774
0.1507112979888916 782
0.15631699562072754 790
0.16088294982910156 797
0.16465115547180176 802
0.16897201538085938 810
0.17253541946411133 820
0.17874455451965332 822
0.18232226371765137 825
0.18607258796691895 836
0.1924142837524414 837
0.19618940353393555 839
0.20066428184509277 848
0.204420804977417 852
0.20894217491149902 853
0.21778440475463867 858
0.2237999439239502 863
0.22850394248962402 867
0.23208141326904297 874
0.23585081100463867 871
0.24048566818237305 877
0.2461698055267334 874
0.2506887912750244 879
0.2544424533843994 882
0.25875163078308105 884
0.26230859756469727 886
0.2686147689819336 889
0.27220702171325684 888
0.27594637870788574 891
0.2823638916015625 895
0.2861349582672119 895
0.2906303405761719 894
0.2943587303161621 895
0.2986278533935547 896
0.3044772148132324 902
0.3089766502380371 899
0.3125264644622803 902
0.3162705898284912 901
0.32073974609375 901
0.32635927200317383 900
0.3311131000518799 907
0.33489418029785156 906
0.3394954204559326 908
0.3429839611053467 905
0.348813533782959 903
0.3523435592651367 904
0.3560826778411865 912
0.3624544143676758 912
0.36623430252075195 914
0.37073779106140137 912
0.3744781017303467 912
0.37877774238586426 907
0.38457512855529785 912
0.38904809951782227 913
0.3925905227661133 915
0.39634156227111816 912
0.4009120464324951 914
0.4074578285217285 909
0.4110105037689209 912
0.41509294509887695 913
0.4197688102722168 914
0.42549777030944824 914
0.430377721786499 916
0.43399643898010254 913
0.4385721683502197 914
0.44213294982910156 917
0.4458591938018799 917
0.4507153034210205 917
0.4563460350036621 916
0.4608340263366699 919
0.46455883979797363 916
0.46884679794311523 919
0.47468113899230957 917
0.47899580001831055 917
0.48269081115722656 914
0.48681211471557617 916
0.49092674255371094 919
0.4974861145019531 920
0.5010414123535156 919
0.5047855377197266 919
0.5095388889312744 916
0.5130288600921631 919
0.5188450813293457 921
0.5224223136901855 920
0.5261666774749756 918
0.5324900150299072 916
0.5362586975097656 915
0.5407266616821289 919
0.5444741249084473 919
0.5487923622131348 921
0.5545597076416016 922
0.5588433742523193 919
0.5623726844787598 918
0.5661180019378662 918
0.5708820819854736 918
0.5768826007843018 923
0.5809590816497803 920
0.5846967697143555 921
0.5889794826507568 920
0.5925178527832031 922
0.5985763072967529 924
0.6021218299865723 920
0.6058528423309326 918
0.6121125221252441 920
0.6204092502593994 918
0.6240994930267334 920
0.6287264823913574 923
0.6322920322418213 920
0.6390032768249512 917
0.6425685882568359 918
0.6463193893432617 921
0.6507718563079834 925
0.6545524597167969 922
0.6603744029998779 920
0.6640102863311768 918
0.6703169345855713 918
0.6740846633911133 920
0.6785018444061279 921
0.6821036338806152 920
0.6858642101287842 918
0.6917636394500732 919
0.6955296993255615 920
0.700181245803833 918
0.7058019638061523 921
0.7103309631347656 924
0.7139880657196045 919
0.7183763980865479 923
0.7219386100769043 922
0.7284824848175049 925
0.7320756912231445 921
0.7358479499816895 919
0.740365743637085 918
0.7440030574798584 920
0.7501189708709717 921
0.7536733150482178 921
0.7581565380096436 922
0.763800859451294 922
0.7682895660400391 918
0.7718603610992432 919
0.7755937576293945 919
0.781904935836792 920
0.78580641746521 918
0.7902841567993164 922
0.7939856052398682 922
0.7983913421630859 920
0.8040571212768555 918
0.808617115020752 922
0.8121709823608398 921
0.8159332275390625 917
0.8203837871551514 917
0.8259611129760742 919
0.8306450843811035 921
0.8344151973724365 923
0.8387255668640137 922
0.8422815799713135 923
0.8483054637908936 915
0.8518872261047363 918
0.8556795120239258 918
0.8620436191558838 921
0.8658242225646973 920
0.8704564571380615 921
0.8741414546966553 916
0.8785324096679688 924
0.8843557834625244 921
0.888636589050293 922
0.8922080993652344 922
0.895937442779541 924
0.9004366397857666 919
0.9060893058776855 921
0.910672664642334 924
0.9144654273986816 924
0.9187679290771484 918
0.9223051071166992 920
0.9290201663970947 921
0.9325757026672363 922
0.9363296031951904 922
0.9407894611358643 923
0.944549560546875 921
0.9503827095031738 920
0.9540400505065918 916
0.9599785804748535 922
0.9635887145996094 921
0.9680590629577637 922
0.9736616611480713 920
0.9781959056854248 921
0.9817891120910645 919
0.9855308532714844 922
0.9902117252349854 923
0.9958617687225342 920
