0 0 
0.0023832321166992188 3
0.007546186447143555 3
0.011962175369262695 3
0.015588760375976562 21
0.021816015243530273 91
0.025487661361694336 23
0.029877901077270508 143
0.035736083984375 156
0.04026031494140625 236
0.043807268142700195 284
0.04755258560180664 305
0.05199241638183594 358
0.05764007568359375 376
0.06214737892150879 415
0.06591391563415527 448
0.07023954391479492 476
0.0738523006439209 503
0.08059287071228027 524
0.08432698249816895 545
0.08834981918334961 568
0.09242844581604004 588
0.09619927406311035 608
0.1020667552947998 625
0.10581278800964355 639
0.11010193824768066 657
0.11603116989135742 673
0.12036323547363281 683
0.12392687797546387 689
0.12767362594604492 697
0.13218069076538086 713
0.1378159523010254 724
0.14249968528747559 735
0.1462860107421875 742
0.15059804916381836 748
0.15640568733215332 755
0.16109585762023926 761
0.16484785079956055 771
0.16914677619934082 775
0.17316055297851562 789
0.17983627319335938 788
0.18342804908752441 791
0.18719983100891113 799
0.19172191619873047 799
0.19543027877807617 808
0.20160794258117676 811
0.20520234107971191 814
0.2097489833831787 818
0.21550559997558594 821
0.2199234962463379 821
0.223541259765625 827
0.22732257843017578 832
0.23184418678283691 837
0.23751401901245117 836
0.2419905662536621 840
0.24572300910949707 839
0.2508664131164551 843
0.25432467460632324 845
0.26142311096191406 848
0.2650928497314453 848
0.2695438861846924 852
0.27315592765808105 851
0.27834367752075195 852
0.2825357913970947 854
0.28629446029663086 855
0.29291653633117676 857
0.29651546478271484 856
0.30143094062805176 858
0.30501270294189453 858
0.3092951774597168 863
0.31513476371765137 864
0.3233931064605713 866
0.3271355628967285 864
0.33185553550720215 862
0.33555150032043457 865
0.3416891098022461 869
0.3452942371368408 868
0.349928617477417 869
0.35579347610473633 867
0.3600950241088867 872
0.3636782169342041 867
0.3674182891845703 871
0.37190937995910645 872
0.37757062911987305 870
0.382190465927124 866
0.385936975479126 869
0.39025259017944336 872
0.39380645751953125 875
0.4003767967224121 876
0.40401244163513184 877
0.4077646732330322 871
0.4122292995452881 870
0.41596364974975586 871
0.4218170642852783 875
0.4254586696624756 877
0.43001675605773926 875
0.435866117477417 868
0.44031763076782227 873
0.44390130043029785 872
0.4476339817047119 873
0.45210933685302734 878
0.4577465057373047 879
0.46223020553588867 876
0.46598076820373535 876
0.4702949523925781 878
0.4738657474517822 878
0.4804675579071045 878
0.4840700626373291 876
0.48778247833251953 878
0.49230337142944336 875
0.4960517883300781 877
0.5020854473114014 881
0.5058341026306152 877
0.5101034641265869 879
0.5159304141998291 879
0.5202748775482178 875
0.5238251686096191 874
0.5275616645812988 879
0.5320291519165039 881
0.5376331806182861 880
0.54209303855896 878
0.5458605289459229 875
0.5501937866210938 878
0.555976152420044 877
0.5604662895202637 880
0.5640110969543457 877
0.567753791809082 881
0.5723011493682861 874
0.5783321857452393 877
0.5824241638183594 875
0.5861754417419434 882
0.5904815196990967 880
0.5940268039703369 877
0.6000597476959229 877
0.6036324501037598 877
0.6074013710021973 873
0.6132817268371582 884
0.617011547088623 878
0.6216669082641602 881
0.6272954940795898 877
0.6317946910858154 879
0.6354637145996094 878
0.6398539543151855 877
0.6434030532836914 883
0.649946928024292 878
0.6535351276397705 881
0.6573095321655273 878
0.6617939472198486 877
0.6654548645019531 875
0.6715223789215088 880
0.6751072406768799 879
0.6801936626434326 877
0.6837599277496338 879
0.6899478435516357 879
0.6935534477233887 878
0.6973061561584473 883
0.7036397457122803 877
0.707392692565918 879
0.7118337154388428 875
0.7154576778411865 874
0.7235546112060547 879
0.7297618389129639 880
0.7333617210388184 881
0.7371296882629395 878
0.7423427104949951 877
0.7461035251617432 880
0.7510607242584229 878
0.7565889358520508 884
0.761289119720459 879
0.7649440765380859 878
0.7692146301269531 878
0.7750113010406494 882
0.7795512676239014 879
0.7831442356109619 881
0.7869970798492432 881
0.7914814949035645 881
0.7971272468566895 877
0.8018183708190918 880
0.8055019378662109 881
0.8099124431610107 881
0.8135015964508057 879
0.8196671009063721 876
0.823279857635498 878
0.8270275592803955 876
0.8333485126495361 881
0.8371684551239014 882
0.8416833877563477 881
0.8452558517456055 878
0.8497054576873779 877
0.8554184436798096 875
0.86000657081604 878
0.8635613918304443 882
0.867342472076416 880
0.871807336807251 875
0.8774294853210449 878
0.8818652629852295 879
0.8855569362640381 881
0.8899359703063965 883
0.8935515880584717 882
0.9000821113586426 882
0.9036850929260254 877
0.9074249267578125 878
0.9119844436645508 883
0.9157390594482422 881
0.921807050704956 883
0.9254665374755859 875
0.9298439025878906 878
0.935570240020752 879
0.9399745464324951 880
0.9435460567474365 881
0.9473216533660889 879
0.9519665241241455 878
0.9575965404510498 876
0.9620802402496338 880
0.9658229351043701 881
0.9700956344604492 880
0.9759268760681152 882
0.9804761409759521 881
0.9840371608734131 876
0.9877715110778809 878
0.9922409057617188 880
0.9978597164154053 878
