0 0 
0.005560159683227539 0
0.009557008743286133 0
0.014824151992797852 0
0.019040584564208984 -2
0.02361464500427246 -6
0.029427766799926758 -6
0.034070491790771484 -13
0.03763079643249512 -13
0.04179883003234863 -85
0.04605507850646973 -17
0.052507638931274414 -28
0.056519508361816406 -107
0.06004524230957031 -134
0.06586384773254395 -151
0.06960868835449219 -172
0.07587242126464844 -183
0.07967638969421387 -191
0.08393573760986328 -194
0.08749818801879883 -198
0.09123539924621582 -210
0.09795284271240234 -214
0.10239696502685547 -221
0.10596132278442383 -225
0.10969066619873047 -232
0.11396908760070801 -238
0.11983513832092285 -240
0.12461209297180176 -244
0.12808442115783691 -248
0.13257956504821777 -250
0.13639616966247559 -254
0.1427769660949707 -258
0.14655685424804688 -264
0.1500551700592041 -263
0.1549825668334961 -266
0.15854310989379883 -269
0.16449737548828125 -270
0.16799664497375488 -270
0.1724238395690918 -274
0.17830443382263184 -274
0.18259406089782715 -275
0.18638300895690918 -278
0.1898946762084961 -280
0.19650721549987793 -282
0.2000579833984375 -283
0.20473814010620117 -284
0.20835638046264648 -283
0.21267127990722656 -282
0.21865582466125488 -282
0.22320222854614258 -280
0.22679877281188965 -281
0.2305448055267334 -281
0.23502397537231445 -285
0.24069666862487793 -283
0.24520492553710938 -284
0.24878787994384766 -285
0.25347399711608887 -285
0.2570369243621826 -289
0.26305699348449707 -286
0.2667238712310791 -291
0.2704811096191406 -291
0.27704668045043945 -293
0.28084707260131836 -290
0.28531503677368164 -291
0.28897595405578613 -289
0.29337286949157715 -289
0.29906582832336426 -292
0.3034815788269043 -288
0.307049036026001 -287
0.3108096122741699 -287
0.3152949810028076 -287
0.32093381881713867 -287
0.3254432678222656 -288
0.3292512893676758 -293
0.3337080478668213 -291
0.3372626304626465 -295
0.3433091640472412 -293
0.3468797206878662 -295
0.3506300449371338 -292
0.3570404052734375 -293
0.36081409454345703 -291
0.3652782440185547 -291
0.36893725395202637 -290
0.37332987785339355 -291
0.3791935443878174 -289
0.3836686611175537 -291
0.38721752166748047 -289
0.3909871578216553 -290
0.3956582546234131 -289
0.4051218032836914 -290
0.41076111793518066 -289
0.41542720794677734 -290
0.41918230056762695 -293
0.423647403717041 -292
0.4272153377532959 -292
0.43329358100891113 -293
0.43686914443969727 -292
0.4406256675720215 -292
0.446988582611084 -293
0.45078086853027344 -293
0.4554257392883301 -293
0.45917558670043945 -292
0.4634983539581299 -291
0.4692995548248291 -289
0.4735901355743408 -290
0.4771723747253418 -289
0.4809610843658447 -291
0.4855632781982422 -290
0.49118757247924805 -291
0.4957163333892822 -291
0.4994509220123291 -291
0.5037429332733154 -291
0.507282018661499 -291
0.5135135650634766 -293
0.517075777053833 -293
0.5207972526550293 -294
0.5271320343017578 -295
0.5309066772460938 -294
0.5353877544403076 -291
0.5391840934753418 -290
0.5434799194335938 -289
0.5492920875549316 -292
0.5535769462585449 -290
0.5571422576904297 -291
0.5608882904052734 -287
0.5653774738311768 -290
0.5710339546203613 -288
0.575747013092041 -291
0.5794711112976074 -292
0.5837535858154297 -295
0.5872848033905029 -292
0.5938146114349365 -292
0.5974156856536865 -293
0.6011641025543213 -293
0.6056365966796875 -295
0.6093776226043701 -293
0.6152360439300537 -293
0.6189043521881104 -294
0.6233267784118652 -291
0.6291863918304443 -291
0.6336848735809326 -291
0.6372623443603516 -290
0.6410062313079834 -290
0.6456475257873535 -290
0.6512618064880371 -292
0.6557626724243164 -292
0.6595256328582764 -289
0.6638057231903076 -291
0.6673808097839355 -291
0.6740579605102539 -293
0.6776101589202881 -291
0.681727409362793 -295
0.6858675479888916 -294
0.6923973560333252 -294
0.6963901519775391 -294
0.6999025344848633 -293
0.7044634819030762 -292
0.7079720497131348 -292
0.7138381004333496 -291
0.7174079418182373 -289
0.7211518287658691 -292
0.7274982929229736 -293
0.7312724590301514 -290
0.7358074188232422 -295
0.7395524978637695 -291
0.7438793182373047 -290
0.7496678829193115 -291
0.7543914318084717 -290
0.757826566696167 -291
0.761812686920166 -292
0.7659125328063965 -295
0.7725427150726318 -295
0.776536226272583 -294
0.7800357341766357 -295
0.7848305702209473 -293
0.7884807586669922 -293
0.7940857410430908 -291
0.7977766990661621 -290
0.8067538738250732 -289
0.813626766204834 -291
0.8172039985656738 -289
0.8209810256958008 -292
0.8256232738494873 -291
0.8293991088867188 -291
0.835296630859375 -292
0.8389482498168945 -294
0.8433525562286377 -295
0.849205732345581 -296
0.8535277843475342 -293
0.8571245670318604 -293
0.8608853816986084 -289
0.8653430938720703 -293
0.870985746383667 -292
0.8756332397460938 -291
0.8793916702270508 -294
0.8837177753448486 -288
0.8895308971405029 -289
0.8938350677490234 -292
0.8973853588104248 -291
0.9011373519897461 -292
0.9057903289794922 -295
0.9118697643280029 -294
0.9160735607147217 -295
0.9198451042175293 -294
0.9244098663330078 -295
0.9278559684753418 -292
0.9339399337768555 -294
0.9374983310699463 -293
0.9412455558776855 -294
0.9478013515472412 -296
0.9518215656280518 -291
0.9558777809143066 -293
0.9596474170684814 -292
0.9639482498168945 -286
0.9697556495666504 -289
0.9743263721466064 -290
0.9778056144714355 -289
0.9817991256713867 -292
0.9859256744384766 -295
0.9925417900085449 -292
0.9965226650238037 -291
