0 0 
0.0025904178619384766 0
0.008513450622558594 0
0.012192487716674805 -2
0.0165560245513916 -2
0.020116090774536133 -7
0.02617359161376953 -16
0.029735088348388672 -12
0.03349900245666504 -33
0.03993368148803711 -69
0.04369378089904785 -162
0.0481564998626709 -185
0.05186343193054199 -181
0.05646085739135742 -228
0.06225728988647461 -249
0.06654953956604004 -259
0.07007932662963867 -277
0.07389187812805176 -290
0.07839035987854004 -298
0.08403897285461426 -308
0.08848452568054199 -321
0.09221434593200684 -334
0.09653854370117188 -339
0.1000831127166748 -355
0.10662627220153809 -363
0.11021590232849121 -368
0.11404561996459961 -372
0.11869239807128906 -377
0.12242841720581055 -387
0.12829208374023438 -396
0.1320207118988037 -395
0.13652515411376953 -402
0.14235305786132812 -406
0.14664268493652344 -410
0.15019941329956055 -412
0.15395188331604004 -415
0.1584644317626953 -418
0.164093017578125 -423
0.16859173774719238 -421
0.17233991622924805 -427
0.17677712440490723 -429
0.18033242225646973 -433
0.187147855758667 -434
0.1904466152191162 -437
0.19458937644958496 -437
0.19872307777404785 -443
0.20248126983642578 -441
0.2084052562713623 -442
0.2121872901916504 -442
0.2164897918701172 -444
0.2222754955291748 -443
0.22660279273986816 -446
0.23013710975646973 -448
0.23388314247131348 -451
0.23852062225341797 -452
0.24414300918579102 -454
0.2486286163330078 -454
0.25240159034729004 -453
0.2567286491394043 -456
0.2625885009765625 -453
0.2673370838165283 -452
0.27086710929870605 -453
0.27536463737487793 -455
0.27889180183410645 -454
0.2855391502380371 -454
0.289334774017334 -456
0.2928485870361328 -459
0.29773521423339844 -456
0.3013033866882324 -459
0.3071596622467041 -460
0.310605525970459 -459
0.3146088123321533 -455
0.32079601287841797 -459
0.3253753185272217 -455
0.32889842987060547 -455
0.33265256881713867 -454
0.33719825744628906 -459
0.3427269458770752 -456
0.3473052978515625 -460
0.35083532333374023 -462
0.3553328514099121 -464
0.36286115646362305 -462
0.36919713020324707 -462
0.3727149963378906 -456
0.3795127868652344 -456
0.38331127166748047 -456
0.38798022270202637 -459
0.39157962799072266 -458
0.3962423801422119 -462
0.402144193649292 -462
0.4064650535583496 -464
0.41004371643066406 -462
0.41381192207336426 -462
0.41852903366088867 -460
0.42412757873535156 -457
0.4286539554595947 -458
0.43239355087280273 -456
0.436720609664917 -457
0.44024133682250977 -459
0.4462745189666748 -463
0.4498608112335205 -460
0.4536619186401367 -465
0.4599907398223877 -464
0.4637939929962158 -466
0.46826958656311035 -463
0.4720189571380615 -461
0.47649216651916504 -460
0.48242688179016113 -458
0.4877443313598633 -458
0.49132871627807617 -459
0.49561452865600586 -461
0.5014338493347168 -462
0.5059669017791748 -463
0.509566068649292 -466
0.5133280754089355 -460
0.5178096294403076 -464
0.5234556198120117 -462
0.5281572341918945 -461
0.5318472385406494 -458
0.5363960266113281 -459
0.5399670600891113 -459
0.5460748672485352 -456
0.5496363639831543 -460
0.5533788204193115 -458
0.5597667694091797 -463
0.5635559558868408 -467
0.56805419921875 -466
0.571803092956543 -463
0.5761804580688477 -463
0.5818755626678467 -463
0.5863072872161865 -458
0.5898706912994385 -458
0.5936112403869629 -460
0.598301887512207 -463
0.6039736270904541 -462
0.6084790229797363 -464
0.6122136116027832 -465
0.6165640354156494 -462
0.6201164722442627 -464
0.6261682510375977 -461
0.6297557353973389 -460
0.6335070133209229 -460
0.6399335861206055 -457
0.6437108516693115 -458
0.6481614112854004 -458
0.6517939567565918 -461
0.6563971042633057 -462
0.6622481346130371 -463
0.6665658950805664 -463
0.6702215671539307 -461
0.6739654541015625 -460
0.678429126739502 -459
0.6840565204620361 -459
0.6885499954223633 -460
0.6922991275787354 -459
0.6966164112091064 -458
0.7001869678497314 -459
0.7067806720733643 -461
0.7103261947631836 -463
0.7140789031982422 -464
0.7187447547912598 -464
0.7224912643432617 -465
0.7283613681793213 -462
0.7321081161499023 -459
0.7364013195037842 -459
0.7422423362731934 -457
0.7465646266937256 -456
0.7501003742218018 -457
0.7538399696350098 -460
0.7583029270172119 -459
0.7671453952789307 -465
0.7727315425872803 -465
0.7777702808380127 -462
0.7813491821289062 -461
0.7861967086791992 -462
0.7920873165130615 -457
0.7963879108428955 -459
0.8000023365020752 -459
0.8037800788879395 -459
0.8082728385925293 -459
0.8139438629150391 -462
0.8184058666229248 -461
0.8221487998962402 -465
0.8264031410217285 -460
0.830026388168335 -459
0.8362233638763428 -459
0.8398356437683105 -460
0.8436181545257568 -458
0.8500041961669922 -458
0.8538224697113037 -457
0.8583574295043945 -461
0.8621120452880859 -459
0.8663918972015381 -461
0.8722059726715088 -466
0.8765459060668945 -463
0.880082368850708 -463
0.8838400840759277 -464
0.8883225917816162 -461
0.8939816951751709 -460
0.8986160755157471 -457
0.9023725986480713 -458
0.9066715240478516 -457
0.9103381633758545 -459
0.9165716171264648 -461
0.9201474189758301 -464
0.923907995223999 -464
0.9302561283111572 -464
0.9340379238128662 -464
0.9384980201721191 -461
0.9422357082366943 -460
0.9465584754943848 -458
0.9523160457611084 -456
0.956770658493042 -457
0.9603211879730225 -459
0.9640769958496094 -460
0.96854567527771 -462
0.9741530418395996 -462
0.978628396987915 -466
0.9823689460754395 -463
0.9866838455200195 -462
0.9902417659759521 -461
0.9967925548553467 -460
