0 0 
0.002786397933959961 0
0.007889747619628906 2
0.014209508895874023 2
0.01794719696044922 7
0.022462844848632812 18
0.026036739349365234 13
0.030489444732666016 21
0.03607010841369629 152
0.040643930435180664 55
0.0442047119140625 178
0.04790973663330078 246
0.05237555503845215 291
0.05798983573913574 338
0.06682252883911133 360
0.07189440727233887 374
0.0754234790802002 390
0.08078837394714355 396
0.08449411392211914 412
0.09066081047058105 425
0.09426283836364746 438
0.09802961349487305 449
0.10444283485412598 469
0.10823774337768555 486
0.11270809173583984 495
0.11635231971740723 498
0.12103486061096191 511
0.12686848640441895 523
0.1311941146850586 525
0.13478684425354004 531
0.13852429389953613 535
0.14300298690795898 545
0.14862728118896484 548
0.15309953689575195 554
0.15682244300842285 558
0.16114401817321777 565
0.16479039192199707 572
0.1708240509033203 573
0.17441272735595703 574
0.17818021774291992 579
0.18331480026245117 580
0.18707990646362305 585
0.19298624992370605 592
0.19673633575439453 593
0.20102262496948242 599
0.20685696601867676 600
0.21116161346435547 603
0.21481561660766602 599
0.21858716011047363 601
0.22313356399536133 603
0.22914719581604004 607
0.23325109481811523 603
0.23702454566955566 610
0.24148964881896973 613
0.2451801300048828 613
0.2522261142730713 610
0.2558765411376953 616
0.2601649761199951 614
0.2639448642730713 612
0.2674727439880371 615
0.27335095405578613 620
0.27710962295532227 622
0.2814655303955078 624
0.2873060703277588 622
0.29184651374816895 622
0.2953777313232422 622
0.29983019828796387 622
0.30582118034362793 618
0.31020593643188477 622
0.31400394439697266 621
0.3177299499511719 624
0.3221762180328369 628
0.3300619125366211 626
0.3339803218841553 624
0.3377385139465332 622
0.34217238426208496 625
0.3458521366119385 624
0.3514573574066162 625
0.3550143241882324 630
0.35875535011291504 630
0.3657703399658203 630
0.3701043128967285 627
0.3739135265350342 627
0.37743330001831055 625
0.38233113288879395 625
0.38799118995666504 626
0.39252567291259766 631
0.39612865447998047 630
0.40061473846435547 631
0.40431737899780273 628
0.4108884334564209 628
0.4144575595855713 627
0.4181978702545166 627
0.42284727096557617 627
0.4266228675842285 631
0.43248558044433594 632
0.43607234954833984 632
0.4405827522277832 631
0.44635725021362305 629
0.4507739543914795 630
0.4543769359588623 625
0.45813751220703125 628
0.4685208797454834 632
0.4733142852783203 631
0.4770829677581787 632
0.4819152355194092 635
0.48542094230651855 631
0.49247169494628906 628
0.4960470199584961 629
0.5004887580871582 627
0.5040755271911621 628
0.5092689990997314 632
0.513826847076416 634
0.5173413753509521 631
0.5239031314849854 631
0.5274553298950195 628
0.5321502685546875 630
0.5357849597930908 630
0.5401027202606201 631
0.5460925102233887 635
0.5505998134613037 635
0.5541908740997314 634
0.5579414367675781 631
0.5624284744262695 630
0.5680792331695557 626
0.5726742744445801 631
0.5763287544250488 634
0.580808162689209 634
0.5843794345855713 631
0.5909616947174072 637
0.5945136547088623 633
0.5982756614685059 630
0.6028854846954346 629
0.6066012382507324 633
0.6124780178070068 632
0.6160569190979004 631
0.6205377578735352 634
0.6262075901031494 636
0.6306769847869873 634
0.6342456340789795 631
0.6379988193511963 631
0.6426539421081543 630
0.6482892036437988 630
0.6527619361877441 629
0.6564671993255615 635
0.6610047817230225 634
0.6645979881286621 635
0.6711850166320801 635
0.6747100353240967 629
0.6785404682159424 631
0.6830241680145264 632
0.6867971420288086 630
0.6931149959564209 630
0.6968803405761719 631
0.7012226581573486 633
0.7070629596710205 635
0.711376428604126 634
0.7149059772491455 631
0.7186405658721924 628
0.7253618240356445 632
0.7298202514648438 635
0.7333650588989258 633
0.7370986938476562 634
0.7414507865905762 636
0.7472593784332275 634
0.751828670501709 631
0.7552409172058105 630
0.7592437267303467 632
0.7633161544799805 629
0.7708213329315186 632
0.7744204998016357 634
0.7781875133514404 635
0.7828407287597656 631
0.7865781784057617 632
0.7925386428833008 629
0.7960965633392334 627
0.8005895614624023 631
0.8063452243804932 632
0.8107526302337646 634
0.8143022060394287 635
0.8180387020111084 639
0.8225224018096924 630
0.8281419277191162 631
0.8326332569122314 632
0.8363468647003174 628
0.8408987522125244 629
0.8444595336914062 634
0.8510420322418213 633
0.8546137809753418 634
0.8583898544311523 634
0.8628756999969482 632
0.8724007606506348 629
0.8762061595916748 629
0.8808612823486328 633
0.8866724967956543 635
0.8911211490631104 634
0.8946578502655029 636
0.8984136581420898 630
0.9030866622924805 628
0.9086894989013672 627
0.9132018089294434 629
0.916940450668335 628
0.9213352203369141 630
0.9248833656311035 632
0.9309556484222412 637
0.9345245361328125 635
0.938284158706665 632
0.9446625709533691 632
0.9484267234802246 631
0.9529025554656982 627
0.9566235542297363 627
0.9611291885375977 633
0.9668889045715332 634
0.9712183475494385 634
0.974783182144165 636
0.9785254001617432 633
0.9829692840576172 630
0.9886019229888916 629
0.9930832386016846 631
0.9968180656433105 631
