0 0 
0.0025682449340820312 0
0.008340120315551758 -2
0.012176513671875 -2
0.01668262481689453 -7
0.020290374755859375 -44
0.02649831771850586 -12
0.0300445556640625 -20
0.033779144287109375 -183
0.04020571708679199 -49
0.043987274169921875 -207
0.04845476150512695 -276
0.05218219757080078 -272
0.05650162696838379 -326
0.06229901313781738 -357
0.06664633750915527 -384
0.07021760940551758 -394
0.0740363597869873 -409
0.07865285873413086 -446
0.08426952362060547 -460
0.08873796463012695 -473
0.09247946739196777 -488
0.0967860221862793 -499
0.10035276412963867 -511
0.10694241523742676 -521
0.11050200462341309 -538
0.11473703384399414 -548
0.11938309669494629 -561
0.12360191345214844 -579
0.12831473350524902 -581
0.13397908210754395 -588
0.13861370086669922 -596
0.1423654556274414 -598
0.1466820240020752 -607
0.1524806022644043 -613
0.15694403648376465 -622
0.16055989265441895 -628
0.16470098495483398 -630
0.16880106925964355 -639
0.17537927627563477 -641
0.1789250373840332 -642
0.18273329734802246 -643
0.187028169631958 -649
0.1905817985534668 -657
0.19964194297790527 -662
0.20421266555786133 -667
0.20885992050170898 -667
0.21558046340942383 -669
0.21959805488586426 -669
0.22333669662475586 -671
0.22800016403198242 -671
0.23159003257751465 -676
0.2374894618988037 -683
0.24100494384765625 -683
0.24551677703857422 -684
0.2514200210571289 -685
0.255739688873291 -682
0.25970888137817383 -683
0.2634694576263428 -683
0.26802611351013184 -689
0.2736814022064209 -692
0.2781956195831299 -691
0.28186774253845215 -690
0.28644442558288574 -688
0.29227185249328613 -689
0.2966604232788086 -692
0.30021190643310547 -693
0.3039865493774414 -695
0.3084549903869629 -699
0.31412529945373535 -698
0.3187892436981201 -694
0.3225553035736084 -693
0.3268904685974121 -695
0.3305230140686035 -696
0.33661413192749023 -696
0.34020113945007324 -699
0.3439598083496094 -701
0.35033702850341797 -699
0.3541533946990967 -694
0.35863542556762695 -698
0.36239075660705566 -693
0.3667027950286865 -697
0.37249183654785156 -702
0.37694382667541504 -701
0.38050079345703125 -699
0.38428759574890137 -698
0.3887643814086914 -699
0.39479756355285645 -699
0.39888715744018555 -697
0.4027247428894043 -703
0.4072854518890381 -699
0.4107367992401123 -702
0.4168679714202881 -704
0.4204409122467041 -699
0.4242076873779297 -698
0.43141889572143555 -699
0.43613195419311523 -702
0.4397852420806885 -699
0.44356274604797363 -704
0.4499480724334717 -704
0.45377683639526367 -699
0.4584212303161621 -704
0.4621860980987549 -702
0.46666812896728516 -699
0.4709360599517822 -703
0.47693920135498047 -706
0.48050880432128906 -702
0.4866454601287842 -706
0.49021363258361816 -704
0.49397778511047363 -699
0.4999220371246338 -700
0.5042669773101807 -701
0.5087740421295166 -702
0.5148203372955322 -706
0.5189177989959717 -705
0.5226645469665527 -704
0.5270013809204102 -702
0.5305700302124023 -702
0.5374431610107422 -702
0.5409660339355469 -702
0.5454287528991699 -704
0.5493936538696289 -706
0.5529592037200928 -702
0.5590090751647949 -702
0.5628082752227783 -703
0.5694055557250977 -698
0.572991132736206 -703
0.5777566432952881 -705
0.5814127922058105 -704
0.5857601165771484 -705
0.5916025638580322 -705
0.5961506366729736 -699
0.6037580966949463 -703
0.6083903312683105 -705
0.612189769744873 -706
0.6183712482452393 -706
0.6222109794616699 -704
0.626708984375 -704
0.6325724124908447 -698
0.636883020401001 -703
0.6404221057891846 -703
0.6442172527313232 -701
0.648686408996582 -706
0.6546916961669922 -706
0.6588313579559326 -702
0.6626091003417969 -705
0.6669085025787354 -700
0.6705071926116943 -701
0.6776771545410156 -701
0.6814589500427246 -705
0.6859569549560547 -703
0.6895818710327148 -706
0.6947672367095947 -705
0.698976993560791 -703
0.7027394771575928 -704
0.7093214988708496 -703
0.7129271030426025 -704
0.7175207138061523 -704
0.7210488319396973 -706
0.7255551815032959 -703
0.7313840389251709 -698
0.7357475757598877 -697
0.7397294044494629 -697
0.7434964179992676 -698
0.7479934692382812 -704
0.7536842823028564 -706
0.7582004070281982 -707
0.7618916034698486 -707
0.7662990093231201 -703
0.76987624168396 -700
0.7764248847961426 -697
0.7800076007843018 -699
0.7837672233581543 -704
0.788442850112915 -706
0.7923016548156738 -706
0.798335075378418 -702
0.801999568939209 -703
0.8065457344055176 -702
0.8124053478240967 -702
0.8167452812194824 -703
0.8203334808349609 -706
0.8240935802459717 -706
0.8285608291625977 -702
0.8342189788818359 -703
0.8387103080749512 -702
0.842465877532959 -701
0.8467667102813721 -703
0.8503572940826416 -707
0.8573207855224609 -707
0.8607733249664307 -706
0.8648078441619873 -704
0.8689069747924805 -701
0.8726956844329834 -700
0.8785710334777832 -699
0.8823456764221191 -701
0.8866732120513916 -706
0.8916692733764648 -708
0.8961522579193115 -706
0.8997704982757568 -703
0.9035532474517822 -700
0.9081008434295654 -698
0.9116799831390381 -697
0.9164822101593018 -705
0.9200410842895508 -703
0.9237935543060303 -705
0.928264856338501 -706
0.9319076538085938 -705
0.9364912509918213 -698
0.9413087368011475 -703
0.9456000328063965 -700
0.9493916034698486 -705
0.9529142379760742 -706
0.9575059413909912 -706
0.9612720012664795 -706
0.9655380249023438 -703
0.9693255424499512 -699
0.9728500843048096 -697
0.9777040481567383 -700
0.9813790321350098 -701
0.9856691360473633 -704
0.9903302192687988 -706
0.9941451549530029 -702
