0 0 
0.002234220504760742 0
0.008230447769165039 3
0.011773347854614258 8
0.015496969223022461 73
0.02346181869506836 42
0.02967977523803711 192
0.035425424575805664 138
0.03984808921813965 272
0.04477572441101074 263
0.05102801322937012 327
0.05490374565124512 393
0.06087923049926758 406
0.06461381912231445 437
0.06889653205871582 473
0.07471442222595215 499
0.07901811599731445 516
0.08262825012207031 532
0.08638143539428711 553
0.0910041332244873 577
0.09755396842956543 599
0.10490679740905762 611
0.10967826843261719 628
0.1133873462677002 650
0.1191413402557373 661
0.12269425392150879 669
0.126906156539917 683
0.13344812393188477 689
0.13774847984313965 698
0.1415855884552002 699
0.14508581161499023 707
0.15001225471496582 723
0.15563440322875977 730
0.16011667251586914 732
0.16370344161987305 741
0.1682286262512207 743
0.17186236381530762 753
0.1784381866455078 754
0.18200469017028809 760
0.18574976921081543 767
0.19042491912841797 769
0.194105863571167 774
0.2000741958618164 774
0.20366358757019043 780
0.20953726768493652 785
0.21312737464904785 789
0.21761703491210938 794
0.22354364395141602 794
0.22811079025268555 797
0.2317190170288086 798
0.23544859886169434 799
0.23987770080566406 801
0.24559354782104492 806
0.25014185905456543 810
0.25373220443725586 810
0.2582559585571289 810
0.26186704635620117 810
0.26767659187316895 811
0.2716348171234131 813
0.2754089832305908 820
0.2817208766937256 817
0.2854933738708496 820
0.2899930477142334 821
0.29358792304992676 823
0.298065185546875 817
0.3037731647491455 825
0.30826258659362793 825
0.31186389923095703 824
0.3156471252441406 827
0.3203105926513672 827
0.3259620666503906 824
0.33058953285217285 826
0.33435559272766113 829
0.338731050491333 828
0.34229445457458496 830
0.3489212989807129 831
0.35247325897216797 830
0.3562164306640625 832
0.3606746196746826 834
0.36444568634033203 834
0.37032008171081543 835
0.37401580810546875 831
0.37842845916748047 832
0.38428235054016113 837
0.38881826400756836 837
0.3923795223236084 836
0.39611363410949707 838
0.4006204605102539 835
0.40626955032348633 829
0.4108419418334961 833
0.4145817756652832 833
0.41886448860168457 838
0.4247016906738281 837
0.42900848388671875 838
0.4326052665710449 833
0.4363393783569336 835
0.44079065322875977 838
0.44643163681030273 837
0.45111989974975586 838
0.454913854598999 838
0.46027326583862305 838
0.4639897346496582 835
0.46996450424194336 835
0.47356343269348145 837
0.47785401344299316 842
0.4837653636932373 837
0.4882619380950928 837
0.491924524307251 839
0.49567675590515137 838
0.5029149055480957 841
0.5100483894348145 841
0.5136408805847168 843
0.5194532871246338 841
0.5230445861816406 838
0.5274937152862549 839
0.5334348678588867 840
0.5377697944641113 837
0.5415539741516113 837
0.5450875759124756 837
0.5496361255645752 835
0.5531468391418457 834
0.5598676204681396 840
0.5634961128234863 841
0.5677785873413086 839
0.571758508682251 837
0.5775370597839355 833
0.5815553665161133 837
0.5851290225982666 838
0.5917520523071289 840
0.595543384552002 840
0.6000411510467529 840
0.6036443710327148 839
0.6080880165100098 839
0.6137607097625732 837
0.6182389259338379 837
0.6218183040618896 842
0.6255795955657959 839
0.6302473545074463 837
0.6358828544616699 840
0.6403634548187256 840
0.6440243721008301 840
0.6484322547912598 843
0.6519873142242432 844
0.6585531234741211 838
0.6621146202087402 835
0.6658697128295898 837
0.6703581809997559 838
0.6740074157714844 839
0.6798944473266602 840
0.6836180686950684 840
0.6894769668579102 838
0.6930480003356934 838
0.6974935531616211 837
0.7010383605957031 840
0.7076091766357422 841
0.7115738391876221 840
0.7150759696960449 841
0.7197747230529785 840
0.7254266738891602 835
0.729973554611206 840
0.7335522174835205 841
0.7378387451171875 842
0.7416701316833496 843
0.7484302520751953 842
0.7520046234130859 838
0.755772590637207 840
0.7602598667144775 839
0.7638359069824219 842
0.7697939872741699 840
0.773430585861206 839
0.7776985168457031 838
0.7835733890533447 839
0.7878501415252686 842
0.7916533946990967 844
0.7954788208007812 841
0.799978494644165 844
0.8056557178497314 836
0.8103363513946533 838
0.813988447189331 837
0.8183770179748535 841
0.8219351768493652 838
0.8284926414489746 840
0.8320813179016113 839
0.8358745574951172 839
0.8405144214630127 840
0.844245433807373 840
0.8501157760620117 842
0.8536820411682129 843
0.8581218719482422 837
0.8638021945953369 839
0.868445873260498 840
0.8720488548278809 840
0.8758106231689453 841
0.8821370601654053 842
0.8859028816223145 841
0.8903920650482178 841
0.8940436840057373 837
0.8984348773956299 839
0.9084651470184326 841
0.912067174911499 841
0.91581130027771 837
0.9223136901855469 839
0.9261636734008789 840
0.930903434753418 839
0.9346473217010498 843
0.9389746189117432 841
0.9447252750396729 837
0.9490616321563721 835
0.952622652053833 837
0.9563536643981934 841
0.9608211517333984 839
0.9668421745300293 846
0.9711160659790039 841
0.9748697280883789 840
0.9794600009918213 835
0.9829232692718506 842
0.9889969825744629 839
0.9925355911254883 843
0.9963006973266602 840
