0 0 
0.002229928970336914 0
0.01155853271484375 3
0.015104532241821289 8
0.019637584686279297 20
0.023415327072143555 22
0.02907109260559082 109
0.03482365608215332 60
0.03959965705871582 246
0.0454249382019043 288
0.05009770393371582 294
0.053646087646484375 353
0.059406280517578125 382
0.06894111633300781 441
0.07255911827087402 466
0.07630467414855957 485
0.08073782920837402 507
0.08680462837219238 527
0.0908968448638916 538
0.09464406967163086 552
0.09909939765930176 565
0.10267806053161621 586
0.10951375961303711 595
0.11300444602966309 606
0.11694121360778809 625
0.12099957466125488 628
0.12486672401428223 647
0.13074064254760742 655
0.13769912719726562 660
0.1454918384552002 677
0.15033555030822754 686
0.15400338172912598 699
0.1585557460784912 702
0.16211867332458496 704
0.1681532859802246 711
0.17172813415527344 714
0.17556500434875488 722
0.18216323852539062 722
0.18596100807189941 733
0.19041776657104492 734
0.19410920143127441 737
0.19848275184631348 741
0.20430827140808105 745
0.2086641788482666 747
0.21226859092712402 746
0.21603846549987793 757
0.2207190990447998 759
0.22989130020141602 764
0.2356100082397461 761
0.240311861038208 765
0.24398207664489746 765
0.2485511302947998 770
0.25211286544799805 773
0.2581937313079834 774
0.26180505752563477 775
0.26558446884155273 776
0.27185559272766113 775
0.27562975883483887 775
0.28032898902893066 780
0.28406643867492676 784
0.2884712219238281 781
0.29434657096862793 783
0.29863572120666504 782
0.3021976947784424 779
0.30592942237854004 786
0.3105621337890625 788
0.31618714332580566 789
0.3206961154937744 790
0.32445549964904785 785
0.3287816047668457 788
0.3323221206665039 787
0.33906054496765137 789
0.3426249027252197 793
0.3468003273010254 794
0.3509340286254883 793
0.3546900749206543 789
0.3605375289916992 789
0.36428093910217285 791
0.3686058521270752 793
0.37444567680358887 793
0.37880897521972656 797
0.38236403465270996 793
0.38611459732055664 791
0.3906064033508301 790
0.39621710777282715 793
0.4008655548095703 799
0.40461063385009766 796
0.4089241027832031 796
0.4147191047668457 793
0.4191272258758545 798
0.42267847061157227 792
0.42680954933166504 798
0.43091821670532227 796
0.43694567680358887 798
0.44147205352783203 799
0.4449927806854248 795
0.44957590103149414 794
0.4530954360961914 797
0.4590601921081543 795
0.4626185894012451 797
0.46634960174560547 798
0.4728851318359375 797
0.47688817977905273 797
0.48097777366638184 797
0.48474669456481934 799
0.4890439510345459 800
0.49483394622802734 799
0.499528169631958 799
0.5030002593994141 799
0.5074455738067627 799
0.5110106468200684 797
0.5175931453704834 797
0.5215449333190918 801
0.5250897407531738 800
0.5296742916107178 798
0.5333771705627441 795
0.5390269756317139 798
0.5425877571105957 799
0.5463290214538574 799
0.5526530742645264 803
0.556816577911377 803
0.5609006881713867 799
0.5646283626556396 799
0.569098711013794 798
0.5748834609985352 797
0.5796158313751221 797
0.583153247833252 801
0.5877029895782471 798
0.5934882164001465 799
0.597825288772583 799
0.6015961170196533 796
0.6051101684570312 798
0.610426664352417 798
0.6160933971405029 801
0.6206309795379639 801
0.6289060115814209 797
0.6326677799224854 799
0.6368091106414795 799
0.6435294151306152 800
0.6478126049041748 802
0.6517677307128906 802
0.6555440425872803 800
0.6600131988525391 799
0.6656506061553955 797
0.6701555252075195 798
0.6737163066864014 798
0.6781785488128662 801
0.6817612648010254 801
0.6882781982421875 797
0.6919691562652588 796
0.6957316398620605 796
0.7004499435424805 801
0.7041201591491699 801
0.7100551128387451 804
0.7136147022247314 801
0.7180793285369873 799
0.7237570285797119 798
0.7282555103302002 799
0.7318320274353027 799
0.7355856895446777 804
0.7400546073913574 802
0.7456800937652588 799
0.7501506805419922 798
0.7537131309509277 798
0.7583739757537842 800
0.7640783786773682 803
0.7684838771820068 802
0.7720816135406494 797
0.7758417129516602 798
0.7803187370300293 798
0.785984992980957 799
0.7904770374298096 800
0.7941484451293945 802
0.7985196113586426 804
0.8021910190582275 802
0.8082313537597656 800
0.8118202686309814 801
0.8156182765960693 801
0.8215272426605225 802
0.8250718116760254 801
0.8299713134765625 799
0.8356001377105713 800
0.8401057720184326 797
0.8436825275421143 796
0.8481476306915283 799
0.8517477512359619 804
0.8582899570465088 804
0.8619112968444824 798
0.8656964302062988 799
0.8702504634857178 800
0.873833179473877 797
0.8800215721130371 799
0.8836085796356201 800
0.8900172710418701 801
0.8936269283294678 803
0.8980813026428223 800
0.9017248153686523 801
0.9054520130157471 799
0.9117872714996338 803
0.9155750274658203 802
0.9200336933135986 803
0.9235954284667969 800
0.9281909465789795 798
0.9337835311889648 798
0.9384734630584717 797
0.9420721530914307 801
0.9458365440368652 803
0.9503040313720703 803
0.9559321403503418 799
0.9606039524078369 797
0.9643635749816895 801
0.9686398506164551 800
0.9722411632537842 801
0.978290319442749 802
0.9818832874298096 800
0.9856438636779785 798
0.9919061660766602 799
0.9956958293914795 801
