0 0 
0.003139019012451172 0
0.006638050079345703 0
0.010319709777832031 0
0.014749288558959961 2
0.020109176635742188 2
0.0249636173248291 2
0.028667688369750977 6
0.034482717514038086 6
0.03817629814147949 6
0.044002532958984375 12
0.04768085479736328 12
0.05193328857421875 63
0.06316304206848145 63
0.06670498847961426 63
0.0704355239868164 83
0.07678961753845215 87
0.08096098899841309 90
0.08581924438476562 90
0.08929729461669922 90
0.09667634963989258 93
0.10368132591247559 96
0.10718226432800293 96
0.11110472679138184 101
0.11517047882080078 105
0.11890649795532227 106
0.12402820587158203 109
0.12972736358642578 110
0.13421273231506348 111
0.13780593872070312 112
0.14227819442749023 112
0.14791321754455566 116
0.15244603157043457 116
0.15609240531921387 118
0.16619515419006348 119
0.17010736465454102 119
0.17654776573181152 120
0.1803267002105713 120
0.1848008632659912 120
0.18915724754333496 120
0.19472694396972656 122
0.2004108428955078 123
0.2048962116241455 123
0.20932865142822266 124
0.2149667739868164 124
0.21869564056396484 124
0.22469115257263184 125
0.2285451889038086 125
0.232835054397583 124
0.2386646270751953 124
0.24301743507385254 125
0.24656033515930176 125
0.2503066062927246 125
0.25493550300598145 124
0.260570764541626 125
0.2650437355041504 124
0.26879310607910156 124
0.2731506824493408 125
0.2830367088317871 124
0.2866506576538086 126
0.29036688804626465 127
0.2970607280731201 127
0.3010828495025635 127
0.30530524253845215 125
0.30909061431884766 125
0.31364941596984863 127
0.3191981315612793 126
0.32381272315979004 126
0.32756924629211426 126
0.3318467140197754 126
0.33564043045043945 128
0.34241485595703125 128
0.3461155891418457 128
0.3499603271484375 126
0.35445594787597656 126
0.35816335678100586 126
0.3641350269317627 127
0.36771059036254883 126
0.3720052242279053 125
0.37786269187927246 125
0.3825559616088867 125
0.3861813545227051 126
0.3899416923522949 127
0.394420862197876 127
0.4000542163848877 128
0.4047071933746338 128
0.4084506034851074 127
0.4127686023712158 127
0.41858696937561035 127
0.4230172634124756 127
0.42656636238098145 127
0.4303276538848877 127
0.4348106384277344 127
0.4404432773590088 127
0.4449620246887207 129
0.4486994743347168 128
0.4529900550842285 128
0.4565308094024658 128
0.46279072761535645 129
0.4664020538330078 128
0.47013068199157715 128
0.4764902591705322 128
0.4802703857421875 127
0.48471713066101074 128
0.48846983909606934 128
0.4927859306335449 128
0.4985687732696533 128
0.5029892921447754 127
0.5065298080444336 128
0.510272741317749 126
0.514899730682373 126
0.5205106735229492 126
0.5251553058624268 124
0.528911828994751 125
0.5400686264038086 124
0.5447211265563965 126
0.5530788898468018 126
0.5589408874511719 126
0.5637667179107666 127
0.5725140571594238 127
0.5765738487243652 126
0.5803303718566895 126
0.5849792957305908 126
0.5887651443481445 128
0.5947544574737549 125
0.6003918647766113 125
0.6050219535827637 127
0.6116654872894287 127
0.6156525611877441 127
0.6192140579223633 126
0.6252932548522949 128
0.6318831443786621 128
0.6378836631774902 127
0.6426923274993896 127
0.6462812423706055 127
0.6500356197357178 127
0.6563806533813477 127
0.6624295711517334 127
0.6660244464874268 128
0.6697835922241211 128
0.678508996963501 128
0.6850686073303223 130
0.6887860298156738 130
0.6946239471435547 130
0.7003071308135986 128
0.7050487995147705 129
0.7110595703125 128
0.7151510715484619 127
0.7189066410064697 126
0.7237651348114014 127
0.7301115989685059 127
0.7364668846130371 126
0.7430455684661865 126
0.7482271194458008 127
0.7541582584381104 126
0.7598092555999756 126
0.7645087242126465 125
0.7701582908630371 124
0.7748117446899414 124
0.7785696983337402 123
0.7830581665039062 124
0.7889118194580078 124
0.7964715957641602 124
0.8024756908416748 127
0.8060534000396729 127
0.8098232746124268 128
0.8164021968841553 126
0.8231453895568848 127
0.8266916275024414 128
0.8304464817047119 127
0.8349132537841797 127
0.8447282314300537 127
0.8485348224639893 127
0.852806568145752 127
0.8565058708190918 128
0.860281229019165 128
0.8665449619293213 128
0.8703091144561768 128
0.8750166893005371 129
0.8830997943878174 129
0.8866527080535889 128
0.8904073238372803 128
0.8956446647644043 128
0.9028575420379639 128
0.9064745903015137 128
0.9125316143035889 128
0.9161076545715332 128
0.9198966026306152 129
0.9303188323974609 128
0.9351961612701416 128
0.9425313472747803 127
0.9461274147033691 127
0.949882984161377 126
0.9547536373138428 127
0.962651252746582 126
0.9662811756134033 126
0.9700510501861572 127
0.982799768447876 128
0.9905438423156738 127
0.9952549934387207 127
