0 0 
0.003882884979248047 0
0.008222103118896484 0
0.011725664138793945 2
0.015438079833984375 6
0.0199429988861084 13
0.025949716567993164 11
0.03061842918395996 29
0.03410077095031738 167
0.03897905349731445 43
0.042642831802368164 258
0.048187255859375 293
0.05396676063537598 334
0.05829334259033203 361
0.0619664192199707 398
0.06592798233032227 410
0.07006239891052246 455
0.07748746871948242 477
0.08104443550109863 499
0.08476901054382324 518
0.08944201469421387 528
0.09506678581237793 570
0.10346364974975586 585
0.1079249382019043 595
0.11145830154418945 602
0.11522674560546875 626
0.12196946144104004 642
0.12598252296447754 649
0.1302473545074463 654
0.13399815559387207 663
0.1385784149169922 674
0.1441054344177246 684
0.14896321296691895 689
0.15261292457580566 697
0.15692448616027832 699
0.16074371337890625 712
0.16737961769104004 714
0.17099595069885254 721
0.17477655410766602 724
0.1792774200439453 731
0.18284988403320312 735
0.18873906135559082 742
0.19222307205200195 746
0.1969141960144043 748
0.20273613929748535 752
0.20742273330688477 754
0.21103715896606445 759
0.21494460105895996 763
0.2194366455078125 763
0.22510981559753418 770
0.2297837734222412 769
0.23352336883544922 767
0.2377922534942627 772
0.24137330055236816 773
0.24744629859924316 776
0.25104641914367676 783
0.254833459854126 781
0.2612266540527344 785
0.2650113105773926 782
0.26968836784362793 783
0.27349042892456055 790
0.27777528762817383 788
0.2836008071899414 794
0.2879519462585449 793
0.29149937629699707 795
0.2952573299407959 790
0.2997314929962158 788
0.30537867546081543 797
0.3098716735839844 799
0.31361913681030273 798
0.3179454803466797 797
0.321483850479126 797
0.32819437980651855 796
0.3320159912109375 798
0.33600425720214844 798
0.34009385108947754 799
0.3438718318939209 803
0.349761962890625 800
0.35352635383605957 801
0.35796022415161133 804
0.36377978324890137 803
0.3681313991546631 802
0.37166714668273926 808
0.3754405975341797 804
0.37990498542785645 804
0.385540246963501 804
0.39021897315979004 800
0.39397668838500977 802
0.3982827663421631 808
0.40204477310180664 805
0.40876221656799316 806
0.4122750759124756 805
0.416778564453125 804
0.42052721977233887 803
0.42406463623046875 806
0.4299039840698242 808
0.43364477157592773 810
0.43794679641723633 806
0.44377565383911133 806
0.4482853412628174 808
0.4518260955810547 805
0.45593857765197754 805
0.4600353240966797 809
0.4665849208831787 811
0.47014474868774414 809
0.47388744354248047 808
0.4781966209411621 808
0.4840688705444336 808
0.4889097213745117 810
0.49254679679870605 808
0.4967994689941406 808
0.5042588710784912 807
0.5095021724700928 803
0.5151500701904297 809
0.5198030471801758 812
0.523554801940918 812
0.5280065536499023 812
0.5315985679626465 805
0.5381729602813721 809
0.5417225360870361 807
0.5454616546630859 811
0.549938440322876 809
0.5536761283874512 811
0.559532880783081 811
0.5631711483001709 805
0.5681605339050293 807
0.5717117786407471 810
0.5778207778930664 809
0.5813815593719482 809
0.5851025581359863 811
0.5914194583892822 809
0.5951967239379883 810
0.5996780395507812 809
0.6033957004547119 809
0.6077175140380859 811
0.6134939193725586 816
0.6179633140563965 806
0.6215004920959473 808
0.6252412796020508 806
0.6298649311065674 810
0.6354687213897705 811
0.639965295791626 815
0.643700361251831 815
0.648000955581665 811
0.6515557765960693 809
0.6581277847290039 807
0.6616792678833008 809
0.6654222011566162 812
0.6698653697967529 815
0.6736876964569092 812
0.6795728206634521 813
0.6832442283630371 809
0.6877622604370117 807
0.6935944557189941 813
0.6979002952575684 814
0.7014298439025879 813
0.705188512802124 812
0.7096760272979736 808
0.7152879238128662 810
0.7198045253753662 806
0.7235493659973145 813
0.7278831005096436 813
0.7314350605010986 815
0.738006591796875 808
0.741551399230957 809
0.7452991008758545 809
0.7499716281890869 808
0.7537136077880859 810
0.7595500946044922 811
0.7632148265838623 812
0.7676024436950684 812
0.7734465599060059 808
0.777747392654419 809
0.7812905311584473 812
0.7851405143737793 812
0.7914695739746094 810
0.7952578067779541 810
0.79976487159729 809
0.80350661277771 810
0.8079261779785156 810
0.813687801361084 814
0.8179817199707031 815
0.8215148448944092 811
0.8252825736999512 809
0.8297669887542725 812
0.8353948593139648 810
0.8398756980895996 809
0.843613862991333 811
0.8479194641113281 811
0.8514657020568848 813
0.857475757598877 810
0.861025333404541 810
0.8647453784942627 807
0.8706655502319336 809
0.8741827011108398 812
0.8791184425354004 809
0.884756326675415 810
0.8892357349395752 810
0.8928103446960449 811
0.8972604274749756 807
0.9035658836364746 809
0.9101428985595703 810
0.9140183925628662 808
0.9191322326660156 809
0.9247663021087646 809
0.9295439720153809 813
0.9331779479980469 812
0.9375836849212646 815
0.9411535263061523 810
0.9477622509002686 807
0.9513168334960938 810
0.9550867080688477 808
0.9595494270324707 809
0.9632329940795898 812
0.9691486358642578 813
0.972736120223999 810
0.9791326522827148 809
0.982731819152832 810
0.9870023727416992 808
0.9909529685974121 811
0.9947428703308105 812
