0 0 
0.0033631324768066406 0
0.008570432662963867 2
0.01304316520690918 2
0.016576766967773438 2
0.020405292510986328 52
0.026764631271362305 13
0.03052353858947754 83
0.034964561462402344 157
0.03876924514770508 108
0.04301571846008301 259
0.048813581466674805 291
0.05312323570251465 289
0.05665731430053711 317
0.06039834022521973 357
0.06485724449157715 393
0.07047247886657715 401
0.07520437240600586 425
0.07898783683776855 440
0.08331513404846191 459
0.08686351776123047 482
0.09342670440673828 492
0.09698820114135742 499
0.1007232666015625 514
0.10521674156188965 525
0.10901236534118652 544
0.11496901512145996 558
0.11872744560241699 566
0.1231532096862793 578
0.1289505958557129 588
0.13339781761169434 593
0.1369774341583252 597
0.1406996250152588 601
0.1451432704925537 608
0.1507399082183838 617
0.15518426895141602 623
0.15902924537658691 630
0.16332316398620605 636
0.16690278053283691 638
0.17374634742736816 641
0.17719388008117676 644
0.18120908737182617 648
0.1853346824645996 650
0.18907904624938965 660
0.19870948791503906 666
0.20462441444396973 666
0.20832490921020508 672
0.21294307708740234 671
0.21881484985351562 675
0.2233123779296875 676
0.22683954238891602 683
0.2305755615234375 683
0.23507308959960938 684
0.2407093048095703 686
0.24518942832946777 685
0.24896669387817383 682
0.25346851348876953 682
0.25717616081237793 691
0.26311755180358887 692
0.26674652099609375 693
0.27050304412841797 698
0.27672457695007324 696
0.28049421310424805 694
0.2849705219268799 693
0.2887256145477295 697
0.29297852516174316 695
0.29881739616394043 699
0.3031339645385742 700
0.3067054748535156 704
0.31044769287109375 700
0.3150641918182373 698
0.3206913471221924 703
0.32517218589782715 701
0.32898378372192383 702
0.33331775665283203 705
0.3368971347808838 705
0.34346699714660645 703
0.34700822830200195 705
0.351137638092041 703
0.3552742004394531 704
0.359020471572876 705
0.36489176750183105 706
0.36862683296203613 708
0.37383008003234863 708
0.3773682117462158 704
0.38333940505981445 705
0.3869032859802246 705
0.3906571865081787 704
0.39719676971435547 705
0.4018721580505371 709
0.4054224491119385 710
0.40918469429016113 709
0.4134798049926758 704
0.41928529739379883 708
0.4239223003387451 702
0.42742228507995605 708
0.43190741539001465 710
0.4378941059112549 713
0.4430258274078369 711
0.44658589363098145 709
0.4503488540649414 707
0.45486021041870117 707
0.4585895538330078 706
0.4644505977630615 709
0.46801328659057617 712
0.4726850986480713 708
0.47838640213012695 709
0.482926607131958 708
0.4864649772644043 707
0.4902019500732422 707
0.49484992027282715 707
0.5005278587341309 710
0.5049707889556885 710
0.5087275505065918 709
0.513159990310669 709
0.5166845321655273 710
0.5227155685424805 709
0.5262846946716309 708
0.5300326347351074 708
0.5364105701446533 711
0.5402069091796875 714
0.5446996688842773 711
0.5483324527740479 711
0.5528960227966309 709
0.55867600440979 707
0.5629792213439941 708
0.5665285587310791 709
0.5703859329223633 713
0.575080156326294 712
0.580679178237915 709
0.5851619243621826 707
0.5889194011688232 708
0.5967705249786377 708
0.6005573272705078 712
0.6054196357727051 715
0.6120061874389648 712
0.6160571575164795 713
0.6197633743286133 713
0.6244430541992188 711
0.6300694942474365 707
0.634606122970581 711
0.6381785869598389 710
0.6428163051605225 712
0.6464273929595947 713
0.652503490447998 710
0.6560835838317871 711
0.659813404083252 708
0.666090726852417 711
0.6698362827301025 710
0.6746230125427246 714
0.6781966686248779 713
0.6827034950256348 714
0.6884369850158691 705
0.6928122043609619 708
0.6963992118835449 709
0.7001526355743408 710
0.7046184539794922 708
0.7102921009063721 712
0.7147200107574463 714
0.7183430194854736 713
0.7227401733398438 709
0.7284145355224609 710
0.7329685688018799 714
0.7365326881408691 712
0.7403039932250977 712
0.7447283267974854 714
0.7503368854522705 709
0.754819393157959 709
0.7584812641143799 709
0.7628650665283203 708
0.7664458751678467 712
0.7726743221282959 711
0.776259183883667 715
0.7799999713897705 714
0.786482572555542 711
0.7902741432189941 711
0.7948720455169678 710
0.7986154556274414 709
0.8029129505157471 712
0.8086943626403809 717
0.8129725456237793 712
0.8165369033813477 710
0.8202946186065674 709
0.8247196674346924 708
0.8303496837615967 707
0.8348543643951416 709
0.8385932445526123 710
0.8429605960845947 713
0.8465168476104736 714
0.8527073860168457 712
0.856299638748169 710
0.8600428104400635 708
0.8662824630737305 708
0.8700358867645264 710
0.8745377063751221 714
0.8780970573425293 715
0.8825552463531494 714
0.8883085250854492 709
0.8926937580108643 710
0.8962643146514893 708
0.900000810623169 709
0.9046337604522705 712
0.9148201942443848 712
0.9185924530029297 712
0.9228897094726562 708
0.9264576435089111 710
0.9302079677581787 710
0.9346969127655029 711
0.9383549690246582 713
0.9427201747894287 713
0.9463090896606445 713
0.9500677585601807 712
0.9545576572418213 711
0.9581382274627686 709
0.9626104831695557 709
0.9682109355926514 714
0.9729125499725342 711
0.9764678478240967 710
0.9802145957946777 712
0.9847204685211182 712
0.9903154373168945 709
0.9986979961395264 710
