0 0 
0.003117799758911133 0
0.006623268127441406 0
0.010335206985473633 0
0.01496267318725586 2
0.01875782012939453 37
0.02791309356689453 18
0.03349471092224121 176
0.03930521011352539 46
0.04390144348144531 229
0.04876399040222168 263
0.05303359031677246 278
0.05882859230041504 303
0.06315207481384277 326
0.06668972969055176 347
0.07043099403381348 364
0.07508134841918945 386
0.0811460018157959 398
0.08697056770324707 412
0.0907444953918457 435
0.0980219841003418 445
0.10254740715026855 468
0.10820293426513672 479
0.11270856857299805 486
0.11629080772399902 493
0.1200406551361084 496
0.1265239715576172 505
0.13031530380249023 515
0.13493585586547852 522
0.1386728286743164 528
0.14296293258666992 537
0.14879894256591797 547
0.15329766273498535 549
0.1568453311920166 554
0.16061997413635254 558
0.16509294509887695 560
0.17117714881896973 563
0.17528176307678223 567
0.1790332794189453 567
0.1833024024963379 572
0.19004058837890625 582
0.19781827926635742 584
0.20212078094482422 587
0.20609283447265625 587
0.20985913276672363 589
0.21451973915100098 591
0.2201550006866455 592
0.2246713638305664 593
0.22832918167114258 598
0.2327733039855957 599
0.23632311820983887 601
0.2429356575012207 602
0.24648094177246094 602
0.25023913383483887 604
0.25487732887268066 602
0.25862741470336914 603
0.26456165313720703 603
0.26816868782043457 606
0.27271294593811035 607
0.27861905097961426 609
0.28311705589294434 611
0.28667330741882324 612
0.2904374599456787 610
0.29488468170166016 610
0.30209827423095703 613
0.305905818939209 613
0.30942583084106445 616
0.31432414054870605 616
0.31996631622314453 616
0.3244898319244385 616
0.32805466651916504 613
0.3325791358947754 612
0.33615565299987793 612
0.34205102920532227 616
0.3459017276763916 619
0.349407434463501 619
0.3560357093811035 619
0.35984206199645996 619
0.3643381595611572 618
0.3679227828979492 617
0.3721916675567627 615
0.3781886100769043 622
0.38273119926452637 620
0.3862762451171875 622
0.3900783061981201 621
0.39461302757263184 621
0.40028882026672363 621
0.40476059913635254 620
0.4084491729736328 619
0.4130589962005615 614
0.4166257381439209 621
0.42325878143310547 619
0.4268193244934082 620
0.4305734634399414 624
0.4351985454559326 623
0.43895864486694336 620
0.44481778144836426 620
0.44860291481018066 621
0.452930212020874 620
0.45873045921325684 620
0.4630098342895508 622
0.46659183502197266 622
0.47037506103515625 624
0.47490429878234863 621
0.48053812980651855 621
0.48500847816467285 619
0.48877525329589844 615
0.4933488368988037 620
0.4968993663787842 621
0.503455400466919 625
0.5070278644561768 625
0.5107617378234863 624
0.5152816772460938 624
0.5190308094024658 621
0.5248613357543945 617
0.5285944938659668 619
0.5329430103302002 621
0.5387508869171143 623
0.5431876182556152 621
0.5467650890350342 626
0.5505094528198242 624
0.5551464557647705 623
0.5607571601867676 619
0.5652370452880859 620
0.568962574005127 618
0.5732302665710449 622
0.5790212154388428 620
0.583376407623291 625
0.5869340896606445 624
0.5953075885772705 622
0.5990862846374512 621
0.6041440963745117 618
0.609853982925415 622
0.6146290302276611 621
0.618344783782959 622
0.6227357387542725 621
0.6284184455871582 621
0.6328065395355225 621
0.6363742351531982 621
0.640129566192627 623
0.6446270942687988 622
0.6502974033355713 623
0.6547517776489258 621
0.6583895683288574 626
0.6627790927886963 624
0.6663491725921631 620
0.6721796989440918 623
0.6761970520019531 621
0.6799633502960205 617
0.6863822937011719 619
0.6901946067810059 623
0.6946609020233154 623
0.6983273029327393 625
0.7027149200439453 625
0.7084393501281738 623
0.7128186225891113 623
0.7164196968078613 618
0.7201929092407227 617
0.7246589660644531 615
0.7302885055541992 619
0.7349197864532471 626
0.7386507987976074 623
0.7429502010345459 626
0.746490478515625 626
0.7530477046966553 621
0.7566149234771729 620
0.7603693008422852 620
0.7648715972900391 618
0.7685763835906982 621
0.7744603157043457 622
0.7780280113220215 626
0.7824902534484863 625
0.7881276607513428 625
0.7927780151367188 619
0.7964837551116943 618
0.800229549407959 620
0.8048644065856934 619
0.8104853630065918 624
0.8149676322937012 626
0.8187379837036133 623
0.8230438232421875 626
0.8266282081604004 622
0.8331832885742188 621
0.836735725402832 618
0.8404760360717773 617
0.8449492454528809 619
0.8486979007720947 620
0.8547658920288086 621
0.8584511280059814 623
0.8647439479827881 624
0.8684408664703369 621
0.8728172779083252 620
0.8764111995697021 620
0.8802101612091064 622
0.8865325450897217 621
0.8903145790100098 625
0.8947570323944092 625
0.898404598236084 621
0.9027881622314453 622
0.9086055755615234 621
0.9130971431732178 618
0.916651725769043 618
0.9204940795898438 623
0.9249835014343262 626
0.9306418895721436 624
0.9352695941925049 624
0.939030647277832 622
0.943324089050293 622
0.9468441009521484 619
0.9534018039703369 622
0.9569456577301025 619
0.9606866836547852 622
0.9651474952697754 624
0.9689292907714844 625
0.9749290943145752 626
0.9787001609802246 626
0.9829771518707275 621
0.9931693077087402 623
0.9967625141143799 624
