0 0 
0.0028467178344726562 0
0.0076215267181396484 3
0.01215052604675293 3
0.015622377395629883 3
0.020155668258666992 3
0.02610158920288086 8
0.030337810516357422 21
0.03426814079284668 77
0.03804636001586914 77
0.0426633358001709 41
0.047292470932006836 101
0.053292274475097656 149
0.05701160430908203 165
0.06151413917541504 178
0.06730771064758301 197
0.07157111167907715 190
0.07518243789672852 200
0.07894325256347656 215
0.08343124389648438 225
0.09078788757324219 237
0.09437155723571777 242
0.09815430641174316 250
0.10268068313598633 256
0.10831689834594727 262
0.11281752586364746 267
0.11655116081237793 270
0.12110137939453125 274
0.1246650218963623 274
0.13085722923278809 283
0.134443998336792 288
0.13822221755981445 291
0.14462518692016602 297
0.14839768409729004 298
0.15288424491882324 299
0.15653228759765625 302
0.1609821319580078 303
0.16684198379516602 309
0.1711575984954834 314
0.1785745620727539 315
0.183333158493042 314
0.18705201148986816 317
0.19310283660888672 316
0.1968703269958496 316
0.20132112503051758 317
0.2071535587310791 321
0.21144556999206543 320
0.21508574485778809 318
0.21884632110595703 321
0.22333860397338867 324
0.22938251495361328 321
0.23348641395568848 323
0.2372422218322754 324
0.24167704582214355 326
0.2453596591949463 328
0.2520582675933838 330
0.25554370880126953 331
0.2599818706512451 331
0.26397156715393066 330
0.26752543449401855 331
0.273388147354126 328
0.27713632583618164 330
0.2814638614654541 326
0.28728723526000977 329
0.29158568382263184 327
0.29514431953430176 326
0.29888129234313965 327
0.3035259246826172 330
0.3101310729980469 329
0.3136558532714844 332
0.3174300193786621 332
0.32198023796081543 334
0.3275439739227295 333
0.3322935104370117 334
0.3359382152557373 333
0.34023404121398926 333
0.3440089225769043 332
0.35039258003234863 330
0.3541855812072754 334
0.3576619625091553 332
0.36255717277526855 331
0.36614418029785156 333
0.3720734119415283 333
0.3755826950073242 333
0.3800497055053711 334
0.385911226272583 336
0.390183687210083 334
0.3941383361816406 332
0.39765405654907227 335
0.4024834632873535 334
0.40814852714538574 334
0.4126315116882324 332
0.41620612144470215 334
0.4208855628967285 332
0.4244716167449951 333
0.43105268478393555 333
0.43462657928466797 332
0.4383962154388428 334
0.4428596496582031 334
0.4465138912200928 333
0.452411413192749 333
0.4560515880584717 333
0.4624772071838379 335
0.4660909175872803 335
0.4703688621520996 335
0.4741246700286865 337
0.47762465476989746 336
0.48451662063598633 336
0.48833155632019043 333
0.4928290843963623 336
0.4963948726654053 334
0.5008556842803955 332
0.5065643787384033 332
0.5109896659851074 330
0.5146844387054443 332
0.518456220626831 333
0.5230667591094971 334
0.5286839008331299 334
0.5331549644470215 335
0.536907434463501 337
0.5413157939910889 335
0.544874906539917 335
0.5508995056152344 337
0.5544734001159668 338
0.5582230091094971 334
0.5644698143005371 334
0.5682218074798584 335
0.5728156566619873 330
0.5811231136322021 332
0.5846836566925049 333
0.5914351940155029 332
0.5949840545654297 336
0.600867509841919 335
0.6044590473175049 337
0.6102838516235352 333
0.6140944957733154 333
0.6176104545593262 335
0.6241967678070068 334
0.6279592514038086 334
0.6323966979980469 337
0.6360528469085693 335
0.6403224468231201 335
0.6461315155029297 332
0.6507790088653564 332
0.654421329498291 331
0.6581540107727051 332
0.6628291606903076 332
0.6684620380401611 336
0.6729226112365723 334
0.6767535209655762 336
0.6810860633850098 335
0.684638500213623 337
0.6911637783050537 335
0.6947505474090576 335
0.6984901428222656 336
0.7029411792755127 333
0.7066118717193604 334
0.7125635147094727 333
0.7161271572113037 331
0.7207479476928711 329
0.7265074253082275 332
0.7308955192565918 333
0.734443187713623 334
0.7381763458251953 335
0.7427434921264648 338
0.7483844757080078 337
0.7528846263885498 336
0.7565212249755859 336
0.7609117031097412 336
0.7665972709655762 333
0.7710230350494385 335
0.7745966911315918 332
0.7783427238464355 334
0.7830357551574707 333
0.7887601852416992 331
0.7932603359222412 333
0.7969818115234375 334
0.8013231754302979 333
0.8048546314239502 334
0.810854434967041 334
0.8144185543060303 334
0.818148136138916 335
0.8245060443878174 337
0.8283100128173828 335
0.8328204154968262 335
0.8365375995635986 336
0.8410964012145996 334
0.8468725681304932 333
0.8511619567871094 334
0.8547148704528809 335
0.8584818840026855 332
0.8629789352416992 332
0.8686254024505615 332
0.8730814456939697 332
0.876821756362915 332
0.8811354637145996 335
0.8847026824951172 335
0.8907392024993896 334
0.8943326473236084 336
0.8980748653411865 335
0.9039633274078369 334
0.9074642658233643 337
0.912409782409668 335
0.9180934429168701 335
0.9225738048553467 337
0.9261443614959717 333
0.9303901195526123 332
0.9361965656280518 333
0.9407320022583008 334
0.9443635940551758 330
0.9481117725372314 334
0.9525918960571289 332
0.9582130908966064 335
0.9629120826721191 336
0.9665405750274658 337
0.9709482192993164 336
0.9745388031005859 335
0.9848909378051758 333
0.9886431694030762 333
0.9932456016540527 333
0.9969792366027832 332
