0 0 
0.002590656280517578 0
0.006868839263916016 0
0.010360956192016602 2
0.014090299606323242 2
0.018829822540283203 7
0.022551536560058594 16
0.0289156436920166 19
0.03740382194519043 33
0.04096531867980957 130
0.04540848731994629 186
0.05006718635559082 196
0.05677914619445801 210
0.060329437255859375 225
0.06407737731933594 243
0.06878161430358887 267
0.07478928565979004 280
0.07935047149658203 289
0.08288192749023438 290
0.087432861328125 301
0.0908651351928711 315
0.09756994247436523 324
0.10108470916748047 331
0.10558032989501953 341
0.1093437671661377 347
0.11287546157836914 358
0.12015295028686523 361
0.12396907806396484 372
0.13031888008117676 375
0.13409638404846191 381
0.13874554634094238 385
0.14248347282409668 389
0.1468358039855957 396
0.1526496410369873 396
0.15694546699523926 398
0.1605052947998047 401
0.16429901123046875 404
0.16879701614379883 408
0.17480111122131348 412
0.1789100170135498 412
0.18268084526062012 415
0.18697381019592285 416
0.19551849365234375 420
0.2016434669494629 422
0.20634984970092773 420
0.20993518829345703 423
0.21370959281921387 424
0.21845364570617676 424
0.22409629821777344 427
0.2286374568939209 430
0.23238492012023926 433
0.23675131797790527 430
0.24030280113220215 435
0.24699091911315918 436
0.25055789947509766 435
0.25431036949157715 436
0.2589545249938965 434
0.26268839836120605 433
0.2674589157104492 433
0.2730984687805176 434
0.2777726650238037 431
0.2814180850982666 433
0.28566575050354004 440
0.2914769649505615 438
0.29617953300476074 439
0.29980993270874023 441
0.30356431007385254 442
0.3082447052001953 439
0.3124983310699463 441
0.3197932243347168 439
0.32360172271728516 436
0.3281092643737793 437
0.3316936492919922 437
0.3362414836883545 439
0.3419525623321533 440
0.34637999534606934 439
0.34995007514953613 442
0.3537423610687256 442
0.35822534561157227 442
0.3638572692871094 441
0.368358850479126 442
0.3719971179962158 440
0.3765754699707031 440
0.3801419734954834 437
0.3862173557281494 440
0.3898162841796875 441
0.39357757568359375 439
0.3998301029205322 441
0.4036140441894531 446
0.40825819969177246 443
0.41196346282958984 440
0.4163703918457031 443
0.42221498489379883 442
0.42656469345092773 441
0.43015241622924805 440
0.4339141845703125 440
0.4385097026824951 439
0.44413256645202637 441
0.4486250877380371 443
0.45238566398620605 443
0.45671558380126953 444
0.46027493476867676 446
0.46682238578796387 441
0.47041869163513184 442
0.47417283058166504 442
0.47865867614746094 439
0.4824192523956299 440
0.48839235305786133 437
0.4920988082885742 438
0.4973762035369873 439
0.5008323192596436 441
0.5069334506988525 444
0.5104804039001465 444
0.5142278671264648 444
0.5205986499786377 444
0.5243618488311768 443
0.528857946395874 443
0.5325753688812256 441
0.5368499755859375 441
0.5426571369171143 442
0.5469510555267334 440
0.5504956245422363 438
0.5542411804199219 441
0.5588698387145996 442
0.5654280185699463 441
0.5689921379089355 445
0.572779655456543 444
0.5773682594299316 446
0.5806562900543213 443
0.5867197513580322 442
0.5930304527282715 439
0.5988633632659912 441
0.6053967475891113 441
0.6093544960021973 443
0.6128976345062256 445
0.6178255081176758 447
0.6235504150390625 444
0.6280925273895264 445
0.6316664218902588 443
0.6363227367401123 444
0.6399075984954834 444
0.6457223892211914 443
0.6495215892791748 443
0.6530377864837646 441
0.6596293449401855 441
0.6634078025817871 441
0.6678149700164795 443
0.6714801788330078 444
0.6757290363311768 444
0.6819403171539307 444
0.6863651275634766 443
0.6898963451385498 444
0.6936361789703369 442
0.6982252597808838 444
0.7038891315460205 445
0.7083587646484375 443
0.7120003700256348 441
0.716376781463623 440
0.7199239730834961 443
0.725712776184082 443
0.7295403480529785 441
0.7330551147460938 444
0.7389640808105469 447
0.7427244186401367 445
0.7470247745513916 445
0.7528092861175537 445
0.7573890686035156 444
0.7608015537261963 441
0.7647607326507568 442
0.7690436840057373 442
0.7756156921386719 441
0.7793941497802734 444
0.7828943729400635 447
0.7874641418457031 447
0.7910685539245605 446
0.7980189323425293 446
0.8016016483306885 445
0.8060510158538818 443
0.8096513748168945 441
0.814824104309082 438
0.8189797401428223 439
0.8227238655090332 444
0.8270232677459717 444
0.8328649997711182 445
0.8373832702636719 446
0.840808629989624 447
0.8448047637939453 445
0.8488492965698242 445
0.8548543453216553 444
0.8590779304504395 442
0.8628311157226562 442
0.8673651218414307 441
0.8729393482208252 442
0.8775286674499512 443
0.8810315132141113 448
0.8854978084564209 444
0.8890402317047119 445
0.8956468105316162 447
0.8996067047119141 445
0.9033544063568115 443
0.9077894687652588 443
0.9114127159118652 443
0.9175472259521484 442
0.9210541248321533 443
0.9255483150482178 441
0.9314141273498535 442
0.9356942176818848 443
0.9394853115081787 445
0.9429969787597656 445
0.9475700855255127 449
0.953096866607666 449
0.9579277038574219 445
0.961510181427002 445
0.9657900333404541 444
0.9695801734924316 441
0.9763057231903076 440
0.9798955917358398 442
0.9836621284484863 439
0.9882247447967529 444
0.9966423511505127 443
