0 0 
0.002591371536254883 0
0.007988214492797852 0
0.011514902114868164 0
0.01573634147644043 -2
0.02092432975769043 -2
0.025855541229248047 -2
0.03162264823913574 -6
0.040027618408203125 -6
0.0438542366027832 -6
0.048473358154296875 -6
0.05223894119262695 -12
0.05695652961730957 -24
0.06276750564575195 -43
0.06746435165405273 -43
0.07169175148010254 -60
0.07648682594299316 -60
0.08014035224914551 -77
0.08665347099304199 -80
0.0902562141418457 -80
0.09404134750366211 -83
0.09868049621582031 -83
0.1024465560913086 -91
0.10828685760498047 -91
0.11196231842041016 -92
0.11796259880065918 -94
0.12165546417236328 -97
0.12612342834472656 -98
0.13171696662902832 -96
0.13622307777404785 -98
0.1398165225982666 -98
0.1435527801513672 -100
0.1480252742767334 -104
0.15366220474243164 -105
0.15832734107971191 -105
0.16199254989624023 -108
0.16645503044128418 -108
0.17003536224365234 -108
0.17664861679077148 -110
0.18024373054504395 -110
0.18402361869812012 -110
0.1885218620300293 -110
0.19226932525634766 -110
0.19813299179077148 -110
0.20170044898986816 -111
0.20621895790100098 -112
0.2120053768157959 -112
0.21665310859680176 -112
0.22025346755981445 -112
0.22403407096862793 -112
0.2285294532775879 -113
0.23417448997497559 -113
0.23865103721618652 -113
0.24242377281188965 -113
0.2469182014465332 -112
0.250469446182251 -112
0.2570021152496338 -112
0.26053738594055176 -113
0.26432061195373535 -113
0.2688300609588623 -112
0.27257251739501953 -111
0.27857494354248047 -111
0.2823495864868164 -113
0.2886006832122803 -113
0.29239392280578613 -112
0.29666638374328613 -112
0.3002443313598633 -112
0.3039736747741699 -113
0.31032633781433105 -113
0.31409621238708496 -112
0.31855177879333496 -112
0.3223283290863037 -111
0.3266334533691406 -113
0.3325386047363281 -113
0.33702993392944336 -112
0.3405923843383789 -112
0.34432101249694824 -112
0.34879016876220703 -114
0.35488057136535645 -113
0.3589785099029541 -113
0.3627448081970215 -113
0.3670487403869629 -113
0.3706090450286865 -114
0.3768000602722168 -114
0.3803834915161133 -113
0.38411808013916016 -113
0.3905026912689209 -114
0.39427685737609863 -115
0.39890003204345703 -115
0.40273451805114746 -115
0.40703463554382324 -115
0.41290760040283203 -116
0.4174785614013672 -117
0.4209117889404297 -117
0.42491745948791504 -118
0.42899155616760254 -116
0.43948936462402344 -117
0.44301724433898926 -115
0.4478797912597656 -116
0.4515211582183838 -116
0.4564690589904785 -116
0.4623584747314453 -113
0.46681690216064453 -114
0.470365047454834 -114
0.47410058975219727 -113
0.4785447120666504 -113
0.4841921329498291 -113
0.4887197017669678 -113
0.4924945831298828 -114
0.49678897857666016 -113
0.5003252029418945 -113
0.5065140724182129 -113
0.5101044178009033 -113
0.513857364654541 -113
0.5197498798370361 -113
0.5235395431518555 -112
0.5280323028564453 -112
0.5336668491363525 -112
0.5382392406463623 -112
0.5418331623077393 -112
0.5463051795959473 -113
0.5520119667053223 -112
0.5564322471618652 -112
0.5600178241729736 -113
0.5637943744659424 -113
0.5682640075683594 -113
0.5739305019378662 -114
0.5786740779876709 -114
0.5824692249298096 -115
0.5926108360290527 -114
0.5969278812408447 -114
0.6027135848999023 -115
0.6070148944854736 -115
0.6105670928955078 -115
0.6144013404846191 -114
0.6189084053039551 -114
0.6249017715454102 -116
0.628995418548584 -116
0.6327335834503174 -116
0.6374683380126953 -116
0.6409265995025635 -115
0.6468324661254883 -115
0.6503880023956299 -116
0.6541414260864258 -117
0.6605021953582764 -116
0.6642937660217285 -116
0.6687664985656738 -116
0.6725015640258789 -115
0.6768031120300293 -117
0.6826708316802979 -117
0.686997652053833 -115
0.6905403137207031 -114
0.6943018436431885 -114
0.6989762783050537 -114
0.7055466175079346 -114
0.7090950012207031 -113
0.7128417491912842 -112
0.7171547412872314 -112
0.7208418846130371 -113
0.7267746925354004 -112
0.7303214073181152 -112
0.7340681552886963 -112
0.7403068542480469 -112
0.7476727962493896 -112
0.7514324188232422 -113
0.7557055950164795 -112
0.7616863250732422 -113
0.7663736343383789 -113
0.7699477672576904 -113
0.7737216949462891 -113
0.7782177925109863 -113
0.7838616371154785 -113
0.7883617877960205 -113
0.7920043468475342 -114
0.7965288162231445 -113
0.8001081943511963 -113
0.8061590194702148 -114
0.8097481727600098 -114
0.8135387897491455 -114
0.8194243907928467 -115
0.8229501247406006 -115
0.8275151252746582 -114
0.8330609798431396 -114
0.8416121006011963 -114
0.846224308013916 -115
0.8498325347900391 -115
0.8555905818939209 -114
0.8595836162567139 -115
0.8631083965301514 -116
0.8699030876159668 -116
0.8737015724182129 -116
0.8783643245697021 -117
0.8820176124572754 -117
0.8864040374755859 -117
0.892075777053833 -116
0.8966450691223145 -116
0.9002459049224854 -116
0.9055027961730957 -114
0.9090597629547119 -114
0.9157001972198486 -112
0.9194958209991455 -112
0.9230520725250244 -113
0.9278621673583984 -113
0.9315292835235596 -113
0.9367825984954834 -112
0.9403624534606934 -114
0.944119930267334 -114
0.9485883712768555 -112
0.95237135887146 -112
0.9566230773925781 -113
0.9601974487304688 -113
0.9656293392181396 -112
0.9694526195526123 -112
0.9729642868041992 -113
0.9775214195251465 -113
0.9810690879821777 -113
0.9855194091796875 -113
0.9890789985656738 -113
0.9928510189056396 -113
0.9975783824920654 -113
