0 0 
0.0048770904541015625 0
0.008647680282592773 -2
0.013542652130126953 -2
0.01753091812133789 -2
0.022150278091430664 -18
0.02805805206298828 -59
0.032553911209106445 -13
0.036148786544799805 -37
0.03998517990112305 -141
0.04443693161010742 -166
0.05005598068237305 -225
0.0545198917388916 -246
0.058090925216674805 -280
0.0627748966217041 -278
0.0663597583770752 -322
0.07293009757995605 -342
0.0765681266784668 -353
0.08035922050476074 -372
0.08483457565307617 -389
0.08852553367614746 -398
0.0944986343383789 -412
0.09806084632873535 -425
0.10251045227050781 -441
0.1082158088684082 -451
0.11271333694458008 -461
0.11638021469116211 -466
0.12016749382019043 -475
0.12483930587768555 -487
0.13053011894226074 -492
0.13505291938781738 -499
0.13883686065673828 -505
0.14317536354064941 -511
0.14673352241516113 -522
0.15329527854919434 -527
0.15686464309692383 -530
0.16066980361938477 -531
0.16516470909118652 -534
0.16889142990112305 -535
0.17475032806396484 -539
0.17841362953186035 -545
0.18341898918151855 -552
0.1908109188079834 -558
0.19754910469055176 -562
0.20206785202026367 -559
0.20604896545410156 -563
0.20954680442810059 -560
0.2145366668701172 -563
0.22022080421447754 -569
0.22470879554748535 -570
0.22838091850280762 -567
0.2328040599822998 -571
0.23635578155517578 -575
0.24307012557983398 -574
0.2466742992401123 -579
0.25048232078552246 -578
0.25513768196105957 -573
0.25887441635131836 -574
0.2647368907928467 -581
0.26844120025634766 -580
0.2728424072265625 -588
0.2787332534790039 -584
0.28304433822631836 -583
0.28664112091064453 -584
0.29039669036865234 -582
0.2948453426361084 -582
0.3005208969116211 -583
0.305159330368042 -583
0.30892038345336914 -585
0.3132190704345703 -586
0.31676435470581055 -588
0.32332849502563477 -589
0.32687854766845703 -589
0.33072590827941895 -589
0.3352317810058594 -584
0.3390049934387207 -587
0.3448798656463623 -588
0.3486628532409668 -585
0.35321807861328125 -589
0.35903334617614746 -591
0.3635430335998535 -589
0.36728858947753906 -591
0.37128734588623047 -587
0.37539148330688477 -588
0.38195252418518066 -588
0.38591933250427246 -586
0.38947033882141113 -591
0.3940701484680176 -589
0.39780378341674805 -592
0.4035344123840332 -594
0.4072721004486084 -593
0.4112997055053711 -589
0.41747570037841797 -586
0.422029972076416 -590
0.42596435546875 -591
0.42948412895202637 -592
0.4340660572052002 -591
0.43982362747192383 -596
0.44425511360168457 -594
0.4479212760925293 -593
0.45223045349121094 -591
0.45806431770324707 -590
0.46262526512145996 -587
0.46622610092163086 -588
0.46997880935668945 -590
0.4744551181793213 -589
0.48012518882751465 -595
0.4849355220794678 -591
0.4886970520019531 -590
0.493030309677124 -592
0.4966001510620117 -592
0.5026412010192871 -590
0.506270170211792 -592
0.510047435760498 -594
0.5165650844573975 -594
0.5203511714935303 -596
0.5248527526855469 -596
0.5285308361053467 -595
0.5329272747039795 -591
0.5387945175170898 -589
0.5433342456817627 -589
0.5468790531158447 -587
0.5506234169006348 -591
0.5550920963287354 -595
0.5607659816741943 -592
0.565281867980957 -594
0.569044828414917 -595
0.5734119415283203 -594
0.576991081237793 -588
0.5830118656158447 -587
0.5894768238067627 -593
0.5951261520385742 -594
0.6007659435272217 -595
0.6055324077606201 -593
0.6093137264251709 -592
0.6140398979187012 -594
0.6198012828826904 -592
0.6244168281555176 -585
0.6280062198638916 -592
0.632469654083252 -591
0.6360659599304199 -594
0.6412646770477295 -592
0.6458771228790283 -593
0.6494231224060059 -592
0.6560883522033691 -590
0.6598896980285645 -591
0.6646039485931396 -585
0.6681833267211914 -587
0.6726710796356201 -591
0.6785118579864502 -592
0.6829438209533691 -593
0.6865298748016357 -595
0.6902844905853271 -596
0.6947832107543945 -591
0.7004172801971436 -590
0.7049543857574463 -589
0.7087209224700928 -592
0.7130484580993652 -594
0.7166318893432617 -590
0.7228262424468994 -593
0.7264349460601807 -595
0.7301952838897705 -590
0.7365951538085938 -592
0.7404153347015381 -592
0.7449278831481934 -589
0.7486696243286133 -589
0.752988338470459 -593
0.7587704658508301 -594
0.7630674839019775 -596
0.7666511535644531 -593
0.7704813480377197 -592
0.7751386165618896 -593
0.78078293800354 -587
0.7854478359222412 -590
0.789313554763794 -592
0.7938563823699951 -590
0.797321081161499 -592
0.8032422065734863 -593
0.8068046569824219 -592
0.8105549812316895 -595
0.816842794418335 -591
0.8205835819244385 -591
0.8250589370727539 -590
0.8288600444793701 -590
0.8332028388977051 -590
0.8390419483184814 -595
0.8435549736022949 -594
0.8472738265991211 -595
0.8512763977050781 -596
0.855402946472168 -594
0.8619472980499268 -589
0.8655011653900146 -591
0.8692703247070312 -588
0.8738470077514648 -587
0.8773317337036133 -594
0.884040117263794 -594
0.8877782821655273 -594
0.8920762538909912 -595
0.895885705947876 -592
0.8993954658508301 -589
0.9054415225982666 -588
0.909207820892334 -588
0.9157998561859131 -590
0.9193394184112549 -591
0.9239161014556885 -592
0.9274392127990723 -595
0.9318833351135254 -594
0.9377892017364502 -591
0.9420738220214844 -590
0.9459764957427979 -585
0.9495041370391846 -589
0.9541914463043213 -588
0.9590415954589844 -592
0.9630734920501709 -593
0.9669504165649414 -592
0.9728069305419922 -593
0.9769644737243652 -592
0.9831879138946533 -584
0.9908032417297363 -584
0.9963598251342773 -592
