0 0 
0.0026221275329589844 0
0.0074079036712646484 3
0.012008905410766602 3
0.015506982803344727 8
0.020023822784423828 19
0.025960922241210938 13
0.030247211456298828 22
0.03423309326171875 139
0.03805232048034668 57
0.042862892150878906 196
0.0470736026763916 258
0.05300617218017578 286
0.05674314498901367 298
0.0626065731048584 311
0.06616830825805664 334
0.07071232795715332 366
0.07653284072875977 384
0.08095169067382812 396
0.08455586433410645 399
0.08834576606750488 421
0.09468817710876465 428
0.09845614433288574 445
0.10310649871826172 455
0.10686492919921875 469
0.11117720603942871 482
0.11705303192138672 493
0.12153339385986328 498
0.12510299682617188 504
0.12886524200439453 511
0.13336467742919922 517
0.1399383544921875 522
0.1435258388519287 528
0.14730334281921387 530
0.15159869194030762 537
0.15515995025634766 541
0.16147279739379883 549
0.16502976417541504 553
0.16880583763122559 558
0.17534327507019043 562
0.17937660217285156 561
0.1834733486175537 564
0.18723392486572266 565
0.19158935546875 571
0.19741153717041016 571
0.20198774337768555 578
0.20551323890686035 582
0.21005749702453613 585
0.21362709999084473 588
0.2202754020690918 591
0.2242743968963623 585
0.22803401947021484 585
0.2324991226196289 585
0.23606514930725098 589
0.24197673797607422 594
0.24552035331726074 594
0.25085878372192383 597
0.25448083877563477 597
0.2605464458465576 596
0.2642395496368408 594
0.26800966262817383 597
0.27438950538635254 599
0.2782304286956787 599
0.28289294242858887 601
0.28658342361450195 602
0.2909529209136963 604
0.29679179191589355 604
0.30110764503479004 604
0.3047165870666504 605
0.3084433078765869 597
0.3128962516784668 601
0.31859874725341797 602
0.3231077194213867 604
0.32695841789245605 606
0.3349733352661133 609
0.33876466751098633 606
0.3446657657623291 605
0.34841036796569824 605
0.35491466522216797 605
0.35870862007141113 604
0.36336398124694824 608
0.3671112060546875 612
0.3714451789855957 611
0.37723612785339355 612
0.3820078372955322 613
0.3855106830596924 610
0.3899838924407959 609
0.393540620803833 607
0.4001917839050293 608
0.40423083305358887 609
0.40798091888427734 610
0.4124906063079834 615
0.4160647392272949 613
0.4219815731048584 611
0.42549848556518555 609
0.4299466609954834 609
0.43561673164367676 608
0.440143346786499 610
0.4439425468444824 611
0.44750094413757324 613
0.45209312438964844 615
0.4578862190246582 615
0.4625682830810547 610
0.4661540985107422 608
0.47062158584594727 608
0.47422337532043457 611
0.48087072372436523 609
0.48453450202941895 611
0.4882981777191162 614
0.4927973747253418 614
0.49645328521728516 610
0.5024335384368896 612
0.5060534477233887 609
0.5111477375030518 608
0.5147387981414795 608
0.520972490310669 613
0.5245654582977295 613
0.528339147567749 612
0.5347206592559814 611
0.5385034084320068 614
0.5429918766021729 610
0.5467395782470703 610
0.5510542392730713 609
0.5568358898162842 611
0.5611257553100586 613
0.5647246837615967 614
0.5684902667999268 612
0.5730283260345459 612
0.5786397457122803 612
0.5832765102386475 608
0.5870022773742676 608
0.5913097858428955 610
0.5948581695556641 611
0.6008963584899902 612
0.6044578552246094 612
0.6081745624542236 614
0.6144239902496338 612
0.6181788444519043 614
0.6227211952209473 610
0.6263134479522705 609
0.6308121681213379 612
0.636521577835083 609
0.6411154270172119 611
0.6447064876556396 610
0.648463249206543 613
0.6529541015625 610
0.6585993766784668 611
0.6631064414978027 612
0.6668708324432373 609
0.6712870597839355 610
0.6770544052124023 611
0.6813864707946777 616
0.6849386692047119 614
0.6886639595031738 613
0.6931166648864746 611
0.6987643241882324 610
0.7034246921539307 609
0.7071688175201416 608
0.7114822864532471 612
0.7150251865386963 613
0.721060037612915 614
0.724611759185791 614
0.7283554077148438 613
0.7375977039337158 612
0.742506742477417 611
0.7460808753967285 609
0.7509307861328125 611
0.756782054901123 612
0.7613434791564941 614
0.7649374008178711 614
0.7686915397644043 612
0.7733185291290283 615
0.7793216705322266 612
0.7834734916687012 610
0.7873070240020752 612
0.7916159629821777 611
0.7953124046325684 613
0.801995038986206 613
0.8054955005645752 616
0.8099546432495117 612
0.8139944076538086 611
0.8175086975097656 609
0.8235471248626709 607
0.8273003101348877 609
0.8315963745117188 611
0.8374223709106445 612
0.8419802188873291 614
0.8454055786132812 614
0.8507637977600098 615
0.8564629554748535 611
0.8608834743499756 612
0.8644323348999023 613
0.8681666851043701 610
0.872692346572876 612
0.8783025741577148 610
0.8829965591430664 616
0.8867294788360596 613
0.8910527229309082 613
0.8945906162261963 615
0.9007763862609863 610
0.9043707847595215 610
0.9081065654754639 613
0.9145991802215576 612
0.9183967113494873 614
0.9228684902191162 615
0.9265105724334717 614
0.9309248924255371 616
0.9367489814758301 612
0.9412524700164795 610
0.944791316986084 609
0.94852614402771 610
0.9530239105224609 613
0.9586303234100342 615
0.963109016418457 615
0.9668800830841064 617
0.971193790435791 613
0.9747672080993652 610
0.9813449382781982 612
0.9849064350128174 611
0.9886419773101807 609
0.9931378364562988 617
0.9969227313995361 614
