0 0 
0.004877567291259766 0
0.008499622344970703 0
0.012865543365478516 0
0.016547203063964844 -2
0.02041792869567871 -6
0.026787281036376953 -15
0.030651330947875977 -19
0.03514742851257324 -31
0.03895735740661621 -154
0.043303728103637695 -84
0.04909777641296387 -199
0.05339455604553223 -242
0.05695700645446777 -266
0.060689449310302734 -287
0.06536388397216797 -300
0.07146644592285156 -320
0.07604432106018066 -342
0.07956171035766602 -362
0.08415770530700684 -370
0.08785676956176758 -393
0.09347653388977051 -392
0.09701180458068848 -409
0.10082221031188965 -423
0.10717201232910156 -432
0.11134004592895508 -437
0.11550569534301758 -446
0.11926078796386719 -453
0.1259775161743164 -461
0.12959599494934082 -470
0.13418316841125488 -479
0.13791227340698242 -484
0.14218378067016602 -489
0.1479806900024414 -500
0.15234136581420898 -500
0.15612387657165527 -504
0.15993595123291016 -508
0.1643848419189453 -508
0.17009639739990234 -513
0.17463088035583496 -514
0.17819929122924805 -518
0.18286728858947754 -521
0.1893455982208252 -532
0.19620466232299805 -533
0.1999657154083252 -534
0.20475387573242188 -536
0.21042084693908691 -538
0.21517562866210938 -536
0.21894073486328125 -539
0.2232668399810791 -541
0.2268204689025879 -543
0.2333838939666748 -546
0.23696041107177734 -549
0.24069666862487793 -550
0.24535894393920898 -552
0.2490983009338379 -551
0.254974365234375 -549
0.2586486339569092 -549
0.26303958892822266 -547
0.2689237594604492 -551
0.2733042240142822 -556
0.2768571376800537 -554
0.2806262969970703 -559
0.2851428985595703 -559
0.29081273078918457 -557
0.29526519775390625 -554
0.29901123046875 -557
0.3034851551055908 -552
0.30704164505004883 -560
0.3146486282348633 -559
0.3182544708251953 -560
0.3228123188018799 -562
0.32642602920532227 -562
0.3327596187591553 -559
0.3364102840423584 -560
0.3401784896850586 -558
0.34655308723449707 -556
0.35036158561706543 -557
0.3548707962036133 -562
0.35855722427368164 -565
0.3631284236907959 -563
0.3689401149749756 -566
0.3732895851135254 -563
0.37685346603393555 -562
0.38060832023620605 -559
0.3850984573364258 -560
0.39228367805480957 -560
0.39609360694885254 -561
0.3996093273162842 -562
0.4044647216796875 -564
0.41011929512023926 -565
0.4146537780761719 -563
0.41825389862060547 -565
0.42290592193603516 -563
0.4264967441558838 -563
0.43233418464660645 -559
0.4361753463745117 -559
0.43990254402160645 -564
0.4463050365447998 -566
0.4501023292541504 -568
0.4545891284942627 -563
0.458162784576416 -566
0.46279168128967285 -562
0.4685230255126953 -561
0.4729499816894531 -559
0.47655653953552246 -560
0.4803128242492676 -560
0.4850301742553711 -567
0.49070239067077637 -563
0.4951927661895752 -565
0.49895644187927246 -566
0.503286600112915 -564
0.5068540573120117 -563
0.5127499103546143 -562
0.5163717269897461 -563
0.5231502056121826 -560
0.5267536640167236 -562
0.5305321216583252 -566
0.5352344512939453 -567
0.5408656597137451 -564
0.5455255508422852 -562
0.5492687225341797 -565
0.553574800491333 -559
0.5571000576019287 -559
0.563957929611206 -561
0.5674083232879639 -562
0.5714035034179688 -562
0.5755822658538818 -566
0.5793552398681641 -563
0.5852155685424805 -564
0.5935962200164795 -566
0.5976173877716064 -562
0.6047558784484863 -558
0.6083366870880127 -561
0.6129748821258545 -565
0.6165997982025146 -565
0.622711181640625 -565
0.6263003349304199 -571
0.6300473213195801 -567
0.6364281177520752 -562
0.640216588973999 -559
0.6447370052337646 -556
0.648364782333374 -561
0.6528432369232178 -561
0.6585736274719238 -567
0.6631536483764648 -569
0.6667492389678955 -570
0.6704773902893066 -565
0.674933910369873 -562
0.6807262897491455 -560
0.6852374076843262 -558
0.6889770030975342 -561
0.6932938098907471 -564
0.6968402862548828 -564
0.7029008865356445 -569
0.7065150737762451 -568
0.7103078365325928 -567
0.7165653705596924 -565
0.7203359603881836 -563
0.7250237464904785 -564
0.7287907600402832 -565
0.7331199645996094 -561
0.7389736175537109 -564
0.7433309555053711 -565
0.746884822845459 -570
0.7506177425384521 -567
0.755112886428833 -565
0.7607579231262207 -564
0.7652533054351807 -561
0.7689914703369141 -560
0.7733139991760254 -560
0.776862382888794 -562
0.7835886478424072 -562
0.7871572971343994 -564
0.7914035320281982 -567
0.7955408096313477 -567
0.7993106842041016 -568
0.8051457405090332 -568
0.8089210987091064 -563
0.8152041435241699 -561
0.818976879119873 -559
0.8233580589294434 -564
0.8269362449645996 -562
0.8306810855865479 -568
0.8370556831359863 -565
0.8408255577087402 -565
0.8454680442810059 -564
0.8492324352264404 -561
0.8539924621582031 -559
0.8595468997955322 -562
0.8641445636749268 -562
0.8678712844848633 -564
0.8721556663513184 -567
0.875957727432251 -567
0.8823201656341553 -569
0.8861193656921387 -566
0.8896224498748779 -565
0.8943359851837158 -562
0.8979806900024414 -560
0.9040477275848389 -561
0.9075400829315186 -563
0.9120383262634277 -566
0.9180245399475098 -564
0.9223411083221436 -568
0.9261322021484375 -564
0.9296355247497559 -565
0.9362607002258301 -560
0.9400861263275146 -561
0.9446065425872803 -558
0.9481887817382812 -561
0.9527063369750977 -563
0.958322286605835 -564
0.9630224704742432 -564
0.9666156768798828 -566
0.9703903198242188 -566
0.9748890399932861 -565
0.9805028438568115 -560
0.9851744174957275 -563
0.9932873249053955 -560
0.9968516826629639 -565
