0 0 
0.00258636474609375 0
0.008524894714355469 0
0.012235641479492188 0
0.016492605209350586 0
0.020055770874023438 0
0.026073455810546875 0
0.02957296371459961 0
0.033248186111450195 0
0.03876972198486328 0
0.042493343353271484 0
0.04714560508728027 0
0.052611589431762695 0
0.05746936798095703 0
0.06534433364868164 0
0.06935596466064453 0
0.07599759101867676 0
0.07957601547241211 0
0.0832974910736084 0
0.08783769607543945 0
0.09135031700134277 0
0.09713530540466309 0
0.10051798820495605 0
0.10408496856689453 0
0.11057114601135254 0
0.11448955535888672 0
0.11862564086914062 0
0.12233376502990723 0
0.12683582305908203 0
0.1326007843017578 0
0.13711762428283691 0
0.14052033424377441 0
0.14406323432922363 0
0.14851641654968262 0
0.15410971641540527 0
0.1585249900817871 0
0.1622753143310547 0
0.16651296615600586 0
0.1700289249420166 0
0.17652559280395508 0
0.18000555038452148 0
0.1837007999420166 0
0.1882920265197754 0
0.19196105003356934 0
0.1978015899658203 0
0.20128345489501953 0
0.2055046558380127 0
0.21136879920959473 0
0.21576595306396484 0
0.21928668022155762 0
0.2227334976196289 0
0.22727370262145996 0
0.2327883243560791 0
0.23730707168579102 0
0.24075698852539062 0
0.24513816833496094 0
0.2488081455230713 0
0.25537729263305664 0
0.25926971435546875 0
0.2628021240234375 0
0.26731061935424805 0
0.2707662582397461 0
0.2765328884124756 0
0.28000307083129883 0
0.28368353843688965 0
0.29001903533935547 0
0.29372739791870117 0
0.2981557846069336 0
0.3017544746398926 0
0.3062145709991455 0
0.3119661808013916 0
0.31631040573120117 0
0.31981396675109863 0
0.32360410690307617 0
0.3280599117279053 0
0.3336067199707031 0
0.33802032470703125 0
0.34153127670288086 0
0.34600138664245605 0
0.34949755668640137 0
0.35605573654174805 0
0.35956835746765137 0
0.3632493019104004 0
0.36782217025756836 0
0.3713700771331787 0
0.3771641254425049 0
0.3805427551269531 0
0.384091854095459 0
0.3907904624938965 0
0.3952798843383789 0
0.39878153800964355 0
0.40250587463378906 0
0.40677428245544434 0
0.41252970695495605 0
0.4212033748626709 0
0.4253957271575928 0
0.42937517166137695 0
0.4327971935272217 0
0.43784379959106445 0
0.44341349601745605 0
0.4480254650115967 0
0.45150065422058105 0
0.4559049606323242 0
0.46231675148010254 0
0.4683539867401123 0
0.47394299507141113 0
0.4785592555999756 0
0.4823455810546875 0
0.4871253967285156 0
0.490384578704834 0
0.4963655471801758 0
0.4998626708984375 0
0.5035426616668701 0
0.5098090171813965 0
0.5135223865509033 0
0.5180873870849609 0
0.5216641426086426 0
0.5259602069854736 0
0.5315372943878174 0
0.5359127521514893 0
0.5394134521484375 0
0.5430788993835449 0
0.5476794242858887 0
0.553231954574585 0
0.5576505661010742 0
0.5611546039581299 0
0.5653634071350098 0
0.5691604614257812 0
0.5754680633544922 0
0.5791842937469482 0
0.5826356410980225 0
0.5871179103851318 0
0.5903575420379639 0
0.5963201522827148 0
0.5998053550720215 0
0.6035096645355225 0
0.6093165874481201 0
0.6127545833587646 0
0.6172764301300049 0
0.6227614879608154 0
0.6272599697113037 0
0.6307063102722168 0
0.6345484256744385 0
0.6385641098022461 0
0.6444904804229736 0
0.6487224102020264 0
0.6523826122283936 0
0.6566214561462402 0
0.6601321697235107 0
0.6671199798583984 0
0.6703686714172363 0
0.6740696430206299 0
0.678473949432373 0
0.6821365356445312 0
0.6879639625549316 0
0.6914892196655273 0
0.6958882808685303 0
0.7014422416687012 0
0.7058486938476562 0
0.7093532085418701 0
0.7127723693847656 0
0.7172913551330566 0
0.7227761745452881 0
0.7275502681732178 0
0.7310986518859863 0
0.735285758972168 0
0.738753080368042 0
0.745269775390625 0
0.7487597465515137 0
0.7524361610412598 0
0.7566530704498291 0
0.7601277828216553 0
0.7661244869232178 0
0.7696077823638916 0
0.7734158039093018 0
0.7782280445098877 0
0.7837777137756348 0
0.7883949279785156 0
0.7920739650726318 0
0.7962806224822998 0
0.7997691631317139 0
0.8062853813171387 0
0.809762716293335 0
0.8134534358978271 0
0.8178799152374268 0
0.8213520050048828 0
0.8271176815032959 0
0.830345630645752 0
0.834043025970459 0
0.8403575420379639 0
0.8440682888031006 0
0.8486199378967285 0
0.8522951602935791 0
0.8577275276184082 0
0.8676965236663818 0
0.8711910247802734 0
0.8754041194915771 0
0.8792693614959717 0
0.8826968669891357 0
0.8877153396606445 0
0.8932693004608154 0
0.8976562023162842 0
0.9012713432312012 0
0.9054863452911377 0
0.911423921585083 0
0.9158804416656494 0
0.9194061756134033 0
0.9228100776672363 0
0.927300214767456 0
0.9307277202606201 0
0.9373106956481934 0
0.9407496452331543 0
0.9445977210998535 0
0.9486556053161621 0
0.9523482322692871 0
0.9581484794616699 0
0.9617640972137451 0
0.9676446914672852 0
0.971193790435791 0
0.9754371643066406 0
0.9811737537384033 0
0.9854369163513184 0
0.9891748428344727 0
0.9926228523254395 0
0.997093677520752 0
