0 0 
0.0025823116302490234 0
0.008328676223754883 0
0.011960744857788086 0
0.016294240951538086 0
0.019925832748413086 0
0.025934696197509766 -3
0.029528141021728516 -3
0.0362546443939209 -3
0.039881229400634766 -3
0.043641090393066406 -3
0.04826831817626953 -3
0.05529069900512695 -3
0.058962345123291016 -3
0.06272172927856445 -3
0.06729841232299805 -3
0.07071924209594727 -3
0.07668280601501465 -9
0.08019447326660156 -9
0.08392906188964844 -9
0.09025716781616211 -9
0.0940394401550293 -9
0.09865427017211914 -9
0.10239410400390625 -9
0.10669612884521484 -17
0.11254382133483887 -17
0.11691093444824219 -17
0.12046670913696289 -15
0.12466216087341309 -15
0.12894177436828613 -37
0.13555693626403809 -37
0.13938641548156738 -33
0.14292645454406738 -33
0.14760565757751465 -33
0.15330982208251953 -33
0.15807557106018066 -40
0.16186213493347168 -40
0.16628789901733398 -40
0.16988015174865723 -42
0.17592811584472656 -43
0.17951583862304688 -43
0.18331432342529297 -43
0.18970108032226562 -43
0.19350814819335938 -43
0.19804072380065918 -43
0.2016127109527588 -46
0.20981264114379883 -46
0.21616506576538086 -47
0.21978163719177246 -47
0.22354912757873535 -47
0.2294631004333496 -47
0.23294687271118164 -47
0.23767614364624023 -47
0.2434086799621582 -46
0.24789953231811523 -46
0.25149059295654297 -47
0.2560880184173584 -47
0.2596750259399414 -47
0.2663145065307617 -46
0.26992297172546387 -46
0.27368927001953125 -46
0.27834081649780273 -46
0.2820723056793213 -47
0.2879152297973633 -47
0.2914912700653076 -47
0.2959556579589844 -48
0.30161428451538086 -48
0.30608654022216797 -48
0.3096799850463867 -49
0.31342363357543945 -49
0.31978535652160645 -49
0.32359862327575684 -49
0.3281126022338867 -49
0.3318779468536377 -49
0.3364217281341553 -49
0.3422229290008545 -48
0.3465132713317871 -48
0.3500699996948242 -49
0.3538506031036377 -49
0.3583402633666992 -49
0.36397695541381836 -49
0.36845898628234863 -49
0.37222933769226074 -49
0.37657904624938965 -49
0.38013672828674316 -49
0.3863837718963623 -49
0.38993334770202637 -48
0.39368581771850586 -48
0.4002189636230469 -48
0.4040696620941162 -49
0.40855908393859863 -49
0.41232895851135254 -49
0.41663289070129395 -48
0.4224209785461426 -48
0.4266970157623291 -48
0.43025946617126465 -49
0.43398475646972656 -49
0.4384591579437256 -49
0.44414544105529785 -49
0.4486427307128906 -48
0.45239782333374023 -48
0.4568471908569336 -50
0.4604034423828125 -50
0.46645045280456543 -50
0.47007036209106445 -50
0.47383975982666016 -49
0.48017358779907227 -49
0.4840049743652344 -49
0.4884674549102783 -49
0.49221348762512207 -49
0.4964721202850342 -48
0.5022797584533691 -50
0.5066068172454834 -50
0.5101299285888672 -50
0.513871431350708 -50
0.5185451507568359 -50
0.5241472721099854 -50
0.5286586284637451 -50
0.5323905944824219 -50
0.5366761684417725 -50
0.5402367115020752 -48
0.5468044281005859 -48
0.5503361225128174 -49
0.5540816783905029 -49
0.5585699081420898 -49
0.5622799396514893 -49
0.5681197643280029 -49
0.5718450546264648 -49
0.5778133869171143 -49
0.5814027786254883 -49
0.585911750793457 -50
0.591524600982666 -49
0.5960679054260254 -49
0.5996606349945068 -49
0.6069128513336182 -52
0.6116900444030762 -52
0.6179003715515137 -51
0.621466875076294 -51
0.6260576248168945 -50
0.6318316459655762 -50
0.6364932060241699 -50
0.6400654315948486 -50
0.6438496112823486 -50
0.6484963893890381 -49
0.6540999412536621 -50
0.6585595607757568 -50
0.6622769832611084 -51
0.666581392288208 -51
0.6701669692993164 -50
0.676788330078125 -50
0.680323600769043 -50
0.6840529441833496 -50
0.6885063648223877 -50
0.6922390460968018 -49
0.6983015537261963 -49
0.7020511627197266 -50
0.706355094909668 -50
0.7121446132659912 -50
0.7164380550384521 -50
0.7200219631195068 -50
0.7237627506256104 -48
0.7300925254821777 -48
0.733870267868042 -49
0.7383568286895752 -49
0.7420768737792969 -48
0.7463898658752441 -48
0.7521841526031494 -49
0.7566847801208496 -49
0.7602493762969971 -49
0.7639803886413574 -49
0.7684464454650879 -49
0.7740857601165771 -49
0.778721809387207 -49
0.7824420928955078 -49
0.7868695259094238 -49
0.7904138565063477 -48
0.7964506149291992 -48
0.8000106811523438 -48
0.8037524223327637 -50
0.8101019859313965 -50
0.8138775825500488 -50
0.8185694217681885 -49
0.8222742080688477 -49
0.8265817165374756 -49
0.8323726654052734 -49
0.8366732597351074 -49
0.8402128219604492 -49
0.84397292137146 -49
0.8484406471252441 -48
0.8540747165679932 -48
0.8585464954376221 -48
0.862274169921875 -48
0.8667731285095215 -48
0.8703014850616455 -48
0.8772797584533691 -47
0.8807470798492432 -47
0.8847196102142334 -47
0.8888142108917236 -47
0.8925602436065674 -48
0.8984272480010986 -48
0.9021780490875244 -48
0.9066019058227539 -49
0.9125261306762695 -49
0.9168202877044678 -50
0.9203543663024902 -50
0.9240972995758057 -50
0.9285552501678467 -49
0.9341742992401123 -49
0.9388060569763184 -48
0.9425370693206787 -48
0.9468185901641846 -48
0.95035719871521 -48
0.9569685459136963 -49
0.9607012271881104 -49
0.9647021293640137 -49
0.9687902927398682 -49
0.9725449085235596 -49
0.9784042835235596 -49
0.9821493625640869 -49
0.986433744430542 -49
0.9922547340393066 -49
0.9967436790466309 -48
