0 0 
0.0034575462341308594 0
0.00833749771118164 0
0.012588977813720703 0
0.016067981719970703 2
0.01986980438232422 2
0.026676416397094727 7
0.03110671043395996 7
0.0350337028503418 7
0.03855156898498535 14
0.04326319694519043 14
0.047426462173461914 59
0.05383443832397461 59
0.05739760398864746 74
0.06339406967163086 89
0.06700778007507324 96
0.07125663757324219 87
0.07715988159179688 87
0.08143854141235352 100
0.08520650863647461 105
0.08869528770446777 112
0.09534382820129395 119
0.09912681579589844 122
0.10359930992126465 124
0.10715579986572266 125
0.11142635345458984 127
0.11746931076049805 133
0.12203121185302734 133
0.1256239414215088 134
0.12939739227294922 136
0.13390469551086426 138
0.1395881175994873 142
0.14408254623413086 142
0.14785099029541016 144
0.15235590934753418 145
0.15590429306030273 145
0.16203069686889648 147
0.1656186580657959 147
0.16939234733581543 148
0.1759650707244873 148
0.17975616455078125 149
0.1842646598815918 150
0.18800735473632812 150
0.19234514236450195 151
0.19816231727600098 150
0.20249152183532715 150
0.20604348182678223 148
0.2099134922027588 149
0.2143716812133789 149
0.22001361846923828 150
0.22451162338256836 150
0.22824382781982422 150
0.23271942138671875 153
0.2362968921661377 154
0.2423543930053711 154
0.24590182304382324 154
0.2496640682220459 155
0.2560160160064697 155
0.25977087020874023 155
0.26428818702697754 155
0.26807665824890137 155
0.2724282741546631 157
0.2782721519470215 157
0.28273940086364746 157
0.2904679775238037 158
0.29506850242614746 158
0.29859256744384766 157
0.3046419620513916 157
0.3083832263946533 157
0.31511926651000977 156
0.3186945915222168 156
0.32340240478515625 156
0.32704973220825195 157
0.3314244747161865 157
0.33724522590637207 158
0.3417820930480957 157
0.3453645706176758 157
0.3491353988647461 156
0.35384178161621094 156
0.35953307151794434 155
0.36403775215148926 154
0.3677361011505127 151
0.37212085723876953 151
0.37569451332092285 153
0.38178157806396484 152
0.38537096977233887 152
0.3891603946685791 156
0.3954479694366455 157
0.3992161750793457 157
0.4037899971008301 156
0.40735864639282227 156
0.41205859184265137 156
0.41795945167541504 156
0.42223095893859863 156
0.4257957935333252 156
0.42955565452575684 158
0.43400144577026367 158
0.43969154357910156 159
0.44418883323669434 157
0.44794297218322754 157
0.4522368907928467 155
0.4557955265045166 156
0.46234917640686035 155
0.4659144878387451 154
0.46970081329345703 155
0.4743316173553467 156
0.47806620597839355 157
0.4840052127838135 157
0.48764991760253906 157
0.4922802448272705 156
0.498093843460083 155
0.5024070739746094 156
0.5059294700622559 155
0.5096909999847412 156
0.5141468048095703 155
0.5197718143463135 156
0.5242471694946289 156
0.5280475616455078 155
0.5325398445129395 156
0.53609299659729 155
0.542273998260498 155
0.5458498001098633 155
0.5495803356170654 158
0.5559122562408447 156
0.5596921443939209 156
0.5641412734985352 156
0.5678725242614746 158
0.5722589492797852 157
0.5780689716339111 154
0.5823929309844971 157
0.5859518051147461 157
0.5896978378295898 157
0.5943140983581543 157
0.5999147891998291 157
0.6043577194213867 158
0.6080999374389648 158
0.6124229431152344 157
0.615947961807251 157
0.622473955154419 156
0.6260316371917725 156
0.6297845840454102 157
0.6342446804046631 157
0.6379969120025635 155
0.643878698348999 155
0.6474511623382568 154
0.6534328460693359 155
0.657118558883667 154
0.661370038986206 154
0.667144775390625 157
0.6719446182250977 158
0.6755106449127197 157
0.6792826652526855 158
0.6837694644927979 157
0.6924853324890137 157
0.6960468292236328 155
0.7030000686645508 155
0.7064497470855713 157
0.71042799949646 157
0.7150609493255615 157
0.7185568809509277 157
0.7243967056274414 159
0.7281603813171387 159
0.732452392578125 158
0.7382340431213379 158
0.7425355911254883 156
0.7460842132568359 157
0.7498159408569336 155
0.7561533451080322 155
0.7599020004272461 154
0.7643759250640869 154
0.7681281566619873 152
0.7725827693939209 154
0.7783529758453369 155
0.7826700210571289 156
0.7864952087402344 155
0.790494441986084 155
0.7945904731750488 155
0.8011634349822998 154
0.8051526546478271 154
0.8086743354797363 153
0.8132843971252441 156
0.8170077800750732 156
0.822617769241333 156
0.8261773586273193 155
0.8299245834350586 156
0.835829496383667 156
0.8395707607269287 154
0.8440697193145752 154
0.8497133255004883 157
0.8542695045471191 156
0.8580451011657715 158
0.8623800277709961 159
0.8659448623657227 159
0.8725063800811768 158
0.8760776519775391 158
0.8798351287841797 158
0.8842926025390625 157
0.8880648612976074 157
0.8940799236297607 157
0.897857666015625 158
0.9041564464569092 158
0.9079146385192871 158
0.9123396873474121 160
0.915910005569458 159
0.921177864074707 159
0.9272725582122803 157
0.9319899082183838 158
0.9355785846710205 159
0.9393362998962402 154
0.9438707828521729 156
0.9495160579681396 154
0.9541809558868408 154
0.9579637050628662 154
0.9622676372528076 155
0.9658501148223877 152
0.9724218845367432 152
0.9759798049926758 152
0.9797463417053223 154
0.9842395782470703 154
0.9880280494689941 156
0.9939136505126953 156
0.9975724220275879 156
