0 0 
0.0024290084838867188 0
0.007099628448486328 0
0.012068033218383789 2
0.01649022102355957 2
0.020096540451049805 17
0.02480292320251465 56
0.030485868453979492 88
0.03515815734863281 159
0.038756370544433594 113
0.042502403259277344 227
0.04696774482727051 287
0.052553653717041016 283
0.05704903602600098 326
0.06085538864135742 349
0.0653378963470459 372
0.06888651847839355 396
0.0755150318145752 405
0.07906222343444824 418
0.08320450782775879 438
0.08732080459594727 454
0.09111762046813965 472
0.09714818000793457 483
0.1008615493774414 497
0.10518813133239746 510
0.11099553108215332 519
0.1153719425201416 534
0.11895537376403809 539
0.1227266788482666 544
0.12718486785888672 553
0.13319063186645508 561
0.1373128890991211 561
0.14106345176696777 575
0.14537954330444336 582
0.15117859840393066 592
0.15595316886901855 594
0.1597602367401123 599
0.16406011581420898 600
0.1678614616394043 605
0.17447781562805176 606
0.17814135551452637 611
0.181929349899292 616
0.1864185333251953 620
0.18999695777893066 626
0.19615817070007324 631
0.19980740547180176 630
0.20409464836120605 633
0.21007156372070312 630
0.21475601196289062 632
0.21834802627563477 634
0.22213387489318848 637
0.2267165184020996 644
0.23235845565795898 648
0.23688912391662598 650
0.24065637588500977 648
0.24498939514160156 647
0.24857592582702637 647
0.25517988204956055 646
0.2587285041809082 654
0.26250600814819336 656
0.26700615882873535 655
0.2707695960998535 655
0.27679991722106934 658
0.28049755096435547 654
0.2848622798919678 654
0.2907223701477051 656
0.2950448989868164 659
0.2986321449279785 660
0.3024098873138428 664
0.308788537979126 664
0.312546968460083 662
0.3170125484466553 661
0.3207430839538574 661
0.3253159523010254 663
0.3352172374725342 663
0.33876752853393555 665
0.3424990177154541 668
0.34836387634277344 662
0.35214972496032715 665
0.35680508613586426 666
0.3624734878540039 668
0.36693739891052246 666
0.3706951141357422 667
0.37500476837158203 674
0.3786437511444092 668
0.38524842262268066 664
0.38883066177368164 665
0.39257192611694336 665
0.3972461223602295 663
0.40105271339416504 669
0.4069545269012451 670
0.4107048511505127 672
0.4150066375732422 672
0.4208552837371826 673
0.4251832962036133 667
0.42870569229125977 667
0.43247437477111816 667
0.43884921073913574 668
0.44263362884521484 673
0.4471404552459717 670
0.4508697986602783 669
0.4553654193878174 666
0.4611670970916748 665
0.46551060676574707 665
0.46906185150146484 668
0.47318363189697266 672
0.47731614112854004 672
0.4839601516723633 672
0.4875142574310303 672
0.4912698268890381 666
0.49586915969848633 667
0.49932050704956055 667
0.5052244663238525 667
0.5088000297546387 672
0.5125269889831543 670
0.5184361934661865 673
0.5222084522247314 673
0.5267012119293213 673
0.5323362350463867 670
0.5368742942810059 668
0.5406143665313721 668
0.5449275970458984 673
0.5484926700592041 673
0.5550460815429688 676
0.558617353439331 673
0.5623512268066406 670
0.5668036937713623 669
0.5706284046173096 670
0.5766654014587402 668
0.5802559852600098 671
0.5862705707550049 674
0.5899426937103271 677
0.59421706199646 675
0.5999979972839355 669
0.6051816940307617 669
0.6087229251861572 668
0.6124932765960693 667
0.6169826984405518 673
0.6225855350494385 676
0.6270623207092285 675
0.6308040618896484 672
0.6352708339691162 676
0.6388270854949951 669
0.6454141139984131 668
0.6489646434783936 671
0.6527137756347656 672
0.6573779582977295 671
0.6611123085021973 671
0.6669814586639404 675
0.6708724498748779 671
0.6751914024353027 666
0.6809775829315186 668
0.6852676868438721 670
0.6888272762298584 672
0.6925640106201172 672
0.6972150802612305 673
0.7032063007354736 672
0.7072842121124268 673
0.7110195159912109 670
0.7155120372772217 667
0.7190468311309814 669
0.7259111404418945 674
0.733867883682251 672
0.7377891540527344 675
0.7413055896759033 668
0.7471816539764404 668
0.7509162425994873 668
0.755481481552124 668
0.7612853050231934 670
0.7658565044403076 675
0.7692849636077881 674
0.7732648849487305 673
0.7773492336273193 671
0.783872127532959 668
0.7875359058380127 667
0.7913017272949219 671
0.7958495616912842 666
0.7992904186248779 671
0.8052048683166504 675
0.808746337890625 674
0.8125090599060059 672
0.8178558349609375 672
0.8213610649108887 669
0.8271985054016113 669
0.8309612274169922 671
0.8352489471435547 675
0.8410804271697998 671
0.8457832336425781 669
0.8492245674133301 672
0.8532161712646484 670
0.8572835922241211 669
0.8632910251617432 671
0.8673579692840576 671
0.871140718460083 671
0.8758468627929688 675
0.8792908191680908 671
0.8860034942626953 670
0.88950514793396 673
0.8939774036407471 669
0.8975088596343994 669
0.904151439666748 672
0.9079427719116211 672
0.9115347862243652 672
0.9162254333496094 674
0.9198875427246094 671
0.9255063533782959 671
0.9292285442352295 670
0.9332065582275391 671
0.9397873878479004 674
0.9440791606903076 673
0.9478592872619629 676
0.9513747692108154 672
0.9559855461120605 673
0.9615201950073242 672
0.9662213325500488 672
0.9698402881622314 668
0.9741373062133789 670
0.9781167507171631 676
0.9846935272216797 674
0.9882702827453613 672
0.9920444488525391 673
0.9967002868652344 671
