0 0 
0.0022788047790527344 0
0.008200883865356445 0
0.011728048324584961 0
0.015186071395874023 -3
0.020088911056518555 -3
0.02577376365661621 -8
0.030634403228759766 -64
0.034416913986206055 -90
0.03909111022949219 -90
0.04349684715270996 -37
0.04902482032775879 -113
0.05487942695617676 -152
0.05962729454040527 -168
0.06314349174499512 -181
0.06760764122009277 -193
0.07361054420471191 -197
0.07822465896606445 -207
0.08188033103942871 -217
0.0856332778930664 -228
0.09033679962158203 -238
0.09598302841186523 -252
0.10050415992736816 -255
0.1086127758026123 -265
0.11224961280822754 -269
0.11601090431213379 -278
0.12272381782531738 -282
0.12648606300354004 -285
0.1311347484588623 -288
0.1348867416381836 -290
0.13922882080078125 -294
0.14506912231445312 -292
0.1499462127685547 -297
0.15357756614685059 -298
0.15786075592041016 -299
0.16167116165161133 -302
0.16834115982055664 -307
0.17195868492126465 -310
0.17570877075195312 -311
0.1802213191986084 -312
0.18379759788513184 -317
0.18967938423156738 -315
0.19318914413452148 -315
0.19768500328063965 -319
0.20359015464782715 -319
0.20788812637329102 -317
0.21186304092407227 -316
0.21566534042358398 -317
0.22015738487243652 -319
0.2258436679840088 -318
0.23035979270935059 -319
0.23396682739257812 -321
0.23848724365234375 -323
0.24420452117919922 -323
0.24878573417663574 -323
0.252394437789917 -325
0.25617265701293945 -325
0.2606697082519531 -325
0.26632118225097656 -326
0.27101588249206543 -326
0.274752140045166 -329
0.27904438972473145 -326
0.28261232376098633 -325
0.28872132301330566 -326
0.29230284690856934 -325
0.29609203338623047 -325
0.3024756908416748 -327
0.3062460422515869 -327
0.310718297958374 -328
0.3144805431365967 -328
0.31876158714294434 -330
0.3245818614959717 -330
0.3290834426879883 -329
0.3327052593231201 -330
0.3364830017089844 -329
0.34099817276000977 -330
0.34705162048339844 -329
0.35114431381225586 -329
0.35489606857299805 -326
0.35920190811157227 -325
0.3627617359161377 -327
0.36877012252807617 -327
0.37239766120910645 -327
0.3761775493621826 -327
0.382108211517334 -328
0.3858785629272461 -327
0.3905642032623291 -330
0.3962550163269043 -332
0.4007747173309326 -331
0.40463852882385254 -332
0.40895962715148926 -330
0.4125070571899414 -329
0.4190635681152344 -331
0.422621488571167 -327
0.42636656761169434 -328
0.4308457374572754 -327
0.4364776611328125 -326
0.4409809112548828 -327
0.44474172592163086 -326
0.44922304153442383 -328
0.4528005123138428 -331
0.45888757705688477 -331
0.4624671936035156 -332
0.4662191867828369 -334
0.4725825786590576 -332
0.4763824939727783 -329
0.48087167739868164 -330
0.4846987724304199 -330
0.489016056060791 -331
0.49478578567504883 -329
0.4991168975830078 -329
0.5026845932006836 -328
0.5106861591339111 -329
0.515230655670166 -328
0.5212380886077881 -327
0.5250186920166016 -328
0.5317971706390381 -331
0.53558349609375 -331
0.5402336120605469 -333
0.5438461303710938 -332
0.5483462810516357 -334
0.5539774894714355 -332
0.5585289001464844 -331
0.5621018409729004 -330
0.5658791065216064 -329
0.5705816745758057 -329
0.5762290954589844 -328
0.5808191299438477 -328
0.5845935344696045 -329
0.5889232158660889 -327
0.5924952030181885 -328
0.5985651016235352 -329
0.6022024154663086 -330
0.6060035228729248 -329
0.6123747825622559 -330
0.6161770820617676 -332
0.6206719875335693 -333
0.6244308948516846 -332
0.6289255619049072 -331
0.6347239017486572 -332
0.6392004489898682 -331
0.6427640914916992 -329
0.6465089321136475 -331
0.6509945392608643 -328
0.6570224761962891 -327
0.6611630916595459 -326
0.664933443069458 -327
0.6692442893981934 -328
0.6728038787841797 -330
0.67978835105896 -330
0.6832873821258545 -330
0.687795877456665 -330
0.6917428970336914 -331
0.695256233215332 -333
0.7011198997497559 -332
0.7048890590667725 -332
0.709221363067627 -333
0.7150716781616211 -330
0.7196688652038574 -329
0.7231957912445068 -327
0.7276520729064941 -327
0.7312324047088623 -326
0.7378451824188232 -326
0.7416524887084961 -327
0.7452290058135986 -329
0.750157356262207 -330
0.755774974822998 -332
0.7603261470794678 -329
0.7639026641845703 -333
0.7685525417327881 -332
0.7721767425537109 -331
0.7782747745513916 -332
0.7818760871887207 -330
0.785637617111206 -329
0.7921404838562012 -327
0.795950174331665 -327
0.800447940826416 -328
0.8041555881500244 -328
0.8087704181671143 -329
0.8146162033081055 -328
0.8189475536346436 -330
0.8224914073944092 -329
0.8262412548065186 -330
0.8307371139526367 -331
0.8364546298980713 -333
0.8409698009490967 -334
0.8447122573852539 -331
0.8489978313446045 -332
0.8525791168212891 -332
0.8586113452911377 -332
0.8622448444366455 -326
0.8660082817077637 -328
0.8710973262786865 -328
0.874871015548706 -326
0.880739688873291 -327
0.884486198425293 -328
0.8887927532196045 -327
0.8946447372436523 -330
0.8991632461547852 -330
0.9027252197265625 -330
0.9102427959442139 -334
0.917600154876709 -333
0.921644926071167 -329
0.9251718521118164 -332
0.9302229881286621 -332
0.933828592300415 -327
0.9457345008850098 -328
0.9504320621490479 -326
0.9541401863098145 -328
0.9602799415588379 -328
0.9638566970825195 -329
0.9701037406921387 -331
0.9778802394866943 -332
0.9839870929718018 -331
0.9903504848480225 -334
0.9960179328918457 -331
