0 0 
0.002416372299194336 0
0.008800029754638672 0
0.012493371963500977 0
0.01691269874572754 3
0.02253103256225586 8
0.02694535255432129 8
0.03395843505859375 19
0.03799867630004883 19
0.04375863075256348 55
0.047293901443481445 76
0.05387687683105469 86
0.0581212043762207 86
0.061990976333618164 99
0.06647253036499023 79
0.07209491729736328 97
0.07657098770141602 108
0.08391022682189941 113
0.0877385139465332 119
0.09122824668884277 128
0.1011953353881836 129
0.1060178279876709 132
0.10959911346435547 136
0.11390995979309082 139
0.1199042797088623 140
0.12458014488220215 142
0.12827563285827637 146
0.1320643424987793 146
0.13654351234436035 147
0.14217782020568848 151
0.1467299461364746 152
0.15047025680541992 153
0.15494394302368164 154
0.15851759910583496 154
0.16460418701171875 159
0.16817402839660645 158
0.17203021049499512 160
0.17840147018432617 160
0.1821897029876709 160
0.18681907653808594 159
0.1905815601348877 159
0.1948537826538086 162
0.20072531700134277 162
0.2050626277923584 162
0.20862555503845215 163
0.21237540245056152 164
0.21701478958129883 163
0.2230994701385498 162
0.2287435531616211 163
0.2325136661529541 163
0.23697423934936523 160
0.24073314666748047 160
0.24665260314941406 160
0.2503223419189453 162
0.2547268867492676 162
0.2605593204498291 164
0.26484131813049316 164
0.26843905448913574 164
0.27217578887939453 163
0.2768669128417969 164
0.28252553939819336 164
0.287031888961792 166
0.29076409339904785 165
0.2950713634490967 165
0.30090999603271484 167
0.3052196502685547 166
0.30878496170043945 164
0.31255006790161133 165
0.31723523139953613 167
0.32451772689819336 166
0.3280935287475586 167
0.3318746089935303 167
0.33655714988708496 167
0.3402750492095947 167
0.3462660312652588 168
0.3498525619506836 167
0.35430908203125 168
0.3599660396575928 168
0.3644683361053467 168
0.3680589199066162 167
0.37182188034057617 166
0.37634801864624023 167
0.38201236724853516 168
0.386519193649292 168
0.390178918838501 168
0.3947591781616211 167
0.3983421325683594 166
0.4049258232116699 167
0.4085049629211426 165
0.41239237785339355 164
0.41688084602355957 165
0.42066001892089844 165
0.42655181884765625 165
0.4302239418029785 165
0.43467283248901367 165
0.4405653476715088 163
0.44499778747558594 165
0.4485471248626709 164
0.45229029655456543 164
0.4569544792175293 164
0.4626131057739258 165
0.4670994281768799 165
0.47084474563598633 165
0.4752006530761719 166
0.48097705841064453 166
0.4853188991546631 165
0.488858699798584 166
0.49307870864868164 167
0.5010037422180176 166
0.5060122013092041 169
0.5117084980010986 167
0.516524076461792 167
0.5202102661132812 168
0.5247735977172852 167
0.5283277034759521 167
0.5348935127258301 168
0.5384416580200195 167
0.5421867370605469 164
0.54665207862854 164
0.5503113269805908 164
0.5562446117401123 164
0.5598099231719971 165
0.5642704963684082 166
0.5699522495269775 166
0.5746614933013916 167
0.5782463550567627 168
0.5820002555847168 166
0.5865476131439209 166
0.5921740531921387 166
0.5966215133666992 165
0.6002552509307861 165
0.6046528816223145 165
0.6104378700256348 168
0.6147668361663818 166
0.6183156967163086 166
0.6220674514770508 169
0.626528263092041 169
0.6321845054626465 166
0.6368680000305176 166
0.6406271457672119 167
0.6449432373046875 165
0.6485180854797363 164
0.6545438766479492 164
0.6581377983093262 164
0.6619424819946289 165
0.6683375835418701 164
0.6721153259277344 165
0.6766033172607422 165
0.6802663803100586 165
0.6847438812255859 165
0.6905875205993652 164
0.6950778961181641 165
0.6986546516418457 166
0.7023959159851074 166
0.707007884979248 165
0.7130670547485352 165
0.7171671390533447 167
0.7209384441375732 166
0.7252347469329834 165
0.728783130645752 165
0.734830379486084 166
0.7383987903594971 166
0.7421629428863525 167
0.7484958171844482 167
0.7523057460784912 166
0.7569468021392822 165
0.7606940269470215 165
0.7650141716003418 166
0.7708311080932617 166
0.7751810550689697 166
0.7787313461303711 166
0.7825155258178711 167
0.7869713306427002 166
0.7925894260406494 165
0.7971699237823486 166
0.8009469509124756 167
0.8052506446838379 166
0.8088383674621582 167
0.8158464431762695 168
0.8195748329162598 166
0.8238532543182373 167
0.827653169631958 166
0.8311574459075928 165
0.837188720703125 165
0.8409483432769775 166
0.845250129699707 163
0.851078987121582 165
0.8556792736053467 165
0.8591291904449463 164
0.8631298542022705 163
0.8672327995300293 164
0.8738055229187012 166
0.8777551651000977 165
0.8812837600708008 165
0.8858797550201416 166
0.8916440010070801 166
0.90000319480896 166
0.9046540260314941 168
0.9082415103912354 167
0.9120044708251953 166
0.916877031326294 167
0.9225258827209473 166
0.9272525310516357 166
0.9310381412506104 168
0.9357743263244629 169
0.9393010139465332 169
0.9460585117340088 167
0.9497478008270264 169
0.9540309906005859 168
0.9578309059143066 165
0.9645860195159912 165
0.9681711196899414 167
0.9719185829162598 166
0.9764573574066162 164
0.9800724983215332 165
0.9861733913421631 165
0.9897708892822266 166
0.9940519332885742 164
