0 0 
0.002569437026977539 0
0.008328437805175781 0
0.011986017227172852 -2
0.016355037689208984 -7
0.02002716064453125 -7
0.02603888511657715 -51
0.029639720916748047 -20
0.03341221809387207 -81
0.03939414024353027 -175
0.042948007583618164 -214
0.05046796798706055 -256
0.05747270584106445 -296
0.06302952766418457 -301
0.06801271438598633 -314
0.07159423828125 -339
0.0762326717376709 -358
0.07989192008972168 -385
0.08664369583129883 -392
0.09021615982055664 -399
0.09396886825561523 -415
0.09863615036010742 -423
0.10236883163452148 -438
0.1082763671875 -444
0.1119391918182373 -458
0.11634254455566406 -472
0.12229394912719727 -480
0.1266798973083496 -490
0.13023734092712402 -492
0.13399672508239746 -499
0.13849449157714844 -501
0.14415502548217773 -508
0.14864110946655273 -509
0.15239429473876953 -514
0.1568889617919922 -516
0.16045260429382324 -526
0.16734671592712402 -530
0.17087316513061523 -535
0.175337553024292 -535
0.17891550064086914 -541
0.18268847465515137 -543
0.188554048538208 -544
0.1923224925994873 -545
0.1968398094177246 -547
0.20264410972595215 -551
0.20697784423828125 -552
0.21053624153137207 -554
0.2147665023803711 -562
0.2192850112915039 -564
0.2257087230682373 -562
0.22949600219726562 -564
0.23299908638000488 -564
0.23768258094787598 -566
0.24135756492614746 -561
0.24698781967163086 -568
0.2505645751953125 -569
0.2547028064727783 -572
0.2609527111053467 -574
0.26548171043395996 -575
0.269317626953125 -575
0.27285242080688477 -574
0.27767252922058105 -571
0.2834019660949707 -570
0.2878990173339844 -573
0.2915003299713135 -572
0.29598093032836914 -573
0.3016321659088135 -577
0.3061635494232178 -577
0.30974650382995605 -580
0.313525915145874 -580
0.31800198554992676 -578
0.32367682456970215 -576
0.32824110984802246 -575
0.3319563865661621 -576
0.3365366458892822 -579
0.3401474952697754 -579
0.34639978408813477 -581
0.3499903678894043 -581
0.3537485599517822 -579
0.3601548671722412 -578
0.36395978927612305 -574
0.368436336517334 -577
0.37215399742126465 -576
0.37650489807128906 -578
0.38233113288879395 -583
0.387514591217041 -584
0.3912835121154785 -581
0.39559388160705566 -584
0.3996412754058838 -577
0.4063131809234619 -578
0.4099149703979492 -578
0.41369152069091797 -578
0.41819024085998535 -581
0.4218862056732178 -581
0.42785096168518066 -581
0.4314391613006592 -583
0.4357264041900635 -581
0.4416012763977051 -579
0.44884514808654785 -580
0.45408105850219727 -578
0.4587898254394531 -584
0.46619272232055664 -584
0.4698069095611572 -586
0.47359132766723633 -584
0.4783782958984375 -586
0.48214101791381836 -582
0.48671388626098633 -578
0.49262166023254395 -578
0.49700117111206055 -580
0.5007181167602539 -580
0.5047485828399658 -580
0.5088675022125244 -586
0.5142512321472168 -586
0.5189995765686035 -587
0.5227870941162109 -584
0.5282266139984131 -578
0.5338625907897949 -581
0.5384984016418457 -579
0.5422558784484863 -580
0.5465946197509766 -584
0.5524365901947021 -584
0.5567536354064941 -581
0.5603742599487305 -581
0.5641343593597412 -582
0.5686256885528564 -582
0.5742635726928711 -583
0.5789475440979004 -582
0.5827784538269043 -582
0.5873861312866211 -587
0.590909481048584 -586
0.5967371463775635 -584
0.6003344058990479 -583
0.6040916442871094 -583
0.6107766628265381 -581
0.6148087978363037 -579
0.6189672946929932 -579
0.6227235794067383 -581
0.6272993087768555 -582
0.6328792572021484 -584
0.6377773284912109 -586
0.6414330005645752 -587
0.6457486152648926 -580
0.6495563983917236 -579
0.6561398506164551 -577
0.6597650051116943 -577
0.6635329723358154 -582
0.6680302619934082 -584
0.6716156005859375 -587
0.6775038242340088 -581
0.6813476085662842 -586
0.6856536865234375 -580
0.691582441329956 -581
0.6962518692016602 -582
0.699852705001831 -579
0.7036123275756836 -584
0.7100579738616943 -582
0.7138304710388184 -586
0.7183101177215576 -582
0.7220053672790527 -583
0.726381778717041 -583
0.7322335243225098 -577
0.736729621887207 -581
0.7402834892272949 -578
0.7440426349639893 -580
0.7485363483428955 -583
0.7542257308959961 -584
0.7588810920715332 -584
0.7626636028289795 -586
0.7669909000396729 -583
0.7705526351928711 -581
0.7766282558441162 -579
0.7802038192749023 -580
0.7839634418487549 -581
0.7903904914855957 -579
0.7946875095367432 -585
0.798823356628418 -585
0.8025624752044678 -585
0.8068656921386719 -584
0.8126623630523682 -580
0.817425012588501 -581
0.8209483623504639 -581
0.8254313468933105 -579
0.8289835453033447 -583
0.8356270790100098 -581
0.8394665718078613 -586
0.8429858684539795 -586
0.8502044677734375 -582
0.8556737899780273 -579
0.8608005046844482 -579
0.8653361797332764 -578
0.8714444637298584 -582
0.8762567043304443 -582
0.8798575401306152 -582
0.88362717628479 -582
0.8881206512451172 -583
0.8937726020812988 -582
0.8983035087585449 -581
0.9019999504089355 -582
0.9064428806304932 -581
0.9100079536437988 -581
0.9160709381103516 -583
0.9196772575378418 -580
0.9235527515411377 -586
0.9298381805419922 -582
0.9336414337158203 -582
0.9383506774902344 -581
0.9421291351318359 -582
0.9464716911315918 -580
0.9522838592529297 -579
0.9566311836242676 -583
0.9602293968200684 -585
0.9640026092529297 -585
0.9684925079345703 -585
0.9741442203521729 -587
0.9786350727081299 -583
0.9823830127716064 -580
0.9866886138916016 -577
0.9902570247650146 -582
0.9940330982208252 -583
0.998727560043335 -583
