0 0 
0.005131721496582031 0
0.009568214416503906 0
0.015451431274414062 2
0.01976156234741211 7
0.02333664894104004 18
0.027041196823120117 58
0.031523942947387695 13
0.038928985595703125 87
0.04499554634094238 163
0.049543142318725586 188
0.05455493927001953 193
0.0587921142578125 223
0.06264233589172363 274
0.07215404510498047 291
0.07590985298156738 295
0.08192253112792969 306
0.08572983741760254 324
0.0915825366973877 336
0.09527111053466797 347
0.09981179237365723 360
0.10565543174743652 364
0.10996317863464355 373
0.11351895332336426 376
0.11728501319885254 389
0.1250154972076416 395
0.13129854202270508 402
0.13487768173217773 410
0.13937687873840332 418
0.14516377449035645 424
0.14959311485290527 426
0.1531534194946289 425
0.1569058895111084 431
0.1613926887512207 436
0.16706013679504395 439
0.1715397834777832 438
0.17525005340576172 447
0.17965197563171387 447
0.18323349952697754 454
0.18995308876037598 457
0.19350075721740723 457
0.1972510814666748 455
0.20171809196472168 462
0.20546936988830566 459
0.21134352684020996 461
0.21492695808410645 458
0.2194204330444336 462
0.2253866195678711 464
0.2298722267150879 465
0.2334294319152832 465
0.2372143268585205 474
0.2416689395904541 474
0.24730610847473145 475
0.2519352436065674 474
0.2556495666503906 474
0.2599515914916992 472
0.2657294273376465 473
0.27002525329589844 472
0.2736082077026367 475
0.27736568450927734 475
0.2818260192871094 474
0.287508487701416 478
0.2920055389404297 480
0.295762300491333 474
0.3000457286834717 476
0.30359745025634766 479
0.30979275703430176 477
0.31340646743774414 475
0.3171660900115967 476
0.32351040840148926 477
0.327286958694458 479
0.3317551612854004 478
0.33550000190734863 478
0.3398594856262207 482
0.3456895351409912 480
0.35000014305114746 481
0.3536031246185303 484
0.3573336601257324 482
0.36194586753845215 481
0.3679957389831543 480
0.3722658157348633 478
0.37604331970214844 479
0.3806426525115967 480
0.38408899307250977 481
0.38999295234680176 482
0.3935573101043701 485
0.39728832244873047 483
0.40367937088012695 484
0.40746259689331055 484
0.41205883026123047 482
0.4158148765563965 481
0.4201390743255615 480
0.42592549324035645 479
0.43067502975463867 479
0.4342014789581299 482
0.4386601448059082 481
0.4422147274017334 485
0.44878363609313965 487
0.4523179531097412 487
0.45610570907592773 481
0.46065759658813477 483
0.46416401863098145 480
0.4742743968963623 481
0.4787740707397461 484
0.4827389717102051 481
0.48625802993774414 486
0.49316954612731934 488
0.4970571994781494 483
0.5017011165618896 486
0.5054333209991455 480
0.5097651481628418 479
0.5155503749847412 481
0.5198574066162109 480
0.5234460830688477 477
0.527198076248169 484
0.5316727161407471 482
0.5373103618621826 488
0.5418009757995605 488
0.545541524887085 486
0.5499629974365234 483
0.5535342693328857 486
0.559607744216919 480
0.563180685043335 479
0.5669546127319336 483
0.5733067989349365 483
0.5770864486694336 483
0.5815842151641846 483
0.585395336151123 487
0.5897204875946045 485
0.5955238342285156 486
0.599783182144165 484
0.6033525466918945 483
0.607105016708374 480
0.6117243766784668 481
0.6173202991485596 483
0.6219527721405029 486
0.6256814002990723 485
0.6299514770507812 482
0.6335017681121826 485
0.6400735378265381 487
0.6436238288879395 481
0.6473507881164551 488
0.6518020629882812 484
0.6555581092834473 482
0.6614329814910889 479
0.6649973392486572 484
0.671004056930542 480
0.6746716499328613 483
0.6789679527282715 486
0.6848552227020264 484
0.689387321472168 485
0.6929588317871094 485
0.6967155933380127 485
0.7011849880218506 484
0.7067656517028809 482
0.7112934589385986 482
0.7148728370666504 480
0.7193233966827393 478
0.7228996753692627 480
0.728668212890625 484
0.7326650619506836 486
0.7361757755279541 487
0.7426867485046387 489
0.7462201118469238 483
0.7511529922485352 487
0.7547547817230225 483
0.7592296600341797 482
0.7648799419403076 479
0.7693700790405273 480
0.7729532718658447 480
0.7767062187194824 480
0.7811968326568604 481
0.7868187427520752 485
0.7914817333221436 485
0.7952454090118408 484
0.7996108531951904 486
0.8036582469940186 482
0.8102743625640869 481
0.8140089511871338 483
0.8179972171783447 482
0.8220715522766113 483
0.8258223533630371 483
0.8317077159881592 484
0.8354330062866211 485
0.8397543430328369 483
0.8455541133880615 485
0.8499717712402344 486
0.8535144329071045 482
0.8572506904602051 483
0.8635611534118652 482
0.8673355579376221 480
0.8756022453308105 485
0.8812148571014404 486
0.8847794532775879 484
0.8907973766326904 487
0.8943161964416504 486
0.8988192081451416 485
0.9048285484313965 481
0.9094276428222656 484
0.9130375385284424 483
0.916783332824707 482
0.9212777614593506 482
0.9270346164703369 485
0.9315617084503174 485
0.9352178573608398 484
0.93959641456604 484
0.9431436061859131 486
0.9497063159942627 484
0.9532673358917236 483
0.9570455551147461 486
0.9615392684936523 483
0.9671297073364258 480
0.9717648029327393 482
0.9754924774169922 484
0.9797918796539307 484
0.9833786487579346 483
0.9893968105316162 487
0.9929876327514648 484
0.996727466583252 482
