0 0 
0.0025854110717773438 0
0.008382797241210938 -2
0.012114286422729492 -2
0.016475439071655273 -6
0.020119667053222656 -6
0.026183128356933594 -13
0.02977442741394043 -93
0.03353619575500488 -18
0.039513349533081055 -55
0.04326486587524414 -154
0.047681570053100586 -145
0.05340695381164551 -198
0.05789351463317871 -217
0.061496734619140625 -240
0.06597161293029785 -258
0.07158732414245605 -283
0.07620882987976074 -299
0.07977747917175293 -293
0.08352351188659668 -316
0.08809447288513184 -327
0.09376335144042969 -348
0.09839200973510742 -359
0.10213375091552734 -367
0.10661745071411133 -373
0.11016464233398438 -380
0.11627936363220215 -389
0.11988425254821777 -389
0.1236562728881836 -397
0.13002490997314453 -401
0.13380646705627441 -409
0.13826966285705566 -410
0.14197039604187012 -420
0.14635848999023438 -421
0.15216398239135742 -431
0.15661287307739258 -436
0.16020703315734863 -439
0.1639728546142578 -440
0.16843056678771973 -443
0.17406892776489258 -443
0.1785426139831543 -443
0.18230342864990234 -445
0.1866285800933838 -450
0.1901686191558838 -451
0.19617366790771484 -456
0.19975614547729492 -457
0.20354008674621582 -461
0.208359956741333 -462
0.21399903297424316 -465
0.21865534782409668 -466
0.22243189811706543 -465
0.2307124137878418 -465
0.2368929386138916 -465
0.24045419692993164 -465
0.2441997528076172 -465
0.24884963035583496 -470
0.2554762363433838 -473
0.25942564010620117 -472
0.2629234790802002 -473
0.26764798164367676 -473
0.2733724117279053 -473
0.27807044982910156 -474
0.28164005279541016 -474
0.2861332893371582 -472
0.2897171974182129 -478
0.29633188247680664 -474
0.2999148368835449 -476
0.3036949634552002 -478
0.30820417404174805 -478
0.31185436248779297 -479
0.3178884983062744 -480
0.32148170471191406 -477
0.32594752311706543 -476
0.3318297863006592 -476
0.33640456199645996 -472
0.33997488021850586 -473
0.34375619888305664 -478
0.3482491970062256 -480
0.35392165184020996 -481
0.35841989517211914 -484
0.3621826171875 -482
0.3666236400604248 -478
0.37018847465515137 -480
0.37675046920776367 -479
0.380326509475708 -479
0.3840522766113281 -476
0.38851189613342285 -476
0.3922569751739502 -481
0.3983280658721924 -479
0.4022095203399658 -481
0.4065425395965576 -481
0.4123373031616211 -481
0.41664743423461914 -480
0.420184850692749 -480
0.4239847660064697 -478
0.4303431510925293 -478
0.4341588020324707 -475
0.43866610527038574 -477
0.4424247741699219 -478
0.44671154022216797 -478
0.4525270462036133 -481
0.45723533630371094 -481
0.46073341369628906 -482
0.464733362197876 -480
0.4688098430633545 -483
0.4753754138946533 -477
0.4789397716522217 -480
0.48279595375061035 -479
0.4873542785644531 -480
0.49088335037231445 -479
0.49695420265197754 -480
0.5005264282226562 -483
0.504683256149292 -482
0.510828971862793 -485
0.5147504806518555 -481
0.5192749500274658 -479
0.5228092670440674 -478
0.5293960571289062 -480
0.5329632759094238 -479
0.5376665592193604 -479
0.5413517951965332 -479
0.5456995964050293 -479
0.5515046119689941 -481
0.5560615062713623 -481
0.5596513748168945 -480
0.5639693737030029 -484
0.5684912204742432 -481
0.5742075443267822 -479
0.5789391994476318 -479
0.5827174186706543 -478
0.5872817039489746 -477
0.5907516479492188 -478
0.5966732501983643 -479
0.6002380847930908 -481
0.6039879322052002 -483
0.6103663444519043 -481
0.6141414642333984 -484
0.6186351776123047 -482
0.6223855018615723 -482
0.630422830581665 -479
0.6367127895355225 -476
0.6403031349182129 -477
0.6440632343292236 -479
0.6499788761138916 -481
0.6537330150604248 -481
0.6583776473999023 -480
0.6640043258666992 -482
0.6684865951538086 -480
0.6722686290740967 -482
0.6766839027404785 -480
0.6825094223022461 -482
0.6868224143981934 -476
0.6904032230377197 -479
0.694155216217041 -478
0.6987812519073486 -480
0.7053470611572266 -484
0.708899736404419 -484
0.7126374244689941 -483
0.7169351577758789 -483
0.7205207347869873 -480
0.7266058921813965 -479
0.7301812171936035 -476
0.7339484691619873 -479
0.740293025970459 -475
0.7440474033355713 -478
0.748530387878418 -477
0.7522721290588379 -482
0.7567870616912842 -483
0.7625949382781982 -485
0.7669386863708496 -481
0.7705092430114746 -481
0.7746398448944092 -480
0.778770923614502 -477
0.785320520401001 -480
0.7889630794525146 -479
0.7927553653717041 -477
0.7973337173461914 -478
0.8008348941802979 -481
0.8067030906677246 -480
0.8102738857269287 -478
0.8140504360198975 -482
0.8199639320373535 -481
0.8237199783325195 -481
0.8281998634338379 -481
0.8338687419891357 -478
0.8383810520172119 -477
0.8421308994293213 -480
0.8464694023132324 -479
0.8522930145263672 -481
0.8566403388977051 -483
0.8601946830749512 -483
0.8639795780181885 -480
0.868474006652832 -480
0.8741493225097656 -477
0.8788280487060547 -474
0.8825843334197998 -480
0.8872959613800049 -478
0.8907525539398193 -478
0.8966996669769287 -480
0.9002852439880371 -483
0.9040379524230957 -484
0.910362958908081 -483
0.9142189025878906 -482
0.9187097549438477 -482
0.9225008487701416 -483
0.9268224239349365 -479
0.9326145648956299 -477
0.9373743534088135 -477
0.9408719539642334 -480
0.9453287124633789 -477
0.9488937854766846 -480
0.9555103778839111 -481
0.9593100547790527 -481
0.9628481864929199 -480
0.967444896697998 -482
0.9709289073944092 -483
0.976794958114624 -481
0.9803578853607178 -480
0.9841208457946777 -478
0.9903562068939209 -479
0.994143009185791 -475
0.9987750053405762 -481
