0 0 
0.0023946762084960938 0
0.008200407028198242 3
0.013976335525512695 9
0.0182344913482666 24
0.021830081939697266 9
0.027018308639526367 25
0.03363800048828125 39
0.03847527503967285 201
0.04221820831298828 281
0.04617881774902344 287
0.05023622512817383 360
0.05626940727233887 374
0.06085085868835449 409
0.06435656547546387 486
0.07368350028991699 498
0.07813024520874023 539
0.08397078514099121 557
0.08843517303466797 579
0.0919649600982666 595
0.09571695327758789 609
0.10035347938537598 651
0.11046981811523438 669
0.11429858207702637 687
0.12088251113891602 694
0.12534117698669434 710
0.13201570510864258 725
0.1376028060913086 737
0.14156007766723633 753
0.14701128005981445 756
0.15137887001037598 770
0.15810155868530273 779
0.16377830505371094 790
0.16812443733215332 796
0.17168164253234863 799
0.17716383934020996 805
0.18401384353637695 818
0.196197509765625 822
0.2039499282836914 833
0.20837950706481934 835
0.21424555778503418 842
0.2220628261566162 847
0.22720742225646973 850
0.23141169548034668 854
0.23825645446777344 854
0.24182581901550293 857
0.24881792068481445 858
0.25243330001831055 862
0.2571227550506592 862
0.2631654739379883 867
0.2683403491973877 867
0.2741880416870117 869
0.27894115447998047 875
0.2824678421020508 877
0.28850460052490234 876
0.29206395149230957 873
0.2994070053100586 875
0.3050570487976074 876
0.30959582328796387 882
0.31322813034057617 884
0.3179340362548828 883
0.32374000549316406 881
0.32982778549194336 882
0.3335990905761719 885
0.33791375160217285 887
0.3437507152557373 886
0.34965062141418457 883
0.3533656597137451 886
0.3579399585723877 890
0.36783623695373535 890
0.37141895294189453 891
0.375180721282959 892
0.3815596103668213 890
0.38806629180908203 893
0.3933424949645996 893
0.39924168586730957 889
0.40289974212646484 892
0.4087715148925781 890
0.41436028480529785 894
0.41925573348999023 896
0.42497682571411133 891
0.42948031425476074 894
0.43305253982543945 894
0.44080686569213867 896
0.4472315311431885 896
0.45310473442077637 895
0.4577667713165283 892
0.4613304138183594 896
0.4650726318359375 894
0.4742727279663086 898
0.4805164337158203 896
0.48712778091430664 892
0.4931511878967285 894
0.4978821277618408 897
0.5014698505401611 896
0.5090188980102539 895
0.5127370357513428 896
0.518345832824707 897
0.5242404937744141 898
0.5287995338439941 895
0.5343437194824219 896
0.5391566753387451 898
0.5448777675628662 896
0.5493960380554199 896
0.5530033111572266 898
0.5588517189025879 898
0.5622997283935547 897
0.5716924667358398 898
0.5783891677856445 901
0.5842642784118652 897
0.5891997814178467 896
0.592811107635498 895
0.5970642566680908 899
0.6019859313964844 897
0.6204979419708252 895
0.6288609504699707 902
0.6344764232635498 899
0.641141414642334 899
0.646928071975708 895
0.6509616374969482 898
0.6577932834625244 900
0.664332389831543 897
0.6703848838806152 899
0.6741349697113037 897
0.6828410625457764 900
0.6871788501739502 904
0.6931126117706299 899
0.6983463764190674 899
0.7041490077972412 899
0.7092442512512207 900
0.7149667739868164 901
0.7199788093566895 899
0.725470781326294 895
0.7350459098815918 898
0.7436380386352539 898
0.7479984760284424 898
0.7515513896942139 898
0.7552938461303711 898
0.7616424560546875 899
0.7678279876708984 901
0.7736296653747559 899
0.7781445980072021 901
0.7839264869689941 900
0.7884361743927002 900
0.7942390441894531 901
0.799048662185669 894
0.807466983795166 899
0.8131396770477295 899
0.8176231384277344 900
0.8241345882415771 898
0.8284738063812256 901
0.8320214748382568 898
0.8390529155731201 901
0.8427755832672119 898
0.8485219478607178 901
0.852057695388794 900
0.8569223880767822 897
0.8648183345794678 899
0.8693292140960693 899
0.878075122833252 902
0.8816540241241455 897
0.8884034156799316 897
0.8942155838012695 899
0.899031400680542 901
0.9027667045593262 901
0.907442569732666 901
0.9150590896606445 898
0.9197638034820557 897
0.9234085083007812 900
0.927971601486206 903
0.9315059185028076 903
0.9378795623779297 896
0.9437015056610107 898
0.9482014179229736 898
0.9541168212890625 901
0.9589602947235107 900
0.9624640941619873 898
0.9683330059051514 899
0.9718728065490723 900
0.9789154529571533 899
0.9844672679901123 901
0.9891619682312012 898
0.9927890300750732 896
0.9984393119812012 898
