0 0 
0.004367351531982422 0
0.008545637130737305 0
0.013793706893920898 0
0.017334938049316406 0
0.021630287170410156 0
0.025365114212036133 0
0.028823375701904297 0
0.034659385681152344 0
0.03842425346374512 0
0.04267573356628418 0
0.04842066764831543 -2
0.05292797088623047 -2
0.056458473205566406 -2
0.060166358947753906 -2
0.06463932991027832 -2
0.07020831108093262 -2
0.07473993301391602 -6
0.07844066619873047 -6
0.08271098136901855 -6
0.08627152442932129 -12
0.09286737442016602 -12
0.09641909599304199 -23
0.1001436710357666 -23
0.10460281372070312 -23
0.11021161079406738 -23
0.11494684219360352 -23
0.11876177787780762 -29
0.12333297729492188 -29
0.12685060501098633 -39
0.13269448280334473 -43
0.13626861572265625 -43
0.1400134563446045 -45
0.14648985862731934 -45
0.15068387985229492 -45
0.1548013687133789 -45
0.15861058235168457 -49
0.1629035472869873 -50
0.1687016487121582 -50
0.173445463180542 -52
0.17696022987365723 -52
0.181443452835083 -54
0.18497061729431152 -54
0.19161629676818848 -54
0.19541597366333008 -54
0.19892096519470215 -54
0.20350146293640137 -55
0.20736908912658691 -55
0.21321630477905273 -56
0.2166728973388672 -56
0.22063040733337402 -56
0.2267460823059082 -57
0.23073720932006836 -57
0.23524856567382812 -57
0.2387676239013672 -57
0.24329566955566406 -57
0.2488389015197754 -56
0.2534160614013672 -56
0.2568991184234619 -56
0.2613978385925293 -56
0.26496458053588867 -57
0.27156949043273926 -57
0.27553749084472656 -57
0.27925825119018555 -56
0.2836759090423584 -57
0.28935670852661133 -57
0.2940995693206787 -57
0.2976675033569336 -57
0.3021392822265625 -57
0.3056981563568115 -58
0.3114795684814453 -59
0.3152923583984375 -59
0.3187847137451172 -58
0.3254833221435547 -58
0.3292841911315918 -58
0.3373551368713379 -58
0.341630220413208 -57
0.34557151794433594 -58
0.35138726234436035 -58
0.35549378395080566 -58
0.35921216011047363 -58
0.3695075511932373 -58
0.37403321266174316 -59
0.379702091217041 -57
0.38419628143310547 -57
0.38838982582092285 -58
0.3928077220916748 -58
0.3963310718536377 -58
0.4033188819885254 -57
0.40694737434387207 -57
0.411456823348999 -57
0.4153914451599121 -58
0.41889286041259766 -58
0.4247477054595947 -58
0.42850518226623535 -58
0.43280768394470215 -59
0.4387083053588867 -59
0.4432373046875 -59
0.4466977119445801 -58
0.45069122314453125 -58
0.4547717571258545 -58
0.4612729549407959 -58
0.4648551940917969 -58
0.4686007499694824 -58
0.4732987880706787 -58
0.47674059867858887 -60
0.4841935634613037 -60
0.4879570007324219 -60
0.49242162704467773 -60
0.49599313735961914 -60
0.5022745132446289 -60
0.5080900192260742 -59
0.5124204158782959 -58
0.5159540176391602 -58
0.5196988582611084 -57
0.5241835117340088 -57
0.5298247337341309 -57
0.5345053672790527 -57
0.5382564067840576 -57
0.5425581932067871 -58
0.5461094379425049 -58
0.5521488189697266 -58
0.555717945098877 -58
0.5600335597991943 -58
0.5664031505584717 -58
0.5701401233673096 -60
0.5745923519134521 -60
0.5784125328063965 -58
0.5826916694641113 -58
0.5884723663330078 -58
0.5929632186889648 -58
0.5964863300323486 -58
0.6001894474029541 -58
0.6046597957611084 -58
0.61067795753479 -58
0.614774227142334 -58
0.6185197830200195 -58
0.6227931976318359 -59
0.626326322555542 -59
0.6328263282775879 -59
0.6363565921783447 -58
0.6401200294494629 -58
0.6445708274841309 -59
0.6482887268066406 -58
0.6543262004852295 -58
0.6580801010131836 -57
0.6625461578369141 -57
0.6683440208435059 -57
0.6726222038269043 -58
0.6762192249298096 -58
0.6799483299255371 -58
0.6844220161437988 -59
0.6900253295898438 -59
0.6945374011993408 -59
0.6982705593109131 -59
0.7025742530822754 -59
0.7061135768890381 -58
0.712853193283081 -58
0.7163946628570557 -58
0.7201192378997803 -58
0.724571704864502 -58
0.7282924652099609 -58
0.7369482517242432 -58
0.7425708770751953 -58
0.7483634948730469 -58
0.7528743743896484 -58
0.7564153671264648 -58
0.7601220607757568 -58
0.764728307723999 -58
0.7707123756408691 -58
0.7749552726745605 -58
0.7787466049194336 -58
0.7832965850830078 -58
0.7867393493652344 -57
0.7929205894470215 -57
0.7964725494384766 -58
0.800208568572998 -58
0.8066980838775635 -59
0.810718297958374 -59
0.814784049987793 -61
0.8185088634490967 -62
0.8228151798248291 -62
0.8285984992980957 -59
0.8333230018615723 -59
0.8368473052978516 -59
0.8412768840789795 -59
0.844836950302124 -59
0.851346492767334 -57
0.8548767566680908 -57
0.8586184978485107 -57
0.8629288673400879 -59
0.8664681911468506 -59
0.8733260631561279 -59
0.8768107891082764 -57
0.880734920501709 -57
0.8848137855529785 -58
0.8885722160339355 -57
0.894578218460083 -57
0.8983235359191895 -57
0.902625322341919 -57
0.9084169864654541 -57
0.9126863479614258 -58
0.9163367748260498 -57
0.920107364654541 -57
0.9247541427612305 -58
0.9312832355499268 -58
0.9348716735839844 -58
0.938624382019043 -58
0.9429049491882324 -59
0.9464449882507324 -59
0.9516181945800781 -59
0.9555690288543701 -59
0.9592921733856201 -58
0.963719367980957 -58
0.9673535823822021 -58
0.971642255783081 -58
0.9754023551940918 -58
0.9799950122833252 -58
0.9844710826873779 -60
0.9882204532623291 -62
0.9925470352172852 -62
0.9961199760437012 -62
0.9998645782470703 -61
