0 0 
0.003160238265991211 0
0.006680488586425781 0
0.010372161865234375 2
0.01502680778503418 2
0.018827199935913086 2
0.026490211486816406 2
0.030214548110961914 12
0.039260149002075195 28
0.043617963790893555 60
0.048664093017578125 95
0.05305838584899902 25
0.05856800079345703 80
0.06493639945983887 109
0.06878924369812012 122
0.0732724666595459 128
0.0790855884552002 142
0.08504176139831543 145
0.08883261680603027 153
0.09311699867248535 156
0.09665465354919434 161
0.10394620895385742 165
0.10740900039672852 169
0.11140036582946777 170
0.11552119255065918 175
0.11927199363708496 176
0.12522006034851074 178
0.1289844512939453 180
0.13347911834716797 185
0.13930702209472656 185
0.14362549781799316 185
0.14718842506408691 186
0.15134596824645996 189
0.15545058250427246 187
0.1620180606842041 188
0.1659846305847168 191
0.1695692539215088 190
0.17415332794189453 193
0.17767858505249023 197
0.18449044227600098 196
0.18812203407287598 196
0.19277477264404297 198
0.1963958740234375 198
0.20218491554260254 197
0.20601296424865723 199
0.20953154563903809 199
0.21621251106262207 200
0.22010326385498047 202
0.22458291053771973 201
0.2281641960144043 201
0.23264217376708984 203
0.23829293251037598 201
0.2428429126739502 202
0.24639487266540527 202
0.25017309188842773 202
0.2548372745513916 202
0.26045989990234375 202
0.2649390697479248 202
0.26857948303222656 203
0.2730538845062256 202
0.27664661407470703 202
0.2832028865814209 202
0.2867774963378906 203
0.29055047035217285 205
0.29520606994628906 204
0.3035624027252197 206
0.309384822845459 205
0.31435561180114746 205
0.318035364151001 206
0.3222994804382324 204
0.32826757431030273 207
0.3328053951263428 206
0.33638501167297363 204
0.3402400016784668 207
0.3447422981262207 204
0.3503420352935791 205
0.35482120513916016 205
0.35849523544311523 205
0.3629279136657715 205
0.3664679527282715 205
0.37225866317749023 204
0.37624049186706543 204
0.37999773025512695 204
0.38626575469970703 203
0.39006614685058594 204
0.39545750617980957 204
0.3992636203765869 205
0.40355682373046875 204
0.40936827659606934 204
0.4139676094055176 205
0.4174034595489502 206
0.4214017391204834 206
0.4256296157836914 205
0.43219685554504395 206
0.4361710548400879 207
0.43965649604797363 208
0.44434428215026855 206
0.45003437995910645 205
0.45454955101013184 207
0.45812320709228516 207
0.46239256858825684 206
0.466172456741333 205
0.4696650505065918 205
0.47551393508911133 205
0.4792919158935547 204
0.4835934638977051 203
0.489391565322876 204
0.49431896209716797 203
0.49799132347106934 203
0.5022857189178467 204
0.5080597400665283 203
0.5123782157897949 203
0.5161736011505127 204
0.5196547508239746 204
0.524329423904419 205
0.5299849510192871 204
0.5345108509063721 206
0.5380775928497314 207
0.5423665046691895 207
0.5461611747741699 206
0.5528604984283447 206
0.556450605392456 207
0.5601894855499268 207
0.5647079944610596 205
0.5682766437530518 207
0.5741901397705078 207
0.5779197216033936 207
0.5822689533233643 205
0.5881578922271729 207
0.5926704406738281 206
0.5962622165679932 207
0.6000049114227295 205
0.6045055389404297 205
0.610140323638916 204
0.6148285865783691 205
0.6185102462768555 204
0.6229321956634521 203
0.628624677658081 205
0.6330244541168213 204
0.6366050243377686 205
0.6403703689575195 205
0.6448493003845215 205
0.6504688262939453 206
0.6550018787384033 206
0.6587648391723633 205
0.6630783081054688 207
0.6666378974914551 207
0.6728339195251465 208
0.6764202117919922 206
0.6803205013275146 209
0.6868479251861572 208
0.6906120777130127 208
0.6950633525848389 206
0.7034006118774414 208
0.7069873809814453 205
0.7131812572479248 204
0.7167730331420898 204
0.7205092906951904 202
0.7263622283935547 204
0.730130672454834 204
0.7348079681396484 203
0.7404811382293701 202
0.7449550628662109 203
0.7486310005187988 204
0.7530026435852051 204
0.7588295936584473 204
0.7631416320800781 207
0.7667193412780762 207
0.7704629898071289 206
0.7749307155609131 206
0.7805440425872803 205
0.7850441932678223 206
0.7888007164001465 206
0.7932775020599365 205
0.796952486038208 205
0.8030304908752441 207
0.806605339050293 207
0.8103647232055664 206
0.8168666362762451 205
0.8206315040588379 205
0.8251357078552246 205
0.8288600444793701 204
0.8331451416015625 204
0.8389408588409424 204
0.8432877063751221 204
0.8468341827392578 205
0.8506019115447998 203
0.8552627563476562 204
0.8609161376953125 204
0.8654108047485352 205
0.8691434860229492 204
0.8734695911407471 204
0.8770067691802979 204
0.8830981254577637 206
0.886646032333374 206
0.8903870582580566 206
0.8966834545135498 206
0.9004411697387695 207
0.9049091339111328 208
0.9085557460784912 205
0.9131560325622559 206
0.9189944267272949 205
0.9234263896942139 206
0.926976203918457 206
0.9307124614715576 205
0.9351706504821777 206
0.9408493041992188 205
0.9454987049102783 204
0.949237585067749 204
0.9535098075866699 202
0.9570603370666504 204
0.9636504650115967 203
0.9671902656555176 204
0.9713425636291504 203
0.9756157398223877 204
0.9793877601623535 206
0.9852654933929443 204
0.9890012741088867 204
0.9933149814605713 205
0.999164342880249 206
