0 0 
0.002727031707763672 0
0.006203889846801758 0
0.011034011840820312 -2
0.01887655258178711 -2
0.024852275848388672 -2
0.02956986427307129 -14
0.03538680076599121 -34
0.039847373962402344 -67
0.043457984924316406 -67
0.04721832275390625 -28
0.0520172119140625 -89
0.05857563018798828 -122
0.062111854553222656 -132
0.06586956977844238 -146
0.07017040252685547 -157
0.0737154483795166 -166
0.07981634140014648 -171
0.0833590030670166 -178
0.08708691596984863 -189
0.09349799156188965 -192
0.09724020957946777 -196
0.1016993522644043 -203
0.10544729232788086 -209
0.1098790168762207 -218
0.11568641662597656 -219
0.12010622024536133 -224
0.12363576889038086 -228
0.12735867500305176 -232
0.13190650939941406 -233
0.13794875144958496 -236
0.14202022552490234 -238
0.14580512046813965 -238
0.15014052391052246 -237
0.15369725227355957 -241
0.16056609153747559 -243
0.16414403915405273 -243
0.16864395141601562 -244
0.17261695861816406 -247
0.17615437507629395 -248
0.1820049285888672 -250
0.18575239181518555 -250
0.19003510475158691 -252
0.19588446617126465 -255
0.20126128196716309 -256
0.20485353469848633 -254
0.20931339263916016 -258
0.2151038646697998 -259
0.21952486038208008 -259
0.2230989933013916 -257
0.22684240341186523 -260
0.23148250579833984 -259
0.23717999458312988 -259
0.241851806640625 -260
0.24558115005493164 -261
0.24987101554870605 -260
0.25341320037841797 -260
0.25943994522094727 -261
0.26302242279052734 -259
0.2668464183807373 -260
0.2732269763946533 -260
0.2769942283630371 -260
0.28147387504577637 -261
0.28516173362731934 -262
0.2896766662597656 -261
0.2955467700958252 -264
0.29985642433166504 -263
0.3033888339996338 -263
0.30713343620300293 -262
0.3116180896759033 -266
0.3172495365142822 -261
0.3217298984527588 -263
0.32546091079711914 -265
0.32984495162963867 -265
0.3333919048309326 -264
0.3394312858581543 -261
0.34298229217529297 -264
0.3467261791229248 -260
0.3526749610900879 -263
0.35616016387939453 -261
0.36083459854125977 -264
0.3665306568145752 -263
0.37124061584472656 -263
0.37480854988098145 -261
0.37932324409484863 -260
0.38291215896606445 -263
0.38949036598205566 -263
0.3930790424346924 -263
0.39682602882385254 -263
0.40140438079833984 -267
0.4070117473602295 -266
0.4117012023925781 -268
0.4197835922241211 -269
0.4233551025390625 -267
0.4271056652069092 -266
0.4336075782775879 -262
0.43738245964050293 -264
0.4420125484466553 -261
0.44577646255493164 -260
0.45006251335144043 -260
0.45583510398864746 -262
0.46015310287475586 -260
0.4637138843536377 -261
0.4678840637207031 -264
0.47211265563964844 -266
0.4787166118621826 -266
0.4825112819671631 -267
0.48612427711486816 -269
0.4907238483428955 -267
0.4944651126861572 -267
0.5005018711090088 -265
0.5039322376251221 -265
0.5079243183135986 -263
0.5140955448150635 -264
0.5185599327087402 -262
0.5221669673919678 -263
0.5259287357330322 -262
0.532660961151123 -261
0.5361983776092529 -261
0.5408909320831299 -262
0.5445528030395508 -264
0.5488195419311523 -263
0.5546536445617676 -265
0.5591685771942139 -264
0.5627553462982178 -264
0.5664846897125244 -263
0.5709195137023926 -264
0.5766875743865967 -264
0.5812695026397705 -264
0.5848476886749268 -264
0.5894834995269775 -265
0.5930776596069336 -264
0.5991120338439941 -263
0.6027235984802246 -262
0.6064698696136475 -266
0.6129150390625 -264
0.616687536239624 -263
0.621173620223999 -265
0.6247315406799316 -266
0.6294069290161133 -262
0.6351170539855957 -263
0.6395409107208252 -263
0.6431262493133545 -263
0.6469178199768066 -264
0.6515769958496094 -264
0.6572089195251465 -266
0.6616740226745605 -264
0.665452241897583 -266
0.6697983741760254 -265
0.6734559535980225 -267
0.6800704002380371 -263
0.6836187839508057 -265
0.687361478805542 -266
0.6918020248413086 -263
0.695528507232666 -265
0.701378345489502 -264
0.7050318717956543 -263
0.7095863819122314 -262
0.71541428565979 -262
0.7196860313415527 -260
0.7232685089111328 -262
0.727048397064209 -263
0.7315268516540527 -262
0.7371933460235596 -263
0.741673469543457 -264
0.7454054355621338 -263
0.7496914863586426 -264
0.7532660961151123 -265
0.7600259780883789 -265
0.7635788917541504 -267
0.7673585414886475 -268
0.771981954574585 -266
0.775738000869751 -266
0.781578540802002 -265
0.7854471206665039 -264
0.7917299270629883 -264
0.7955098152160645 -262
0.7998263835906982 -264
0.8033876419067383 -263
0.8071293830871582 -262
0.8135597705841064 -264
0.8217017650604248 -262
0.8254685401916504 -261
0.8300621509552002 -266
0.8336179256439209 -265
0.8398447036743164 -263
0.8433923721313477 -265
0.847149133682251 -266
0.8533878326416016 -264
0.8571314811706543 -264
0.8615975379943848 -266
0.865333080291748 -265
0.8696787357330322 -265
0.8755297660827637 -262
0.8798463344573975 -264
0.8833703994750977 -265
0.8871135711669922 -263
0.8917827606201172 -263
0.8974254131317139 -266
0.9019386768341064 -262
0.9056787490844727 -262
0.90997314453125 -263
0.9136197566986084 -264
0.9202027320861816 -263
0.924689769744873 -265
0.9293017387390137 -264
0.9329209327697754 -266
0.9387149810791016 -267
0.9426696300506592 -268
0.9461627006530762 -265
0.9520595073699951 -265
0.9558379650115967 -264
0.9601526260375977 -263
0.9660079479217529 -265
0.9705538749694824 -264
0.9740746021270752 -263
0.9785149097442627 -262
0.9820835590362549 -261
0.9886970520019531 -263
0.9925093650817871 -261
0.9960179328918457 -264
