0 0 
0.0035195350646972656 0
0.007217884063720703 0
0.011428117752075195 0
0.015352725982666016 0
0.018904924392700195 0
0.024796724319458008 0
0.028493642807006836 -3
0.03437304496765137 -3
0.038140058517456055 -3
0.04244184494018555 -8
0.04825305938720703 -8
0.05257892608642578 -8
0.056140899658203125 -8
0.05993199348449707 -18
0.06441736221313477 -48
0.07298398017883301 -48
0.07676506042480469 -42
0.08073806762695312 -42
0.08499503135681152 -51
0.08875679969787598 -51
0.09459614753723145 -51
0.09832501411437988 -57
0.10424184799194336 -61
0.10794210433959961 -63
0.1123194694519043 -64
0.11823892593383789 -64
0.1226193904876709 -64
0.12615633010864258 -67
0.1299128532409668 -68
0.13439106941223145 -69
0.14003324508666992 -69
0.14469146728515625 -70
0.14843177795410156 -70
0.15272235870361328 -71
0.15630102157592773 -72
0.16243433952331543 -72
0.16598939895629883 -72
0.16973876953125 -73
0.17600250244140625 -73
0.17975521087646484 -73
0.18423795700073242 -73
0.18792033195495605 -73
0.19230437278747559 -74
0.19819259643554688 -74
0.20264792442321777 -74
0.20620441436767578 -76
0.21000170707702637 -76
0.2145097255706787 -76
0.22018742561340332 -76
0.22470569610595703 -76
0.2284688949584961 -76
0.2329542636871338 -76
0.2365102767944336 -78
0.24334359169006348 -78
0.2515861988067627 -78
0.255551815032959 -78
0.2592897415161133 -78
0.2649216651916504 -78
0.2687339782714844 -77
0.27553558349609375 -77
0.27933645248413086 -77
0.2838325500488281 -77
0.28742456436157227 -76
0.2917015552520752 -76
0.2974848747253418 -76
0.3020787239074707 -76
0.30567455291748047 -76
0.3094213008880615 -76
0.3138744831085205 -75
0.31951117515563965 -75
0.3242199420928955 -75
0.327847957611084 -76
0.33231592178344727 -76
0.3359358310699463 -76
0.3419811725616455 -77
0.3455684185028076 -76
0.3492887020111084 -77
0.35566234588623047 -77
0.35948991775512695 -77
0.3641512393951416 -76
0.3678252696990967 -76
0.3722202777862549 -76
0.37791013717651367 -76
0.3824796676635742 -76
0.3860599994659424 -76
0.3898324966430664 -77
0.39426374435424805 -77
0.3999197483062744 -77
0.4044623374938965 -78
0.4082212448120117 -78
0.41251039505004883 -78
0.4160950183868408 -77
0.4226541519165039 -77
0.42620134353637695 -78
0.4299581050872803 -77
0.4343910217285156 -77
0.4381251335144043 -78
0.44414615631103516 -78
0.44785618782043457 -77
0.4556539058685303 -77
0.46380186080932617 -77
0.4673953056335449 -77
0.4732666015625 -77
0.4767420291900635 -76
0.48133158683776855 -77
0.48698878288269043 -77
0.4915885925292969 -77
0.4955565929412842 -77
0.4992787837982178 -78
0.503950834274292 -79
0.5095808506011963 -78
0.5140540599822998 -78
0.5176069736480713 -77
0.522087574005127 -77
0.5276775360107422 -76
0.53220534324646 -76
0.5357992649078369 -77
0.5395510196685791 -77
0.5440757274627686 -77
0.5497181415557861 -78
0.5542147159576416 -76
0.5578501224517822 -76
0.5624363422393799 -76
0.5659806728363037 -76
0.5720012187957764 -77
0.5755817890167236 -76
0.5794188976287842 -77
0.5857384204864502 -76
0.5895414352416992 -76
0.594069242477417 -76
0.5976357460021973 -78
0.6021068096160889 -78
0.6078212261199951 -78
0.6128544807434082 -77
0.6164145469665527 -77
0.620185375213623 -77
0.624910831451416 -78
0.6315033435821533 -78
0.6352493762969971 -78
0.638761043548584 -78
0.643326997756958 -78
0.6467766761779785 -75
0.6561801433563232 -75
0.6599216461181641 -76
0.6645689010620117 -76
0.6701705455780029 -76
0.674811601638794 -76
0.6785564422607422 -77
0.683347225189209 -77
0.6868677139282227 -77
0.6999599933624268 -78
0.70458984375 -77
0.7124567031860352 -77
0.7182605266571045 -77
0.7228426933288574 -77
0.731564998626709 -77
0.7358913421630859 -77
0.7396485805511475 -77
0.7443008422851562 -77
0.74796462059021 -76
0.7545568943023682 -78
0.7582912445068359 -77
0.7643337249755859 -76
0.769995927810669 -76
0.7746920585632324 -77
0.7806687355041504 -77
0.7849504947662354 -77
0.7886936664581299 -78
0.7946953773498535 -78
0.7984359264373779 -77
0.8044683933258057 -76
0.810096263885498 -77
0.8145866394042969 -77
0.8207423686981201 -77
0.8248109817504883 -77
0.8313868045806885 -77
0.8349294662475586 -77
0.8415529727935791 -77
0.8453419208526611 -76
0.8488452434539795 -76
0.8575563430786133 -76
0.8622486591339111 -76
0.8679652214050293 -76
0.8723793029785156 -76
0.8759477138519287 -76
0.8825297355651855 -76
0.8877146244049072 -78
0.8955061435699463 -77
0.8992259502410889 -77
0.9036633968353271 -77
0.9094159603118896 -77
0.9138929843902588 -77
0.9195671081542969 -76
0.9242374897003174 -76
0.92787766456604 -76
0.933835506439209 -76
0.9402153491973877 -76
0.9467592239379883 -77
0.9534671306610107 -77
0.9569840431213379 -78
0.9614644050598145 -78
0.965360164642334 -77
0.9722042083740234 -77
0.9779245853424072 -77
0.9824988842010498 -77
0.9860880374908447 -77
0.9898402690887451 -79
0.9976372718811035 -78
