0 0 
0.0034716129302978516 0
0.007093191146850586 0
0.01131892204284668 0
0.01481318473815918 -3
0.01865220069885254 -3
0.02440357208251953 -8
0.028310537338256836 -85
0.03433966636657715 -98
0.03817391395568848 -41
0.04422736167907715 -124
0.04796171188354492 -156
0.05228447914123535 -185
0.0580902099609375 -183
0.062349557876586914 -198
0.06598591804504395 -198
0.06974387168884277 -227
0.07431650161743164 -246
0.07996535301208496 -257
0.08444046974182129 -268
0.08817100524902344 -280
0.09247398376464844 -286
0.09604048728942871 -292
0.10277295112609863 -303
0.10633087158203125 -310
0.1100616455078125 -318
0.11482453346252441 -322
0.11860251426696777 -332
0.12447547912597656 -333
0.12822175025939941 -337
0.13249516487121582 -342
0.13831686973571777 -348
0.14259052276611328 -347
0.14615774154663086 -351
0.14989137649536133 -353
0.15438032150268555 -358
0.16006112098693848 -361
0.16473603248596191 -367
0.16850519180297852 -367
0.17282772064208984 -371
0.17638826370239258 -370
0.18325018882751465 -375
0.186753511428833 -375
0.19118857383728027 -376
0.19473648071289062 -375
0.19849562644958496 -381
0.20435571670532227 -377
0.20820069313049316 -380
0.21444249153137207 -383
0.2181847095489502 -382
0.22264790534973145 -383
0.226179838180542 -387
0.22991323471069336 -387
0.2393481731414795 -387
0.24411678314208984 -394
0.24780821800231934 -392
0.2539384365081787 -387
0.2575364112854004 -389
0.2621777057647705 -388
0.26811957359313965 -387
0.27245211601257324 -391
0.2759976387023926 -390
0.2797377109527588 -388
0.2843797206878662 -390
0.2900102138519287 -393
0.2944607734680176 -395
0.29822778701782227 -393
0.3025209903717041 -394
0.30605006217956543 -393
0.31259918212890625 -394
0.31616926193237305 -394
0.3198988437652588 -390
0.3244004249572754 -394
0.32823753356933594 -391
0.3340942859649658 -391
0.33776259422302246 -390
0.34372997283935547 -395
0.34736132621765137 -392
0.35181140899658203 -393
0.35746026039123535 -397
0.36196208000183105 -396
0.36556482315063477 -394
0.36933398246765137 -395
0.3740115165710449 -397
0.37966370582580566 -394
0.38417720794677734 -395
0.3879573345184326 -391
0.39230942726135254 -392
0.3958883285522461 -392
0.40220141410827637 -394
0.40579819679260254 -396
0.4095611572265625 -395
0.4158461093902588 -396
0.4196178913116455 -397
0.42413973808288574 -398
0.42783498764038086 -398
0.43224024772644043 -398
0.43805360794067383 -396
0.4423696994781494 -395
0.4459717273712158 -392
0.4497702121734619 -392
0.4561011791229248 -394
0.45988917350769043 -391
0.4645426273345947 -395
0.468325138092041 -395
0.4726700782775879 -399
0.47844862937927246 -398
0.48308324813842773 -399
0.4865453243255615 -398
0.4905705451965332 -397
0.4946565628051758 -394
0.5012123584747314 -397
0.5051980018615723 -396
0.5087392330169678 -394
0.5133461952209473 -393
0.5171043872833252 -394
0.5231153964996338 -393
0.5265884399414062 -393
0.5311448574066162 -396
0.5370585918426514 -399
0.541367769241333 -397
0.5451352596282959 -396
0.5486533641815186 -396
0.5532386302947998 -397
0.5587997436523438 -395
0.5635249614715576 -395
0.5671977996826172 -395
0.5717895030975342 -396
0.577446460723877 -393
0.5821490287780762 -394
0.5857653617858887 -394
0.5896158218383789 -393
0.5941019058227539 -395
0.5997934341430664 -399
0.604271411895752 -399
0.607999324798584 -398
0.6123013496398926 -399
0.615912914276123 -398
0.6219432353973389 -395
0.6255645751953125 -394
0.6293389797210693 -392
0.6383042335510254 -395
0.6445107460021973 -395
0.6482791900634766 -396
0.6541304588317871 -394
0.6579220294952393 -398
0.662400484085083 -396
0.6682145595550537 -398
0.672553300857544 -398
0.6761932373046875 -397
0.6799867153167725 -395
0.6844866275787354 -396
0.6905035972595215 -394
0.694598913192749 -393
0.6983561515808105 -395
0.7028391361236572 -394
0.7065372467041016 -392
0.7138826847076416 -394
0.7174651622772217 -396
0.7219538688659668 -397
0.7255518436431885 -398
0.7293407917022705 -398
0.7340478897094727 -395
0.7396833896636963 -394
0.7441778182983398 -397
0.7479562759399414 -394
0.7522897720336914 -395
0.7581148147583008 -395
0.7626585960388184 -393
0.7662198543548584 -393
0.7699728012084961 -393
0.774449348449707 -396
0.7800731658935547 -393
0.7845773696899414 -398
0.788485050201416 -398
0.79280686378479 -399
0.7963449954986572 -397
0.8024253845214844 -396
0.8059999942779541 -393
0.8097803592681885 -393
0.8161756992340088 -394
0.8199734687805176 -392
0.8246021270751953 -397
0.8283665180206299 -392
0.8326992988586426 -396
0.8385088443756104 -397
0.8428239822387695 -397
0.8465352058410645 -395
0.850531816482544 -399
0.854609489440918 -397
0.8611764907836914 -398
0.8647449016571045 -398
0.8685159683227539 -398
0.8728334903717041 -392
0.8765554428100586 -394
0.882652997970581 -391
0.8861920833587646 -394
0.8899674415588379 -396
0.895857572555542 -398
0.8995862007141113 -397
0.9041447639465332 -398
0.9098131656646729 -397
0.9144203662872314 -397
0.9181563854217529 -398
0.9224796295166016 -397
0.9260303974151611 -393
0.9326131343841553 -393
0.9361653327941895 -392
0.9399433135986328 -393
0.9446074962615967 -394
0.948378324508667 -394
0.9542334079742432 -398
0.9579572677612305 -397
0.9642374515533447 -397
0.968008279800415 -397
0.972318172454834 -397
0.975893497467041 -398
0.9796333312988281 -397
0.9859898090362549 -395
0.9898090362548828 -396
0.99432373046875 -393
0.9980664253234863 -392
