0 0 
0.0032210350036621094 0
0.006913900375366211 -2
0.010602951049804688 -2
0.015106678009033203 -6
0.02045440673828125 -13
0.025315523147583008 -30
0.02909088134765625 -77
0.03495430946350098 -17
0.038729190826416016 -49
0.0430302619934082 -104
0.04884219169616699 -145
0.05313706398010254 -158
0.05668282508850098 -190
0.06041240692138672 -197
0.0650777816772461 -203
0.07107043266296387 -221
0.07522296905517578 -237
0.07898902893066406 -245
0.08328127861022949 -258
0.08682107925415039 -270
0.09364008903503418 -281
0.09707188606262207 -285
0.10103678703308105 -294
0.10512948036193848 -297
0.10885262489318848 -301
0.1148064136505127 -305
0.11857318878173828 -311
0.12446379661560059 -313
0.12807536125183105 -317
0.1325540542602539 -322
0.13828182220458984 -329
0.1426987648010254 -330
0.14628338813781738 -333
0.1500546932220459 -339
0.15454363822937012 -339
0.16026043891906738 -349
0.16479182243347168 -350
0.16850042343139648 -352
0.17284655570983887 -353
0.17641210556030273 -354
0.1826343536376953 -354
0.186187744140625 -355
0.1899433135986328 -356
0.19505548477172852 -358
0.19881749153137207 -360
0.20465373992919922 -360
0.2084944248199463 -361
0.21281194686889648 -364
0.21863889694213867 -362
0.2229166030883789 -368
0.22647428512573242 -368
0.23020482063293457 -371
0.23468780517578125 -368
0.2403552532196045 -373
0.24496936798095703 -366
0.24869084358215332 -369
0.2530055046081543 -368
0.2565476894378662 -369
0.2631847858428955 -369
0.2667362689971924 -371
0.2704899311065674 -371
0.2749764919281006 -373
0.2787034511566162 -373
0.2845602035522461 -373
0.28819990158081055 -376
0.2926051616668701 -374
0.2983841896057129 -377
0.3029448986053467 -376
0.30652570724487305 -375
0.31027674674987793 -375
0.3147754669189453 -373
0.320385217666626 -370
0.32510852813720703 -371
0.3288593292236328 -370
0.3331573009490967 -371
0.3389444351196289 -376
0.3432483673095703 -376
0.3467991352081299 -377
0.35055017471313477 -380
0.3550605773925781 -378
0.36105966567993164 -376
0.36533546447753906 -377
0.3740549087524414 -374
0.3777341842651367 -375
0.3820168972015381 -377
0.3880329132080078 -372
0.3926677703857422 -373
0.39626264572143555 -375
0.4001305103302002 -373
0.4046177864074707 -374
0.41027188301086426 -379
0.4147660732269287 -375
0.4185159206390381 -380
0.4229919910430908 -379
0.4265460968017578 -377
0.4331066608428955 -377
0.4367218017578125 -377
0.44048452377319336 -375
0.4449934959411621 -374
0.448716402053833 -375
0.45472192764282227 -375
0.4584953784942627 -375
0.4647862911224365 -377
0.46857333183288574 -378
0.47286152839660645 -378
0.47644996643066406 -379
0.4803175926208496 -379
0.4868311882019043 -379
0.4905891418457031 -376
0.4950897693634033 -376
0.49883556365966797 -377
0.5031132698059082 -376
0.5089287757873535 -376
0.5132436752319336 -378
0.5167949199676514 -371
0.5205442905426025 -375
0.5250365734100342 -373
0.5310671329498291 -373
0.5351645946502686 -378
0.538916826248169 -379
0.5433814525604248 -376
0.547062873840332 -379
0.5530023574829102 -380
0.5565698146820068 -378
0.5603296756744385 -380
0.5667266845703125 -375
0.5705533027648926 -377
0.5750188827514648 -374
0.5787632465362549 -374
0.5832715034484863 -374
0.5891447067260742 -376
0.5937180519104004 -376
0.5972354412078857 -375
0.6016907691955566 -377
0.6076791286468506 -377
0.612069845199585 -377
0.6158487796783447 -379
0.6193435192108154 -380
0.6240177154541016 -379
0.6301403045654297 -377
0.6346554756164551 -376
0.6383447647094727 -376
0.6427774429321289 -373
0.6463449001312256 -373
0.6523852348327637 -375
0.6559834480285645 -374
0.6597640514373779 -373
0.6663689613342285 -375
0.6702618598937988 -376
0.6747512817382812 -379
0.6785047054290771 -379
0.6828114986419678 -379
0.6886096000671387 -376
0.692929744720459 -377
0.6964967250823975 -375
0.7002782821655273 -376
0.7047829627990723 -375
0.7104396820068359 -374
0.7150931358337402 -376
0.7188441753387451 -372
0.7233202457427979 -376
0.7268846035003662 -376
0.7329771518707275 -376
0.7365429401397705 -376
0.740304708480835 -377
0.7466604709625244 -377
0.7504229545593262 -378
0.7548890113830566 -380
0.7587020397186279 -377
0.7630290985107422 -374
0.7725307941436768 -374
0.7763750553131104 -373
0.7801346778869629 -373
0.7852563858032227 -377
0.7918515205383301 -377
0.795802116394043 -378
0.7993102073669434 -379
0.8038811683654785 -381
0.807389497756958 -378
0.8142096996307373 -379
0.8177917003631592 -378
0.8220982551574707 -377
0.8258767127990723 -374
0.8293647766113281 -375
0.8352196216583252 -375
0.8389730453491211 -374
0.8448688983917236 -377
0.8486404418945312 -374
0.8529517650604248 -373
0.8587760925292969 -380
0.8630897998809814 -380
0.8666565418243408 -378
0.8704562187194824 -379
0.8749229907989502 -380
0.8805530071258545 -376
0.8850841522216797 -376
0.8888468742370605 -376
0.8931405544281006 -375
0.8966922760009766 -375
0.9036622047424316 -375
0.9071071147918701 -375
0.9117443561553955 -378
0.9152929782867432 -379
0.9190423488616943 -376
0.9248924255371094 -377
0.9286978244781494 -378
0.9330093860626221 -377
0.9388232231140137 -379
0.943115234375 -380
0.9466691017150879 -378
0.9504141807556152 -377
0.9548888206481934 -376
0.9605352878570557 -376
0.9651739597320557 -374
0.9689211845397949 -378
0.973639726638794 -375
0.9791977405548096 -376
0.9837992191314697 -378
0.9873578548431396 -378
0.9918661117553711 -380
0.9956274032592773 -382
