0 0 
0.0025916099548339844 0
0.006676197052001953 0
0.01035451889038086 0
0.014586687088012695 0
0.01815009117126465 -2
0.021887779235839844 -7
0.026599407196044922 -52
0.034204959869384766 -12
0.03841876983642578 -35
0.04354977607727051 -77
0.04733633995056152 -131
0.05084681510925293 -163
0.05671358108520508 -179
0.06046891212463379 -191
0.06479716300964355 -197
0.07066035270690918 -208
0.07529902458190918 -219
0.07880568504333496 -230
0.08325386047363281 -242
0.08924007415771484 -255
0.09364199638366699 -264
0.09743952751159668 -268
0.10474562644958496 -288
0.10949039459228516 -294
0.11565780639648438 -298
0.11945438385009766 -300
0.12410092353820801 -306
0.1298828125 -309
0.13441991806030273 -313
0.13800454139709473 -314
0.1417696475982666 -317
0.14643597602844238 -320
0.1521010398864746 -323
0.15657281875610352 -327
0.16035032272338867 -327
0.1648705005645752 -331
0.16841959953308105 -334
0.17531347274780273 -338
0.17880558967590332 -337
0.18326616287231445 -341
0.18683886528015137 -342
0.19059467315673828 -341
0.1964735984802246 -343
0.20021677017211914 -346
0.20617151260375977 -345
0.20984578132629395 -342
0.21430063247680664 -347
0.2201242446899414 -349
0.22442936897277832 -345
0.22801685333251953 -346
0.23176169395446777 -347
0.23627138137817383 -352
0.2419426441192627 -351
0.2464292049407959 -353
0.2501661777496338 -353
0.2544260025024414 -354
0.2580299377441406 -354
0.2642805576324463 -352
0.26790761947631836 -352
0.2716536521911621 -354
0.27803778648376465 -353
0.28185129165649414 -354
0.2863309383392334 -354
0.29004907608032227 -355
0.2945575714111328 -352
0.3003501892089844 -356
0.30463695526123047 -355
0.3082275390625 -355
0.31197023391723633 -356
0.3164403438568115 -359
0.3221008777618408 -357
0.3267369270324707 -359
0.3305549621582031 -361
0.3348536491394043 -357
0.3383760452270508 -358
0.34518909454345703 -355
0.34867238998413086 -354
0.35270190238952637 -354
0.35679173469543457 -354
0.36055898666381836 -354
0.36643075942993164 -358
0.3702046871185303 -357
0.3745417594909668 -361
0.3803997039794922 -359
0.3848721981048584 -361
0.38843560218811035 -357
0.3921952247619629 -360
0.3966827392578125 -358
0.40332961082458496 -355
0.40688490867614746 -359
0.41069889068603516 -358
0.4152674674987793 -358
0.4187753200531006 -357
0.42576169967651367 -358
0.4293630123138428 -357
0.4338562488555908 -357
0.43753480911254883 -358
0.444258451461792 -359
0.44786906242370605 -359
0.4516429901123047 -360
0.45613527297973633 -359
0.45978474617004395 -359
0.4657866954803467 -359
0.4693772792816162 -359
0.4738590717315674 -357
0.4795541763305664 -359
0.48421812057495117 -356
0.4878222942352295 -356
0.491588830947876 -356
0.4960970878601074 -357
0.5063567161560059 -359
0.5101277828216553 -358
0.5145783424377441 -358
0.5181381702423096 -360
0.5219323635101318 -360
0.5268046855926514 -358
0.5334107875823975 -360
0.537377119064331 -363
0.5408895015716553 -359
0.5455622673034668 -358
0.5518882274627686 -358
0.5565757751464844 -354
0.5603275299072266 -355
0.5647990703582764 -355
0.568356990814209 -356
0.5743982791900635 -360
0.5780527591705322 -359
0.5818543434143066 -360
0.588109016418457 -362
0.5919132232666016 -363
0.5964124202728271 -359
0.6001992225646973 -358
0.6045401096343994 -359
0.6104128360748291 -356
0.6147589683532715 -356
0.6183147430419922 -357
0.6220667362213135 -358
0.6266899108886719 -356
0.6332516670227051 -358
0.6368238925933838 -357
0.6406075954437256 -358
0.6451656818389893 -357
0.6486227512359619 -359
0.6553382873535156 -360
0.6588513851165771 -361
0.663346529006958 -359
0.6669323444366455 -362
0.6707208156585693 -360
0.6766893863677979 -357
0.6804649829864502 -355
0.6863431930541992 -357
0.6901166439056396 -357
0.6944091320037842 -355
0.7002618312835693 -357
0.7045860290527344 -359
0.7081363201141357 -359
0.7118988037109375 -361
0.7164103984832764 -360
0.7220828533172607 -363
0.7266011238098145 -359
0.7303643226623535 -360
0.7346503734588623 -359
0.7382452487945557 -359
0.7453136444091797 -356
0.7488460540771484 -359
0.7533414363861084 -356
0.7568848133087158 -355
0.7606768608093262 -358
0.7665269374847412 -356
0.7702693939208984 -356
0.7745890617370605 -359
0.7804312705993652 -357
0.7847867012023926 -361
0.788445234298706 -361
0.7925751209259033 -361
0.7967002391815186 -359
0.8032441139221191 -361
0.8072292804718018 -358
0.8107497692108154 -356
0.815643310546875 -357
0.8213486671447754 -357
0.8259203433990479 -355
0.8295004367828369 -355
0.8339991569519043 -355
0.8376076221466064 -356
0.8434543609619141 -359
0.8472738265991211 -359
0.8507997989654541 -363
0.8574204444885254 -359
0.8612143993377686 -361
0.8659002780914307 -358
0.8694906234741211 -361
0.8740067481994629 -358
0.8798196315765381 -357
0.8842358589172363 -356
0.8878116607666016 -358
0.8915786743164062 -355
0.8960883617401123 -356
0.901759147644043 -359
0.9101030826568604 -356
0.9145479202270508 -360
0.9182171821594238 -358
0.9219858646392822 -361
0.9292480945587158 -358
0.933596134185791 -362
0.9375255107879639 -358
0.9413125514984131 -359
0.9460034370422363 -357
0.951643705368042 -358
0.9561655521392822 -357
0.9598371982574463 -358
0.9642703533172607 -354
0.9678623676300049 -358
0.9739248752593994 -359
0.9775331020355225 -357
0.9813060760498047 -361
0.9864475727081299 -363
0.9902305603027344 -361
0.9960994720458984 -361
0.9997737407684326 -362
