0 0 
0.0024023056030273438 0
0.007492780685424805 0
0.011904001235961914 0
0.015497922897338867 -2
0.020017385482788086 -35
0.025936603546142578 -11
0.030307292938232422 -61
0.03386354446411133 -180
0.03766226768493652 -82
0.04213404655456543 -263
0.0477752685546875 -268
0.052503108978271484 -321
0.05625510215759277 -359
0.060582876205444336 -399
0.06414079666137695 -425
0.07017946243286133 -456
0.07382988929748535 -471
0.07758140563964844 -510
0.08395195007324219 -534
0.08774161338806152 -557
0.09220671653747559 -572
0.09598135948181152 -593
0.1003117561340332 -608
0.10610556602478027 -627
0.11056733131408691 -639
0.11422586441040039 -655
0.1183784008026123 -668
0.1226346492767334 -690
0.12920212745666504 -699
0.13301944732666016 -704
0.13651657104492188 -721
0.1436455249786377 -730
0.15346264839172363 -744
0.15727448463439941 -756
0.1622323989868164 -770
0.16912460327148438 -772
0.17383670806884766 -776
0.17976617813110352 -782
0.18390297889709473 -793
0.18999814987182617 -799
0.1938796043395996 -803
0.19764399528503418 -804
0.2040262222290039 -807
0.2078232765197754 -812
0.21230340003967285 -812
0.22043085098266602 -826
0.2241194248199463 -826
0.23040294647216797 -826
0.23398685455322266 -826
0.23775172233581543 -832
0.24366068840026855 -833
0.2474350929260254 -836
0.25217509269714355 -836
0.25934839248657227 -838
0.2631394863128662 -838
0.2666501998901367 -841
0.27135419845581055 -846
0.27707743644714355 -850
0.2816600799560547 -849
0.28523945808410645 -851
0.2899014949798584 -850
0.2934837341308594 -849
0.2993283271789551 -849
0.3031322956085205 -854
0.3066520690917969 -857
0.31331372261047363 -855
0.3171048164367676 -853
0.32164597511291504 -855
0.3252270221710205 -852
0.32973504066467285 -859
0.3353726863861084 -861
0.3398897647857666 -862
0.3435487747192383 -860
0.34734153747558594 -857
0.3520162105560303 -860
0.35768938064575195 -861
0.36218976974487305 -866
0.36598920822143555 -867
0.37032151222229004 -863
0.3738682270050049 -860
0.3805992603302002 -862
0.3841695785522461 -861
0.38791847229003906 -862
0.392413854598999 -866
0.39617061614990234 -868
0.4022040367126465 -865
0.405961275100708 -863
0.41057395935058594 -866
0.4158618450164795 -866
0.421947717666626 -870
0.425584077835083 -867
0.430009126663208 -863
0.43584513664245605 -863
0.4401681423187256 -865
0.44377565383911133 -865
0.44754743576049805 -868
0.45208168029785156 -864
0.45769643783569336 -867
0.4623372554779053 -866
0.4660944938659668 -866
0.47055482864379883 -868
0.476348876953125 -871
0.4806661605834961 -866
0.4842264652252197 -867
0.48837733268737793 -864
0.49251365661621094 -864
0.4992189407348633 -870
0.503007173538208 -869
0.5065288543701172 -868
0.5115060806274414 -868
0.5151073932647705 -867
0.5209882259368896 -864
0.5244479179382324 -871
0.5284490585327148 -869
0.5350444316864014 -871
0.539374589920044 -866
0.5431647300720215 -866
0.5466718673706055 -871
0.5513625144958496 -870
0.5571000576019287 -872
0.5615901947021484 -872
0.565183162689209 -868
0.5696752071380615 -866
0.5732653141021729 -864
0.5798835754394531 -869
0.5834622383117676 -874
0.587315559387207 -871
0.5919671058654785 -869
0.595672607421875 -868
0.601658821105957 -869
0.6052322387695312 -865
0.6097357273101807 -870
0.6155257225036621 -868
0.6226818561553955 -868
0.6274640560150146 -871
0.6320846080780029 -866
0.6377365589141846 -870
0.6425018310546875 -870
0.6462860107421875 -866
0.651170015335083 -869
0.6549007892608643 -868
0.6596026420593262 -868
0.6653094291687012 -870
0.6698060035705566 -870
0.6734604835510254 -871
0.6772341728210449 -869
0.6817951202392578 -868
0.6874847412109375 -870
0.6920561790466309 -871
0.6958234310150146 -871
0.7001464366912842 -871
0.7070462703704834 -867
0.7117750644683838 -866
0.7153692245483398 -868
0.7198741436004639 -869
0.7234411239624023 -870
0.729266881942749 -868
0.73307204246521 -868
0.7366225719451904 -869
0.7432689666748047 -866
0.7470924854278564 -871
0.7516014575958252 -870
0.7551875114440918 -870
0.7596786022186279 -867
0.763634443283081 -870
0.7674534320831299 -868
0.7721178531646729 -869
0.7758862972259521 -871
0.7801692485809326 -870
0.7837579250335693 -869
0.7875096797943115 -870
0.7919700145721436 -867
0.7966182231903076 -868
0.8015000820159912 -871
0.8051056861877441 -873
0.8093841075897217 -871
0.813178539276123 -869
0.8166747093200684 -867
0.8213691711425781 -869
0.8250548839569092 -868
0.829369306564331 -869
0.8333187103271484 -874
0.8370780944824219 -870
0.841562032699585 -868
0.8461294174194336 -866
0.8504366874694824 -867
0.8540425300598145 -867
0.8578228950500488 -870
0.8622925281524658 -871
0.8660328388214111 -872
0.8703615665435791 -870
0.8739194869995117 -869
0.877676248550415 -871
0.8821661472320557 -869
0.885913610458374 -872
0.8903400897979736 -872
0.89389967918396 -868
0.899376630783081 -868
0.9033432006835938 -870
0.9071133136749268 -866
0.9116034507751465 -872
0.9153172969818115 -871
0.9197962284088135 -874
0.9234044551849365 -870
0.9271745681762695 -869
0.9316701889038086 -870
0.9352407455444336 -870
0.939767599105835 -871
0.9433543682098389 -871
0.9479014873504639 -870
0.9525420665740967 -870
0.9563171863555908 -870
0.9606287479400635 -867
0.9641962051391602 -866
0.968390941619873 -872
0.972463846206665 -872
0.9762294292449951 -868
0.980510950088501 -869
0.9840457439422607 -869
0.987828254699707 -867
0.9922711849212646 -873
0.9960646629333496 -870
