0 0 
0.0030889511108398438 0
0.006449699401855469 0
0.010901689529418945 0
0.015715599060058594 0
0.020914077758789062 -2
0.024585485458374023 -2
0.028313875198364258 -6
0.03391122817993164 -6
0.037644147872924805 -6
0.04322409629821777 -6
0.04653143882751465 -13
0.05210113525390625 -30
0.055585622787475586 -30
0.06141161918640137 -66
0.06491255760192871 -66
0.06837320327758789 -66
0.07532215118408203 -85
0.07904171943664551 -89
0.08371353149414062 -91
0.08731579780578613 -91
0.09175467491149902 -91
0.09748387336730957 -95
0.10183000564575195 -97
0.10605144500732422 -97
0.1096351146697998 -101
0.11417794227600098 -104
0.12064552307128906 -106
0.12433171272277832 -106
0.12804603576660156 -109
0.13236498832702637 -110
0.1358623504638672 -111
0.14179658889770508 -112
0.14531421661376953 -114
0.1508498191833496 -115
0.15434026718139648 -116
0.15816140174865723 -116
0.16373729705810547 -117
0.1674787998199463 -117
0.1729891300201416 -118
0.17637848854064941 -118
0.1820216178894043 -118
0.18776297569274902 -119
0.1921405792236328 -119
0.19564056396484375 -119
0.19934678077697754 -119
0.20400786399841309 -120
0.21013426780700684 -120
0.21439099311828613 -121
0.21812915802001953 -121
0.2224881649017334 -121
0.22612619400024414 -122
0.23260045051574707 -122
0.236314058303833 -122
0.2405695915222168 -122
0.24423861503601074 -122
0.24796748161315918 -121
0.25354862213134766 -122
0.25719523429870605 -122
0.26301121711730957 -123
0.26645851135253906 -123
0.27202510833740234 -124
0.2755162715911865 -124
0.279266357421875 -125
0.28584790229797363 -125
0.2895956039428711 -125
0.2940635681152344 -125
0.29780030250549316 -126
0.3021383285522461 -125
0.30787086486816406 -125
0.31221961975097656 -125
0.31568288803100586 -126
0.31940436363220215 -126
0.3241274356842041 -127
0.32985806465148926 -127
0.3335866928100586 -127
0.3372015953063965 -127
0.34047436714172363 -127
0.34435033798217773 -127
0.3493959903717041 -127
0.3553619384765625 -127
0.36343836784362793 -126
0.3690671920776367 -126
0.3737003803253174 -125
0.37730908393859863 -125
0.3820340633392334 -126
0.3855264186859131 -126
0.3908829689025879 -125
0.3975362777709961 -126
0.4019486904144287 -126
0.405437707901001 -126
0.40917086601257324 -125
0.4136531352996826 -125
0.41924071311950684 -125
0.4237635135650635 -125
0.4274616241455078 -125
0.43181586265563965 -125
0.4353201389312744 -125
0.4408900737762451 -126
0.4445335865020752 -125
0.448275089263916 -126
0.4538407325744629 -126
0.4575207233428955 -126
0.4629838466644287 -126
0.4664030075073242 -127
0.47214841842651367 -127
0.4756460189819336 -126
0.48145341873168945 -126
0.4849715232849121 -126
0.4884636402130127 -126
0.49399733543395996 -126
0.49778199195861816 -126
0.5035436153411865 -127
0.507086992263794 -127
0.5123984813690186 -127
0.5158660411834717 -127
0.5216479301452637 -127
0.5252058506011963 -127
0.530081033706665 -126
0.5342011451721191 -126
0.5379233360290527 -125
0.5434772968292236 -125
0.5470023155212402 -125
0.5523631572723389 -124
0.5558693408966064 -125
0.559575080871582 -125
0.5665647983551025 -125
0.5713536739349365 -124
0.5746090412139893 -124
0.5783054828643799 -125
0.5828847885131836 -125
0.5883886814117432 -125
0.5930469036102295 -125
0.5963954925537109 -124
0.6009049415588379 -124
0.6045305728912354 -124
0.6114444732666016 -124
0.6149172782897949 -124
0.6183702945709229 -125
0.6232774257659912 -125
0.6265790462493896 -125
0.6321613788604736 -126
0.6356542110443115 -126
0.6414494514465332 -127
0.6449530124664307 -127
0.648406982421875 -126
0.6539180278778076 -126
0.6575965881347656 -127
0.6631038188934326 -127
0.6665539741516113 -127
0.6721625328063965 -128
0.6756377220153809 -127
0.6815588474273682 -129
0.6850500106811523 -129
0.6885285377502441 -129
0.6940815448760986 -129
0.6977860927581787 -129
0.7023534774780273 -129
0.708172082901001 -128
0.7124910354614258 -128
0.7161188125610352 -128
0.7200460433959961 -128
0.7241291999816895 -127
0.7305409908294678 -127
0.7344138622283936 -127
0.7381420135498047 -127
0.7426323890686035 -127
0.7463109493255615 -127
0.752352237701416 -126
0.7600529193878174 -126
0.7642698287963867 -126
0.7679672241210938 -125
0.7724180221557617 -124
0.775886058807373 -124
0.7796087265014648 -124
0.7841963768005371 -124
0.787933349609375 -123
0.7922072410583496 -124
0.7956798076629639 -124
0.8015618324279785 -124
0.805056095123291 -125
0.808525800704956 -125
0.8132338523864746 -125
0.816544771194458 -125
0.8210482597351074 -126
0.8244850635528564 -125
0.8282055854797363 -125
0.8325655460357666 -125
0.8362448215484619 -124
0.8405253887176514 -125
0.8442041873931885 -125
0.8479287624359131 -126
0.8534207344055176 -126
0.856968879699707 -126
0.8616647720336914 -126
0.865178108215332 -127
0.8688778877258301 -128
0.8733785152435303 -127
0.8769094944000244 -127
0.8814072608947754 -128
0.8849315643310547 -127
0.8883993625640869 -127
0.893165111541748 -127
0.8964889049530029 -127
0.9018890857696533 -127
0.905409574508667 -127
0.9090893268585205 -127
0.9135656356811523 -126
0.9171931743621826 -127
0.9217624664306641 -127
0.9252908229827881 -127
0.9290473461151123 -127
0.9335110187530518 -127
0.9370524883270264 -127
0.941544771194458 -126
0.9450457096099854 -126
0.9485185146331787 -126
0.9540233612060547 -126
0.9577741622924805 -125
0.962116003036499 -125
0.9655816555023193 -125
0.9693253040313721 -125
0.9737474918365479 -125
0.9774696826934814 -125
0.981947660446167 -126
0.9854326248168945 -126
0.9891717433929443 -126
0.9937701225280762 -126
0.9974970817565918 -126
