0 0 
0.0031151771545410156 0
0.006644487380981445 0
0.010338783264160156 0
0.016202211380004883 0
0.020397663116455078 2
0.024680137634277344 2
0.028205394744873047 49
0.03872990608215332 12
0.04332590103149414 34
0.04725241661071777 74
0.05072736740112305 137
0.0574951171875 165
0.061277151107788086 197
0.07115483283996582 197
0.0756523609161377 207
0.0792233943939209 221
0.08398866653442383 230
0.08971881866455078 246
0.09501171112060547 256
0.10335731506347656 268
0.1075894832611084 275
0.1113431453704834 280
0.11605644226074219 288
0.1217343807220459 289
0.1262502670288086 290
0.13009905815124512 293
0.13444137573242188 299
0.1380453109741211 300
0.14461016654968262 300
0.14816069602966309 306
0.15190601348876953 308
0.15657877922058105 311
0.1603565216064453 314
0.1662287712097168 315
0.16997456550598145 319
0.17630887031555176 319
0.1800839900970459 322
0.18439722061157227 325
0.18795466423034668 327
0.19171881675720215 329
0.19808626174926758 330
0.20185589790344238 332
0.20634222030639648 333
0.2100968360900879 329
0.214616060256958 330
0.22041535377502441 331
0.22504043579101562 330
0.22850799560546875 331
0.23251891136169434 332
0.2370140552520752 336
0.24341249465942383 338
0.24721026420593262 339
0.25072455406188965 339
0.25544214248657227 338
0.25910115242004395 341
0.2647275924682617 338
0.26828932762145996 338
0.2724919319152832 340
0.27802467346191406 340
0.28180742263793945 339
0.2862718105316162 339
0.29192304611206055 339
0.2964603900909424 338
0.3002166748046875 338
0.30449533462524414 340
0.31032562255859375 341
0.31464529037475586 342
0.3182194232940674 340
0.32195210456848145 344
0.3264303207397461 343
0.33251023292541504 343
0.33676671981811523 342
0.34060001373291016 343
0.34520983695983887 342
0.3487520217895508 341
0.3545851707458496 341
0.3581550121307373 341
0.3619089126586914 338
0.36864495277404785 341
0.373152494430542 340
0.37671875953674316 340
0.38048648834228516 342
0.3850724697113037 345
0.39064788818359375 343
0.39557743072509766 345
0.39917635917663574 345
0.4034602642059326 346
0.40726447105407715 347
0.41391634941101074 344
0.41754865646362305 344
0.42132139205932617 343
0.42583203315734863 343
0.42942023277282715 342
0.43909406661987305 343
0.4434080123901367 343
0.4493734836578369 342
0.45419859886169434 345
0.45776891708374023 345
0.46152830123901367 344
0.46614623069763184 346
0.47177863121032715 346
0.47634267807006836 345
0.48007726669311523 344
0.48439598083496094 344
0.4879295825958252 345
0.49413585662841797 343
0.4977996349334717 343
0.5015702247619629 342
0.5079128742218018 343
0.5116851329803467 341
0.516343355178833 344
0.5200810432434082 344
0.5243921279907227 343
0.5301456451416016 343
0.53444504737854 345
0.5379588603973389 348
0.5432260036468506 346
0.5467638969421387 346
0.5533699989318848 348
0.5571856498718262 346
0.5607089996337891 342
0.5652847290039062 343
0.5699212551116943 340
0.5759739875793457 341
0.5796115398406982 343
0.5840404033660889 344
0.5899503231048584 344
0.5942366123199463 343
0.5977957248687744 345
0.6015610694885254 343
0.6060302257537842 344
0.6116509437561035 348
0.6161644458770752 347
0.6198928356170654 347
0.6243863105773926 347
0.6279397010803223 346
0.6346361637115479 342
0.6381964683532715 342
0.6419515609741211 341
0.6464390754699707 342
0.6524665355682373 340
0.65657639503479 343
0.660322904586792 346
0.6646194458007812 345
0.6681680679321289 343
0.6742193698883057 343
0.6777999401092529 345
0.6815581321716309 342
0.687999963760376 345
0.6917762756347656 345
0.6964130401611328 347
0.7001781463623047 345
0.7044491767883301 343
0.7102317810058594 341
0.7145524024963379 344
0.7180914878845215 342
0.7218098640441895 341
0.726266622543335 342
0.731926679611206 344
0.7364113330841064 346
0.740135908126831 345
0.7444174289703369 343
0.7479455471038818 346
0.7541847229003906 346
0.7577569484710693 344
0.7615129947662354 345
0.7678835391998291 346
0.7716975212097168 342
0.776158332824707 342
0.7798991203308105 341
0.7842192649841309 341
0.7900590896606445 342
0.7943785190582275 344
0.798041820526123 341
0.8017902374267578 344
0.8062546253204346 347
0.8118932247161865 344
0.8165409564971924 345
0.8202755451202393 347
0.8245837688446045 345
0.8281195163726807 343
0.838263750076294 346
0.8424344062805176 344
0.8466746807098389 346
0.8504142761230469 343
0.8562874794006348 343
0.8600685596466064 343
0.8645412921905518 343
0.87032151222229 343
0.8750638961791992 344
0.8784942626953125 344
0.8824982643127441 343
0.8867442607879639 345
0.8933370113372803 346
0.8971316814422607 343
0.9006955623626709 344
0.9052903652191162 345
0.9110605716705322 344
0.9156055450439453 343
0.9191884994506836 342
0.9234557151794434 344
0.9273502826690674 343
0.9331412315368652 345
0.9371287822723389 344
0.9406237602233887 344
0.9472641944885254 345
0.9510319232940674 345
0.9554886817932129 344
0.9591579437255859 344
0.9634644985198975 343
0.969264030456543 345
0.973785400390625 346
0.9773712158203125 346
0.9811487197875977 346
0.9856622219085693 345
0.99135422706604 342
0.9960734844207764 343
0.9997525215148926 341
