0 0 
0.0022134780883789062 0
0.008417367935180664 0
0.012030601501464844 2
0.01577925682067871 6
0.02026653289794922 6
0.025879383087158203 11
0.030350923538208008 11
0.034004926681518555 28
0.038437604904174805 52
0.04201197624206543 163
0.048041582107543945 163
0.05164813995361328 206
0.055365800857543945 233
0.060988426208496094 259
0.064788818359375 276
0.06909322738647461 287
0.07500743865966797 301
0.07957983016967773 318
0.08309745788574219 328
0.08760476112365723 338
0.09342265129089355 357
0.09779214859008789 364
0.10162544250488281 368
0.10535407066345215 378
0.10980415344238281 380
0.11559748649597168 394
0.12029385566711426 397
0.12397050857543945 408
0.12838435173034668 410
0.13200950622558594 416
0.13820147514343262 426
0.14183974266052246 430
0.14559507369995117 434
0.15197992324829102 438
0.1558067798614502 440
0.1604011058807373 442
0.1640610694885254 445
0.16842436790466309 447
0.17426323890686035 454
0.17874670028686523 458
0.18230795860290527 461
0.1860799789428711 464
0.19059991836547852 465
0.19627094268798828 470
0.20074987411499023 469
0.2044970989227295 467
0.20882821083068848 471
0.21242523193359375 472
0.21903634071350098 471
0.22262001037597656 473
0.22678518295288086 475
0.23089599609375 477
0.2346639633178711 479
0.24069428443908691 478
0.24444818496704102 481
0.24881434440612793 483
0.25467777252197266 481
0.258983850479126 482
0.2625739574432373 481
0.26631808280944824 484
0.2709798812866211 483
0.27759790420532227 487
0.28147053718566895 484
0.28502440452575684 488
0.28963232040405273 489
0.2954246997833252 488
0.30018186569213867 488
0.30378198623657227 488
0.30829381942749023 487
0.3118629455566406 485
0.3176732063293457 483
0.32146763801574707 488
0.32508015632629395 491
0.3317439556121826 491
0.3355674743652344 495
0.3400547504425049 491
0.3487555980682373 491
0.3523292541503906 488
0.3594624996185303 490
0.36298370361328125 487
0.3674166202545166 489
0.37134766578674316 487
0.3748962879180908 493
0.3798375129699707 493
0.38556790351867676 494
0.3901071548461914 498
0.3936944007873535 493
0.39833712577819824 493
0.40421366691589355 491
0.4085657596588135 490
0.4121217727661133 488
0.4158637523651123 490
0.42052197456359863 491
0.4261908531188965 495
0.4306647777557373 494
0.4344155788421631 495
0.4387390613555908 498
0.44228339195251465 496
0.44835805892944336 491
0.45192646980285645 492
0.4556715488433838 491
0.4621100425720215 487
0.4658811092376709 490
0.4703381061553955 489
0.4739797115325928 493
0.4785425662994385 495
0.48440027236938477 494
0.4887356758117676 497
0.49228858947753906 495
0.49605345726013184 493
0.5005550384521484 494
0.5061821937561035 490
0.5106790065765381 491
0.5144186019897461 490
0.5187344551086426 490
0.5222759246826172 490
0.5285170078277588 494
0.5320734977722168 496
0.5358531475067139 498
0.5417673587799072 495
0.545520544052124 496
0.5499973297119141 493
0.5556638240814209 489
0.5601892471313477 493
0.5638055801391602 491
0.5683004856109619 493
0.5719265937805176 496
0.5784647464752197 493
0.5820577144622803 495
0.5858242511749268 497
0.5902972221374512 495
0.5939555168151855 492
0.600092887878418 493
0.6036641597747803 491
0.6101052761077881 492
0.613701343536377 492
0.6181771755218506 492
0.6217856407165527 493
0.6255435943603516 495
0.631838321685791 494
0.6356189250946045 497
0.6400766372680664 496
0.6436302661895752 492
0.648099422454834 492
0.6537320613861084 492
0.6584300994873047 490
0.6620137691497803 492
0.6657745838165283 496
0.6703381538391113 493
0.6759681701660156 495
0.6804795265197754 498
0.6842267513275146 494
0.6885595321655273 498
0.692115068435669 494
0.6986746788024902 493
0.7022273540496826 489
0.7059895992279053 490
0.7105016708374023 491
0.7142374515533447 492
0.7202873229980469 490
0.7239384651184082 493
0.7283401489257812 497
0.7340774536132812 497
0.7385141849517822 495
0.7420649528503418 490
0.7503969669342041 491
0.7560474872589111 492
0.7606723308563232 493
0.7644565105438232 495
0.7689235210418701 497
0.7724740505218506 498
0.7787542343139648 494
0.7823019027709961 493
0.7861416339874268 494
0.7907581329345703 492
0.7963547706604004 491
0.8008151054382324 492
0.8045611381530762 492
0.8088147640228271 491
0.814608097076416 493
0.8189561367034912 496
0.8224985599517822 497
0.8262696266174316 494
0.830725908279419 494
0.8363332748413086 494
0.8409602642059326 492
0.8447146415710449 489
0.8490240573883057 489
0.8525757789611816 488
0.8585870265960693 492
0.8621487617492676 491
0.8659052848815918 496
0.872239351272583 499
0.8760409355163574 496
0.8805356025695801 499
0.8842871189117432 492
0.8885781764984131 488
0.8944253921508789 492
0.8989236354827881 488
0.9024765491485596 489
0.9062347412109375 491
0.9108340740203857 494
0.9168586730957031 495
0.921353816986084 493
0.9248785972595215 497
0.9294309616088867 496
0.9328718185424805 493
0.9395961761474609 495
0.9433231353759766 491
0.9476027488708496 489
0.9514005184173584 492
0.9549160003662109 495
0.9609217643737793 493
0.9646921157836914 496
0.9690415859222412 492
0.9748671054840088 494
0.9794008731842041 495
0.9828400611877441 492
0.986853837966919 493
0.9909501075744629 494
0.997534990310669 489
