0 0 
0.0023725032806396484 0
0.008221626281738281 0
0.011976480484008789 0
0.015422821044921875 0
0.020133256912231445 0
0.025762081146240234 0
0.030228853225708008 2
0.033817291259765625 2
0.0381166934967041 2
0.041825056076049805 2
0.04528522491455078 2
0.05131220817565918 2
0.055011749267578125 2
0.060891151428222656 2
0.06459689140319824 2
0.06888031959533691 2
0.07467103004455566 2
0.07895421981811523 2
0.08244609832763672 2
0.08615708351135254 2
0.09060287475585938 2
0.09618544578552246 6
0.10062575340270996 6
0.10416150093078613 6
0.10878229141235352 6
0.11240172386169434 11
0.11898970603942871 11
0.12254643440246582 11
0.12627720832824707 16
0.13071107864379883 16
0.13434505462646484 16
0.14024138450622559 35
0.14386320114135742 35
0.14812278747558594 35
0.1539783477783203 35
0.15845680236816406 32
0.16202783584594727 32
0.16576600074768066 32
0.17041659355163574 34
0.17602992057800293 34
0.1805436611175537 36
0.18406438827514648 36
0.18866229057312012 36
0.19223666191101074 38
0.19884276390075684 38
0.2024064064025879 38
0.20620036125183105 38
0.21064996719360352 38
0.2142167091369629 37
0.22015833854675293 37
0.2238020896911621 38
0.22804474830627441 38
0.23295044898986816 37
0.23667240142822266 37
0.24112439155578613 38
0.2467200756072998 38
0.2511441707611084 38
0.2548666000366211 38
0.25916576385498047 38
0.2627298831939697 39
0.26926732063293457 39
0.27280497550964355 39
0.2765321731567383 39
0.28100013732910156 40
0.28472161293029785 40
0.2907981872558594 40
0.2944529056549072 39
0.3007471561431885 39
0.3043696880340576 39
0.30872321128845215 39
0.31229734420776367 40
0.3160583972930908 40
0.32265758514404297 40
0.32642221450805664 40
0.33087611198425293 39
0.3390936851501465 39
0.34267449378967285 40
0.34899377822875977 40
0.35260701179504395 40
0.3563723564147949 40
0.3622567653656006 40
0.3660464286804199 40
0.37051963806152344 41
0.3761560916900635 41
0.38063788414001465 41
0.38436436653137207 41
0.3888075351715088 41
0.39237499237060547 40
0.3990905284881592 40
0.4026360511779785 40
0.40639424324035645 40
0.41104769706726074 40
0.41480422019958496 40
0.4207031726837158 40
0.42437291145324707 39
0.42876434326171875 40
0.43460893630981445 40
0.4389455318450928 41
0.44246435165405273 41
0.4462141990661621 41
0.4527111053466797 41
0.4579963684082031 41
0.46178364753723145 39
0.46530866622924805 39
0.4701700210571289 41
0.4758479595184326 41
0.4804379940032959 40
0.48403096199035645 40
0.48846936225891113 40
0.4920663833618164 39
0.4986095428466797 39
0.5021629333496094 39
0.5059030055999756 39
0.5103771686553955 40
0.5139198303222656 40
0.5197799205780029 40
0.5232319831848145 38
0.5272226333618164 39
0.5337502956390381 39
0.537987232208252 39
0.5417940616607666 40
0.5452945232391357 40
0.5498194694519043 40
0.5553321838378906 40
0.559894323348999 40
0.5633816719055176 40
0.5679311752319336 40
0.5714640617370605 40
0.5780336856842041 40
0.5819804668426514 38
0.5854721069335938 38
0.590343713760376 38
0.5938858985900879 38
0.5995011329650879 38
0.603024959564209 38
0.6067631244659424 38
0.611426830291748 38
0.6179947853088379 38
0.6217381954193115 39
0.6252255439758301 39
0.6298000812530518 41
0.6332240104675293 41
0.6398916244506836 40
0.6433804035186768 40
0.6477959156036377 40
0.651508092880249 40
0.6552574634552002 40
0.6610791683197021 40
0.6649136543273926 40
0.6711280345916748 40
0.6748590469360352 40
0.6791400909423828 39
0.68265700340271 39
0.6864426136016846 40
0.6927580833435059 40
0.6965084075927734 40
0.7009832859039307 40
0.7047171592712402 40
0.7091639041900635 38
0.7149322032928467 38
0.7192144393920898 38
0.7227926254272461 39
0.7265138626098633 39
0.7309868335723877 40
0.7411582469940186 40
0.7448976039886475 40
0.7493312358856201 40
0.7528524398803711 40
0.7566003799438477 40
0.7614707946777344 40
0.7680163383483887 40
0.7720837593078613 39
0.775794506072998 39
0.7803800106048584 40
0.7860009670257568 40
0.7905111312866211 40
0.7940826416015625 40
0.7986023426055908 40
0.8021788597106934 40
0.8079407215118408 40
0.8114829063415527 41
0.8152472972869873 41
0.8217551708221436 40
0.8253269195556641 40
0.8301990032196045 39
0.8338320255279541 39
0.838101863861084 40
0.8441479206085205 40
0.8486108779907227 40
0.8521857261657715 40
0.8559360504150391 40
0.8604340553283691 40
0.8660597801208496 40
0.8705627918243408 40
0.8741412162780762 40
0.8786044120788574 41
0.8821835517883301 41
0.8889546394348145 39
0.8925273418426514 39
0.8962783813476562 39
0.9007458686828613 39
0.9045798778533936 39
0.9104619026184082 41
0.9140138626098633 41
0.9184901714324951 40
0.9241209030151367 40
0.9285998344421387 41
0.9321737289428711 41
0.9358878135681152 41
0.940371036529541 42
0.9460341930389404 42
0.9506769180297852 42
0.9543209075927734 42
0.9587035179138184 40
0.962249755859375 40
0.9690003395080566 40
0.9725720882415771 40
0.97635817527771 40
0.9808311462402344 40
0.9844942092895508 40
0.9904561042785645 40
0.9940083026885986 40
