0 0 
0.0022306442260742188 0
0.005969047546386719 -2
0.010673284530639648 -2
0.014447689056396484 -2
0.01887202262878418 -6
0.022439002990722656 -13
0.029152631759643555 -13
0.033625125885009766 -28
0.03979992866516113 -61
0.0434565544128418 -84
0.04772472381591797 -26
0.0523524284362793 -83
0.05860471725463867 -118
0.06443190574645996 -142
0.06895661354064941 -146
0.07251262664794922 -152
0.07633352279663086 -166
0.08081722259521484 -173
0.08643937110900879 -186
0.0947256088256836 -191
0.09917044639587402 -193
0.1028892993927002 -194
0.10690951347351074 -197
0.11244320869445801 -198
0.11620521545410156 -205
0.12092280387878418 -206
0.12747406959533691 -212
0.1314835548400879 -213
0.13498353958129883 -217
0.13962411880493164 -219
0.1431446075439453 -222
0.14997220039367676 -224
0.15357255935668945 -225
0.15786314010620117 -227
0.16165971755981445 -228
0.16690564155578613 -230
0.17107820510864258 -232
0.1748354434967041 -232
0.18018031120300293 -234
0.18375754356384277 -235
0.18999147415161133 -236
0.19357085227966309 -239
0.19788575172424316 -238
0.20379924774169922 -238
0.20829153060913086 -240
0.21193504333496094 -238
0.2157607078552246 -238
0.22029495239257812 -239
0.22596240043640137 -240
0.2304706573486328 -239
0.23414325714111328 -242
0.23854756355285645 -238
0.2421259880065918 -238
0.2488701343536377 -240
0.2524425983428955 -239
0.25622129440307617 -241
0.26068115234375 -242
0.26442861557006836 -244
0.2703406810760498 -244
0.27401161193847656 -242
0.2784149646759033 -244
0.28426218032836914 -244
0.2886323928833008 -243
0.2922041416168213 -243
0.2959749698638916 -244
0.3004343509674072 -244
0.30609655380249023 -245
0.31075549125671387 -245
0.31453680992126465 -245
0.3188498020172119 -244
0.3246438503265381 -244
0.3290069103240967 -243
0.3326296806335449 -242
0.3363809585571289 -243
0.3408639430999756 -241
0.34694361686706543 -242
0.3510777950286865 -242
0.3548390865325928 -243
0.3591341972351074 -242
0.3626978397369385 -242
0.3689112663269043 -244
0.3725013732910156 -243
0.376234769821167 -245
0.3825855255126953 -247
0.38634467124938965 -249
0.3908259868621826 -250
0.39455199241638184 -250
0.3988761901855469 -248
0.4048006534576416 -249
0.40912938117980957 -247
0.41268157958984375 -247
0.41680479049682617 -245
0.42093920707702637 -244
0.4274895191192627 -244
0.4315061569213867 -244
0.43503236770629883 -243
0.4398937225341797 -243
0.4435553550720215 -244
0.44944143295288086 -241
0.45290064811706543 -242
0.45690155029296875 -245
0.4630885124206543 -245
0.4676170349121094 -244
0.47115659713745117 -245
0.4749476909637451 -248
0.4815175533294678 -246
0.4853968620300293 -250
0.49269938468933105 -245
0.4985218048095703 -247
0.5021171569824219 -247
0.5083115100860596 -246
0.5119307041168213 -245
0.5157296657562256 -245
0.5216550827026367 -245
0.5251538753509521 -244
0.529860258102417 -245
0.5355644226074219 -245
0.5400505065917969 -243
0.5436685085296631 -243
0.5483119487762451 -244
0.5519187450408936 -243
0.558518648147583 -243
0.5621018409729004 -245
0.565882682800293 -245
0.5705251693725586 -246
0.5742886066436768 -247
0.5802075862884521 -245
0.583798885345459 -247
0.5882720947265625 -246
0.5940454006195068 -246
0.5984630584716797 -245
0.6020739078521729 -245
0.6058497428894043 -247
0.6123611927032471 -245
0.6161339282989502 -245
0.6206040382385254 -243
0.6243715286254883 -243
0.6286544799804688 -241
0.6345357894897461 -243
0.638873815536499 -243
0.6424415111541748 -243
0.6462059020996094 -246
0.650684118270874 -244
0.6563262939453125 -245
0.6608307361602783 -246
0.6645870208740234 -244
0.6690425872802734 -245
0.6726164817810059 -247
0.6787810325622559 -246
0.6823647022247314 -246
0.6861259937286377 -247
0.6915981769561768 -247
0.6951272487640381 -246
0.7000060081481934 -246
0.7036058902740479 -245
0.7080907821655273 -247
0.7117147445678711 -242
0.7154552936553955 -244
0.719987154006958 -242
0.7235808372497559 -244
0.7278623580932617 -242
0.7318689823150635 -243
0.7356381416320801 -245
0.7408785820007324 -243
0.7447094917297363 -245
0.7490372657775879 -245
0.7525975704193115 -244
0.7563610076904297 -244
0.760828971862793 -245
0.764568567276001 -246
0.7688374519348145 -244
0.772406816482544 -248
0.7761595249176025 -245
0.7807629108428955 -246
0.7845313549041748 -246
0.789013147354126 -246
0.7938473224639893 -248
0.7983534336090088 -247
0.8019258975982666 -247
0.805753231048584 -247
0.8102738857269287 -245
0.8138682842254639 -246
0.8183512687683105 -241
0.821951150894165 -243
0.8257129192352295 -242
0.8303878307342529 -242
0.8340685367584229 -244
0.8384847640991211 -242
0.8430681228637695 -242
0.8475654125213623 -245
0.8515477180480957 -246
0.8550794124603271 -243
0.8596611022949219 -245
0.8634178638458252 -245
0.8676834106445312 -248
0.8714785575866699 -244
0.8750176429748535 -245
0.8796041011810303 -249
0.8831045627593994 -247
0.8876080513000488 -247
0.896125316619873 -246
0.9008874893188477 -246
0.9046463966369629 -244
0.9094984531402588 -246
0.913020133972168 -241
0.9169623851776123 -243
0.9214005470275879 -243
0.9249494075775146 -242
0.9295241832733154 -243
0.933037519454956 -242
0.9374692440032959 -246
0.9410786628723145 -243
0.9458715915679932 -244
0.9503731727600098 -246
0.9540364742279053 -245
0.958615779876709 -246
0.9621844291687012 -244
0.9659485816955566 -247
0.9705686569213867 -248
0.9743437767028809 -246
0.9786531925201416 -246
0.9822590351104736 -245
0.9860336780548096 -246
0.9905614852905273 -245
0.9950716495513916 -245
0.9998178482055664 -245
