0 0 
0.0023899078369140625 0
0.008222579956054688 -2
0.011975765228271484 -2
0.01546478271484375 -7
0.020180463790893555 -7
0.025936365127563477 -12
0.030498027801513672 -20
0.034063100814819336 -150
0.03885388374328613 -188
0.04244065284729004 -179
0.04847860336303711 -288
0.052103281021118164 -284
0.055844783782958984 -326
0.06225275993347168 -381
0.06605339050292969 -394
0.07058429718017578 -418
0.07432055473327637 -447
0.07874131202697754 -468
0.08446788787841797 -496
0.08884763717651367 -501
0.09243965148925781 -524
0.0962684154510498 -546
0.10089421272277832 -573
0.10651350021362305 -584
0.11117386817932129 -599
0.11501145362854004 -606
0.11933493614196777 -614
0.12287020683288574 -626
0.12947487831115723 -635
0.1330413818359375 -646
0.13714981079101562 -651
0.14130091667175293 -662
0.1450638771057129 -675
0.15094375610351562 -681
0.15470409393310547 -687
0.15919160842895508 -696
0.16502857208251953 -697
0.1693580150604248 -703
0.1729116439819336 -705
0.1766676902770996 -715
0.18114256858825684 -717
0.18676972389221191 -725
0.19124817848205566 -726
0.19498229026794434 -732
0.19933080673217773 -731
0.20285892486572266 -738
0.2097911834716797 -740
0.21326613426208496 -743
0.22057747840881348 -748
0.2259209156036377 -749
0.23249053955078125 -755
0.23627686500549316 -755
0.24104094505310059 -757
0.24479961395263672 -761
0.249281644821167 -763
0.25505757331848145 -761
0.25939273834228516 -764
0.26296138763427734 -760
0.2667520046234131 -764
0.2712433338165283 -768
0.27782297134399414 -773
0.28182482719421387 -771
0.2853693962097168 -771
0.2899508476257324 -771
0.2934877872467041 -768
0.2993485927581787 -770
0.30290889739990234 -774
0.30664920806884766 -779
0.3138730525970459 -778
0.31842517852783203 -777
0.32204127311706543 -773
0.3257927894592285 -772
0.332277774810791 -775
0.3360719680786133 -780
0.34079694747924805 -781
0.3444976806640625 -781
0.3489069938659668 -783
0.35471296310424805 -779
0.35903286933898926 -778
0.36260318756103516 -777
0.3663790225982666 -779
0.3710896968841553 -785
0.37671756744384766 -784
0.38121533393859863 -783
0.384979248046875 -780
0.3961935043334961 -786
0.40097880363464355 -783
0.40939760208129883 -783
0.41533827781677246 -780
0.42038631439208984 -783
0.42665743827819824 -787
0.4347348213195801 -789
0.4392414093017578 -783
0.44580721855163574 -786
0.4503204822540283 -780
0.45393800735473633 -786
0.4601554870605469 -786
0.46381616592407227 -787
0.4698946475982666 -783
0.4754760265350342 -784
0.4804861545562744 -781
0.4861483573913574 -783
0.49083375930786133 -785
0.4946708679199219 -790
0.5008361339569092 -784
0.5065262317657471 -783
0.5110952854156494 -783
0.5167415142059326 -786
0.5214216709136963 -787
0.5251929759979248 -787
0.5317678451538086 -785
0.5353798866271973 -783
0.541266918182373 -783
0.5450034141540527 -786
0.550215482711792 -790
0.5559382438659668 -786
0.5609376430511475 -786
0.5646669864654541 -782
0.570626974105835 -783
0.574195384979248 -786
0.580427885055542 -789
0.5865590572357178 -786
0.5912585258483887 -783
0.6001379489898682 -783
0.6050975322723389 -785
0.6109616756439209 -789
0.6148231029510498 -790
0.6261429786682129 -786
0.6308944225311279 -782
0.6346275806427002 -785
0.6405491828918457 -787
0.6441783905029297 -787
0.6490345001220703 -785
0.658832311630249 -784
0.662437915802002 -787
0.6705591678619385 -790
0.6741251945495605 -789
0.6786079406738281 -786
0.6844427585601807 -787
0.6888327598571777 -787
0.6924567222595215 -784
0.696216344833374 -783
0.700836181640625 -789
0.7087950706481934 -790
0.712421178817749 -792
0.7161626815795898 -784
0.7228572368621826 -786
0.7289283275604248 -787
0.7348690032958984 -789
0.739189863204956 -789
0.7450089454650879 -787
0.7493407726287842 -789
0.7528834342956543 -784
0.759939432144165 -784
0.7634432315826416 -788
0.7693357467651367 -788
0.7728910446166992 -789
0.7766478061676025 -787
0.7834784984588623 -783
0.7929866313934326 -791
0.7992393970489502 -791
0.8028249740600586 -786
0.80657958984375 -785
0.8158104419708252 -783
0.8205327987670898 -784
0.82411789894104 -790
0.8286318778991699 -789
0.8322238922119141 -788
0.8461785316467285 -785
0.8525876998901367 -786
0.8588695526123047 -789
0.8624656200408936 -791
0.8662409782409668 -787
0.8747193813323975 -784
0.8809401988983154 -784
0.8847076892852783 -788
0.8913989067077637 -789
0.895195484161377 -786
0.9013311862945557 -782
0.9079210758209229 -787
0.9139220714569092 -785
0.91864013671875 -788
0.9222440719604492 -788
0.9292664527893066 -784
0.9328410625457764 -783
0.9387836456298828 -783
0.944631814956665 -787
0.948991060256958 -790
0.9525790214538574 -790
0.9563653469085693 -787
0.9608702659606934 -784
0.9689385890960693 -785
0.972510576248169 -787
0.9780495166778564 -787
0.9837841987609863 -791
0.9880666732788086 -789
0.9918632507324219 -790
0.9953708648681641 -784
