0 0 
0.0024051666259765625 0
0.007059335708618164 -2
0.01210641860961914 -2
0.016841411590576172 -2
0.020704030990600586 -2
0.025446653366088867 -6
0.031245946884155273 -13
0.03558659553527832 -30
0.03936028480529785 -67
0.0433650016784668 -16
0.0474247932434082 -48
0.05396389961242676 -90
0.057540178298950195 -124
0.06131434440612793 -141
0.06585240364074707 -149
0.06931614875793457 -167
0.07640838623046875 -174
0.07998251914978027 -182
0.08428263664245605 -188
0.0880894660949707 -192
0.09158778190612793 -195
0.09747815132141113 -203
0.10125374794006348 -208
0.10556459426879883 -215
0.11140275001525879 -218
0.11606431007385254 -224
0.11959147453308105 -228
0.12412261962890625 -233
0.1299889087677002 -237
0.1346721649169922 -245
0.1383039951324463 -246
0.14206600189208984 -249
0.1465599536895752 -252
0.15223169326782227 -252
0.16096186637878418 -253
0.1655406951904297 -254
0.1690835952758789 -255
0.17281699180603027 -256
0.17874503135681152 -256
0.1825394630432129 -258
0.1871638298034668 -260
0.1927793025970459 -262
0.197418212890625 -263
0.20116376876831055 -261
0.20545649528503418 -264
0.20902633666992188 -264
0.2159128189086914 -267
0.2193605899810791 -267
0.22333431243896484 -268
0.2274322509765625 -269
0.2311873435974121 -270
0.23705196380615234 -269
0.24081158638000488 -271
0.2470417022705078 -272
0.250809907913208 -271
0.2552316188812256 -270
0.25877881050109863 -269
0.26253342628479004 -268
0.26896119117736816 -270
0.27274250984191895 -269
0.27724385261535645 -268
0.28098249435424805 -270
0.28545212745666504 -271
0.2912557125091553 -268
0.2955667972564697 -270
0.29913997650146484 -269
0.3032517433166504 -270
0.3073608875274658 -273
0.3139219284057617 -275
0.317915678024292 -273
0.32140398025512695 -275
0.3260056972503662 -272
0.32981157302856445 -273
0.3354475498199463 -272
0.33901166915893555 -271
0.34276294708251953 -273
0.34914064407348633 -270
0.35329723358154297 -269
0.3574233055114746 -271
0.36118197441101074 -271
0.3654770851135254 -272
0.3713350296020508 -272
0.37605953216552734 -274
0.3795914649963379 -275
0.3841078281402588 -272
0.38988447189331055 -275
0.39423632621765137 -274
0.39803194999694824 -275
0.40183067321777344 -275
0.40629029273986816 -278
0.4119865894317627 -276
0.4167814254760742 -275
0.4204578399658203 -277
0.42485904693603516 -274
0.42842984199523926 -274
0.4342806339263916 -271
0.43829917907714844 -274
0.44205164909362793 -271
0.4484262466430664 -272
0.4522256851196289 -272
0.4567277431488037 -271
0.4604346752166748 -270
0.4648408889770508 -271
0.47055768966674805 -273
0.47501373291015625 -272
0.4785580635070801 -272
0.48238563537597656 -277
0.48688578605651855 -274
0.49254608154296875 -274
0.4972047805786133 -274
0.5009851455688477 -275
0.505307674407959 -273
0.5088727474212646 -275
0.5154545307159424 -275
0.5190105438232422 -276
0.5227556228637695 -276
0.5272443294525146 -275
0.5310218334197998 -272
0.536884069442749 -271
0.5405433177947998 -270
0.5451033115386963 -271
0.5509190559387207 -270
0.5587828159332275 -274
0.5625696182250977 -273
0.5671770572662354 -273
0.5709242820739746 -273
0.5770237445831299 -276
0.5807700157165527 -273
0.5866568088531494 -276
0.5902788639068604 -275
0.5947959423065186 -276
0.6004979610443115 -275
0.6049304008483887 -275
0.6085464954376221 -273
0.6123130321502686 -270
0.6169853210449219 -273
0.6226389408111572 -271
0.6271157264709473 -270
0.6308979988098145 -273
0.6352477073669434 -270
0.6387896537780762 -268
0.6453943252563477 -270
0.6489520072937012 -269
0.6527297496795654 -269
0.6572146415710449 -276
0.660975456237793 -278
0.6673805713653564 -278
0.6711606979370117 -280
0.6780903339385986 -276
0.6818850040435791 -276
0.6863198280334473 -274
0.689978837966919 -275
0.6942546367645264 -271
0.7000694274902344 -273
0.7046642303466797 -272
0.7082767486572266 -273
0.7120282649993896 -270
0.7165215015411377 -274
0.7221817970275879 -271
0.7267329692840576 -272
0.730443000793457 -272
0.7349984645843506 -274
0.7385876178741455 -271
0.7447066307067871 -274
0.7483141422271729 -275
0.75494384765625 -277
0.758530855178833 -277
0.7623112201690674 -277
0.7668492794036865 -276
0.77048659324646 -274
0.7764301300048828 -274
0.7800395488739014 -272
0.7845189571380615 -271
0.7904543876647949 -273
0.7950477600097656 -273
0.798612117767334 -268
0.8023502826690674 -271
0.8070127964019775 -273
0.8126652240753174 -272
0.8171708583831787 -271
0.8209118843078613 -275
0.8252449035644531 -274
0.8288125991821289 -271
0.8353884220123291 -275
0.8389418125152588 -273
0.8426685333251953 -274
0.8472034931182861 -275
0.8509507179260254 -278
0.8569862842559814 -274
0.860731840133667 -275
0.8650312423706055 -272
0.8708605766296387 -273
0.8752365112304688 -270
0.8788130283355713 -271
0.8825843334197998 -272
0.8870947360992432 -270
0.8927421569824219 -271
0.897219181060791 -270
0.900965690612793 -270
0.9053010940551758 -271
0.9111514091491699 -271
0.9160189628601074 -275
0.919550895690918 -275
0.9240360260009766 -278
0.9275949001312256 -277
0.9342381954193115 -279
0.9382178783416748 -276
0.9419782161712646 -276
0.9465000629425049 -273
0.9501094818115234 -275
0.9599895477294922 -272
0.964292049407959 -274
0.9682378768920898 -272
0.9751584529876709 -273
0.9787392616271973 -269
0.9825215339660645 -273
0.9871652126312256 -273
0.9909541606903076 -272
0.9968678951263428 -273
