0 0 
0.003178834915161133 0
0.0067822933197021484 0
0.01052713394165039 -3
0.01510477066040039 -3
0.018895626068115234 -3
0.025195598602294922 -7
0.029090404510498047 -7
0.03498077392578125 -17
0.038810014724731445 -48
0.0450596809387207 -61
0.04880976676940918 -88
0.053080081939697266 -33
0.056668758392333984 -33
0.06045699119567871 -105
0.06685090065002441 -123
0.07061576843261719 -130
0.07512497901916504 -142
0.07886767387390137 -151
0.08333420753479004 -160
0.08912396430969238 -163
0.09346699714660645 -172
0.09702587127685547 -177
0.10075950622558594 -181
0.10524511337280273 -182
0.11127662658691406 -185
0.11584854125976562 -190
0.11938095092773438 -191
0.12398314476013184 -195
0.12749624252319336 -198
0.13428640365600586 -199
0.1379399299621582 -200
0.1422421932220459 -201
0.14624977111816406 -203
0.1520531177520752 -205
0.1558678150177002 -207
0.1594083309173584 -207
0.16601991653442383 -207
0.16956615447998047 -209
0.17426133155822754 -212
0.17791962623596191 -211
0.18223142623901367 -213
0.18804383277893066 -213
0.19255542755126953 -215
0.19614791870117188 -217
0.19991707801818848 -217
0.20459318161010742 -220
0.21037077903747559 -221
0.21486926078796387 -221
0.2232053279876709 -221
0.22676706314086914 -220
0.2305305004119873 -220
0.23644042015075684 -221
0.24022173881530762 -222
0.2449648380279541 -222
0.25059080123901367 -222
0.2550673484802246 -222
0.25882577896118164 -223
0.263317346572876 -223
0.26694369316101074 -226
0.2735416889190674 -224
0.2771010398864746 -225
0.28084421157836914 -223
0.285320520401001 -224
0.28903841972351074 -222
0.29491662979125977 -223
0.2986750602722168 -226
0.30297183990478516 -224
0.3088099956512451 -227
0.3130941390991211 -225
0.3166768550872803 -229
0.3204333782196045 -228
0.32512426376342773 -226
0.330826997756958 -226
0.3353097438812256 -227
0.33904552459716797 -227
0.3433394432067871 -227
0.3491349220275879 -226
0.353487491607666 -226
0.35703516006469727 -227
0.36076807975769043 -226
0.36524271965026855 -225
0.37127017974853516 -225
0.3755476474761963 -224
0.37930870056152344 -222
0.3840756416320801 -223
0.38779425621032715 -222
0.3934187889099121 -222
0.39696383476257324 -223
0.40080881118774414 -223
0.4073059558868408 -224
0.4113426208496094 -224
0.41542506217956543 -225
0.4191882610321045 -225
0.4234788417816162 -225
0.4292454719543457 -228
0.4335782527923584 -227
0.43726158142089844 -231
0.4412996768951416 -228
0.4455597400665283 -229
0.45215559005737305 -230
0.4559452533721924 -227
0.45946431159973145 -230
0.4640519618988037 -227
0.4675791263580322 -228
0.4734327793121338 -226
0.4769892692565918 -224
0.4808003902435303 -225
0.4870467185974121 -225
0.49079465866088867 -226
0.4952988624572754 -224
0.49905896186828613 -225
0.503563642501831 -225
0.5093765258789062 -226
0.5139632225036621 -226
0.5174856185913086 -225
0.5219357013702393 -226
0.5254757404327393 -228
0.5320632457733154 -228
0.5358681678771973 -225
0.5393877029418945 -228
0.5439612865447998 -229
0.5495254993438721 -230
0.5542035102844238 -227
0.5578927993774414 -227
0.5621998310089111 -228
0.566169261932373 -227
0.5728280544281006 -225
0.576399564743042 -226
0.5801458358764648 -226
0.5847010612487793 -225
0.5882961750030518 -225
0.5942916870117188 -225
0.5979704856872559 -225
0.6022565364837646 -224
0.6081535816192627 -223
0.6126360893249512 -224
0.6162669658660889 -224
0.625037431716919 -226
0.6287918090820312 -226
0.634943962097168 -228
0.6386890411376953 -228
0.6446449756622314 -226
0.6482634544372559 -226
0.6528110504150391 -225
0.6585090160369873 -226
0.6629214286804199 -226
0.6665356159210205 -226
0.670332670211792 -227
0.6749064922332764 -225
0.6805646419525146 -225
0.6852507591247559 -225
0.6890146732330322 -224
0.6933050155639648 -226
0.6968767642974854 -225
0.7029609680175781 -227
0.7065403461456299 -227
0.7102952003479004 -227
0.716660737991333 -228
0.7204627990722656 -226
0.724973201751709 -226
0.7287304401397705 -226
0.7330803871154785 -226
0.7389316558837891 -226
0.7434070110321045 -225
0.7469618320465088 -227
0.7507131099700928 -226
0.7551908493041992 -227
0.7608246803283691 -227
0.765505313873291 -228
0.7692608833312988 -228
0.7735843658447266 -227
0.7772762775421143 -228
0.7840032577514648 -226
0.7878947257995605 -227
0.7922060489654541 -227
0.796025276184082 -226
0.7995312213897705 -227
0.8055558204650879 -225
0.8093328475952148 -225
0.81589674949646 -225
0.8195016384124756 -224
0.8240983486175537 -225
0.8278439044952393 -225
0.8321387767791748 -226
0.8379793167114258 -227
0.8425071239471436 -226
0.8461673259735107 -226
0.8499107360839844 -225
0.8544363975524902 -226
0.8601012229919434 -228
0.8648300170898438 -227
0.8685119152069092 -227
0.8729395866394043 -230
0.8765275478363037 -228
0.8825898170471191 -229
0.8861913681030273 -227
0.8899712562561035 -226
0.8958592414855957 -227
0.8994016647338867 -224
0.904076099395752 -226
0.9098398685455322 -226
0.9144546985626221 -226
0.9180479049682617 -226
0.9226973056793213 -226
0.9263286590576172 -226
0.9329419136047363 -226
0.9365355968475342 -225
0.940300464630127 -227
0.9447968006134033 -225
0.9484512805938721 -228
0.9544074535369873 -227
0.9580128192901611 -226
0.9644935131072998 -227
0.9681167602539062 -227
0.9732217788696289 -228
0.9767870903015137 -226
0.9805469512939453 -228
0.9870736598968506 -227
0.9912583827972412 -227
0.9953813552856445 -227
0.9991509914398193 -227
