0 0 
0.0022106170654296875 0
0.00824737548828125 3
0.01175832748413086 3
0.015448808670043945 3
0.01997995376586914 22
0.02559828758239746 14
0.030143022537231445 46
0.033791542053222656 38
0.038297414779663086 178
0.04188275337219238 238
0.047683000564575195 260
0.05149555206298828 301
0.05521726608276367 372
0.060877323150634766 379
0.06465959548950195 412
0.07119441032409668 447
0.07486462593078613 469
0.07965421676635742 486
0.08330154418945312 498
0.08759093284606934 513
0.0933988094329834 536
0.09788918495178223 554
0.10149574279785156 568
0.10523128509521484 587
0.10970544815063477 598
0.11549878120422363 614
0.12024307250976562 618
0.1239473819732666 632
0.12831473350524902 632
0.13190531730651855 642
0.13797807693481445 656
0.14158010482788086 664
0.14591336250305176 679
0.15230345726013184 686
0.15610837936401367 692
0.16068625450134277 695
0.1644449234008789 697
0.16880321502685547 707
0.17458891868591309 707
0.1793503761291504 718
0.18285465240478516 722
0.1873316764831543 724
0.1908721923828125 726
0.19748139381408691 732
0.20128798484802246 731
0.20481657981872559 736
0.20946502685546875 738
0.2132275104522705 748
0.21885442733764648 747
0.22242474555969238 749
0.22621941566467285 750
0.23264741897583008 750
0.23661518096923828 757
0.24090909957885742 754
0.24467921257019043 760
0.2515079975128174 761
0.25533318519592285 761
0.2598581314086914 761
0.26349830627441406 766
0.2679755687713623 766
0.2736070156097412 770
0.27814769744873047 769
0.2817528247833252 771
0.2855112552642822 771
0.2899906635284424 769
0.2956352233886719 770
0.3003201484680176 772
0.30411267280578613 776
0.30843520164489746 777
0.31209349632263184 782
0.318148136138916 779
0.32172107696533203 777
0.3255770206451416 777
0.332012414932251 777
0.33577919006347656 781
0.3403029441833496 783
0.34406447410583496 780
0.34839582443237305 780
0.354189395904541 779
0.36239171028137207 782
0.3661916255950928 784
0.3708188533782959 786
0.37456274032592773 784
0.38071298599243164 784
0.38446521759033203 785
0.3889455795288086 785
0.3947935104370117 783
0.39936256408691406 786
0.40293288230895996 787
0.4074549674987793 785
0.4132544994354248 784
0.41759824752807617 787
0.42157459259033203 785
0.42536044120788574 787
0.4298415184020996 789
0.4354438781738281 789
0.4399607181549072 786
0.4435153007507324 785
0.4480001926422119 786
0.45159411430358887 784
0.4574246406555176 787
0.46120119094848633 789
0.4647197723388672 788
0.471285343170166 786
0.4748654365539551 785
0.47977447509765625 787
0.48345065116882324 787
0.4879186153411865 790
0.4935898780822754 789
0.49809789657592773 787
0.5017473697662354 789
0.505518913269043 785
0.5101883411407471 788
0.5158352851867676 791
0.520362377166748 787
0.5240886211395264 790
0.5284135341644287 788
0.5319712162017822 790
0.5381717681884766 786
0.5417802333831787 791
0.5455183982849121 790
0.5518927574157715 790
0.5556821823120117 791
0.5601744651794434 786
0.5638236999511719 788
0.5681872367858887 787
0.5740518569946289 792
0.5783896446228027 793
0.5819315910339355 792
0.5856819152832031 792
0.5901565551757812 787
0.5957870483398438 788
0.6004559993743896 787
0.6041748523712158 787
0.6084423065185547 790
0.6120030879974365 792
0.6185753345489502 790
0.6221165657043457 793
0.6258695125579834 787
0.6303598880767822 788
0.6340789794921875 791
0.6401393413543701 793
0.643805742263794 792
0.6481997966766357 792
0.6539361476898193 790
0.6584947109222412 786
0.6620767116546631 789
0.665844202041626 791
0.6722900867462158 791
0.6760509014129639 792
0.6805169582366943 791
0.6842701435089111 787
0.6886084079742432 789
0.694373607635498 788
0.6986608505249023 791
0.7022402286529541 792
0.7060079574584961 796
0.7104737758636475 789
0.716102123260498 785
0.7207257747650146 787
0.7244706153869629 787
0.7287921905517578 791
0.7323365211486816 793
0.7383987903594971 790
0.7419419288635254 791
0.7457053661346436 785
0.7520484924316406 788
0.7604026794433594 790
0.7641522884368896 791
0.7686972618103027 796
0.7722842693328857 790
0.7793612480163574 789
0.7828667163848877 784
0.7874727249145508 790
0.7913985252380371 793
0.7949175834655762 794
0.8008215427398682 791
0.8045530319213867 792
0.8088545799255371 791
0.8146889209747314 791
0.8192570209503174 792
0.8226945400238037 793
0.8266823291778564 793
0.8307986259460449 789
0.8373355865478516 789
0.8412802219390869 788
0.8447921276092529 793
0.8493449687957764 788
0.8528461456298828 794
0.8596458435058594 793
0.8632841110229492 791
0.8675875663757324 788
0.8714346885681152 789
0.8749294281005859 789
0.8807947635650635 791
0.8845465183258057 795
0.888861894607544 793
0.8946671485900879 791
0.8994057178497314 791
0.9029228687286377 788
0.9074208736419678 791
0.9133791923522949 788
0.9178798198699951 791
0.9214651584625244 792
0.924957275390625 789
0.9296386241912842 789
0.935344934463501 789
0.9398460388183594 792
0.9434213638305664 794
0.9479343891143799 791
0.9515280723571777 792
0.9582638740539551 790
0.9618699550628662 789
0.9656264781951904 790
0.9701118469238281 788
0.9738180637359619 790
0.9797797203063965 793
0.9833629131317139 794
0.9876575469970703 792
0.9935300350189209 792
0.9980182647705078 792
