0 0 
0.0022878646850585938 0
0.00848841667175293 0
0.012085437774658203 0
0.01576828956604004 -3
0.02048349380493164 -3
0.026098012924194336 -92
0.03058791160583496 -92
0.03425288200378418 -23
0.038680315017700195 -42
0.04226064682006836 -115
0.04832816123962402 -150
0.051923274993896484 -172
0.055687904357910156 -189
0.06205892562866211 -187
0.06580710411071777 -223
0.07046008110046387 -223
0.07420015335083008 -250
0.07860159873962402 -259
0.08431148529052734 -279
0.08871889114379883 -285
0.09226679801940918 -290
0.09602713584899902 -296
0.10048842430114746 -306
0.10612654685974121 -319
0.1105964183807373 -320
0.11441540718078613 -330
0.1187441349029541 -330
0.12227821350097656 -334
0.1290287971496582 -341
0.1325974464416504 -346
0.1363682746887207 -352
0.14082956314086914 -357
0.1445784568786621 -363
0.15061616897583008 -362
0.15428519248962402 -369
0.15870285034179688 -374
0.1645643711090088 -376
0.16887331008911133 -376
0.1724381446838379 -380
0.17618107795715332 -379
0.18065190315246582 -379
0.18631267547607422 -382
0.1910252571105957 -382
0.19478511810302734 -383
0.1990969181060791 -387
0.202620267868042 -386
0.20923352241516113 -389
0.21277999877929688 -392
0.21651196479797363 -396
0.2209787368774414 -394
0.22475218772888184 -396
0.23058605194091797 -397
0.23422622680664062 -399
0.23862123489379883 -399
0.2444612979888916 -396
0.24894928932189941 -394
0.2525053024291992 -394
0.25777196884155273 -395
0.2636125087738037 -396
0.26795125007629395 -398
0.27173519134521484 -399
0.2752382755279541 -399
0.280210018157959 -402
0.2858715057373047 -401
0.2904021739959717 -402
0.29398655891418457 -403
0.2984902858734131 -402
0.3020474910736084 -403
0.3078336715698242 -399
0.311826229095459 -399
0.31529879570007324 -401
0.3219277858734131 -401
0.32579994201660156 -401
0.33030128479003906 -404
0.3338584899902344 -407
0.3383653163909912 -406
0.34416842460632324 -406
0.34857726097106934 -406
0.35213685035705566 -405
0.3558847904205322 -403
0.3603847026824951 -402
0.3660316467285156 -401
0.37070727348327637 -402
0.3790276050567627 -402
0.38258910179138184 -403
0.386333703994751 -405
0.3911709785461426 -405
0.39777326583862305 -405
0.40182065963745117 -405
0.40529966354370117 -408
0.4102187156677246 -405
0.41585516929626465 -404
0.42043590545654297 -403
0.4241302013397217 -406
0.4287271499633789 -404
0.43229103088378906 -402
0.43833279609680176 -403
0.44193053245544434 -406
0.4456655979156494 -401
0.45203351974487305 -404
0.4558541774749756 -408
0.460341215133667 -410
0.463916540145874 -406
0.46840643882751465 -410
0.47415781021118164 -406
0.4785628318786621 -407
0.48226499557495117 -405
0.48602962493896484 -401
0.4906635284423828 -404
0.4962930679321289 -405
0.5007927417755127 -402
0.5045485496520996 -405
0.5088355541229248 -407
0.5124349594116211 -406
0.5190165042877197 -408
0.5225841999053955 -405
0.52634596824646 -407
0.5307974815368652 -407
0.5345726013183594 -402
0.5406522750854492 -404
0.5444149971008301 -403
0.5503015518188477 -404
0.5539066791534424 -403
0.5583999156951904 -403
0.5640285015106201 -404
0.568565845489502 -406
0.5721895694732666 -407
0.5759656429290771 -407
0.5808136463165283 -406
0.5864813327789307 -407
0.5910012722015381 -407
0.5950989723205566 -405
0.5997264385223389 -401
0.6032369136810303 -403
0.6092102527618408 -406
0.612778902053833 -403
0.6164977550506592 -405
0.6228418350219727 -406
0.6270198822021484 -407
0.6311087608337402 -408
0.6348459720611572 -405
0.6391417980194092 -407
0.6449418067932129 -406
0.6492798328399658 -405
0.6528434753417969 -403
0.6569750308990479 -403
0.6610925197601318 -399
0.6676571369171143 -403
0.6717448234558105 -403
0.6752753257751465 -403
0.6799521446228027 -403
0.6856586933135986 -407
0.6902103424072266 -406
0.6937663555145264 -406
0.6982357501983643 -407
0.70184326171875 -407
0.7070014476776123 -405
0.7111926078796387 -405
0.7149922847747803 -406
0.719287633895874 -406
0.7251338958740234 -404
0.7299659252166748 -401
0.7336330413818359 -404
0.7379207611083984 -402
0.743762731552124 -407
0.748248815536499 -406
0.751840353012085 -407
0.7553112506866455 -407
0.7599906921386719 -407
0.7656991481781006 -408
0.7702353000640869 -404
0.7785489559173584 -405
0.7821822166442871 -399
0.7860867977142334 -403
0.7919964790344238 -404
0.7957549095153809 -402
0.8005259037017822 -406
0.8062000274658203 -408
0.8107130527496338 -409
0.8144588470458984 -406
0.8188002109527588 -409
0.8246068954467773 -407
0.8289749622344971 -408
0.8325161933898926 -406
0.8362548351287842 -403
0.8407120704650879 -402
0.8463661670684814 -405
0.8510098457336426 -404
0.8547613620758057 -405
0.8590350151062012 -404
0.8626086711883545 -404
0.8686404228210449 -404
0.8722398281097412 -403
0.8760323524475098 -405
0.8823831081390381 -407
0.8861904144287109 -406
0.8906643390655518 -407
0.8944177627563477 -406
0.8987329006195068 -403
0.9045193195343018 -402
0.9089620113372803 -404
0.9126095771789551 -404
0.9164023399353027 -407
0.9208667278289795 -408
0.9265391826629639 -409
0.9311954975128174 -409
0.9349532127380371 -406
0.9392590522766113 -408
0.9428160190582275 -407
0.9488968849182129 -405
0.9524576663970947 -405
0.9562253952026367 -404
0.9624760150909424 -402
0.966242790222168 -403
0.9708638191223145 -402
0.9746520519256592 -403
0.9789714813232422 -407
0.9847815036773682 -409
0.9890570640563965 -407
0.9926238059997559 -408
0.996340274810791 -409
