0 0 
0.0022296905517578125 0
0.008272409439086914 0
0.011802434921264648 2
0.015522003173828125 7
0.020611047744750977 48
0.026301860809326172 12
0.030994653701782227 35
0.03477120399475098 77
0.03949689865112305 187
0.04291582107543945 99
0.04885149002075195 240
0.054673194885253906 254
0.05898427963256836 281
0.06253933906555176 299
0.06632542610168457 298
0.07079219818115234 332
0.07684803009033203 343
0.08096528053283691 358
0.08474040031433105 374
0.08905315399169922 385
0.0926213264465332 399
0.10006523132324219 410
0.10363078117370605 417
0.10791158676147461 425
0.11187124252319336 432
0.11775875091552734 443
0.12175989151000977 448
0.12555646896362305 456
0.13190746307373047 462
0.13569927215576172 471
0.14020442962646484 480
0.14380145072937012 481
0.14831042289733887 489
0.15403246879577637 493
0.1584775447845459 498
0.16211771965026855 502
0.1659073829650879 503
0.17055368423461914 505
0.17623257637023926 506
0.1807548999786377 510
0.18450045585632324 513
0.18883085250854492 517
0.19238591194152832 517
0.19845175743103027 522
0.20203804969787598 525
0.2058122158050537 525
0.21058917045593262 527
0.21622848510742188 529
0.22070860862731934 530
0.22447609901428223 530
0.22898435592651367 532
0.23253798484802246 536
0.2391645908355713 539
0.24269771575927734 540
0.24647092819213867 542
0.2511460781097412 542
0.2549130916595459 540
0.26078343391418457 539
0.2646002769470215 539
0.268923282623291 540
0.27477264404296875 541
0.2790796756744385 544
0.2826361656188965 543
0.28637123107910156 543
0.2910304069519043 547
0.29763340950012207 545
0.30117321014404297 544
0.30495285987854004 545
0.30954456329345703 546
0.3130764961242676 543
0.31984996795654297 547
0.323514461517334 546
0.32787418365478516 548
0.33168697357177734 548
0.33520007133483887 548
0.3444688320159912 550
0.34952592849731445 550
0.3551018238067627 549
0.3600151538848877 549
0.36360621452331543 549
0.36789727210998535 551
0.37391090393066406 553
0.3786129951477051 550
0.38219761848449707 551
0.3859591484069824 550
0.39044761657714844 550
0.39609575271606445 546
0.4006083011627197 548
0.4044327735900879 547
0.40889596939086914 549
0.4124894142150879 551
0.418503999710083 552
0.42209696769714355 554
0.4258575439453125 552
0.43221282958984375 552
0.4360029697418213 549
0.44049572944641113 547
0.4441673755645752 548
0.4485304355621338 549
0.4543642997741699 550
0.45867323875427246 552
0.462296724319458 554
0.4660606384277344 555
0.4707174301147461 553
0.47640061378479004 551
0.48090672492980957 551
0.4847526550292969 550
0.48903918266296387 548
0.4925992488861084 549
0.4986610412597656 552
0.5022311210632324 551
0.5059890747070312 554
0.5118629932403564 555
0.5156238079071045 551
0.5200955867767334 553
0.5257601737976074 548
0.5304625034332275 551
0.5341219902038574 550
0.5385160446166992 551
0.5421109199523926 554
0.5486667156219482 555
0.5522329807281494 555
0.5560059547424316 553
0.5604360103607178 554
0.5660254955291748 551
0.5705013275146484 552
0.5743281841278076 551
0.5786411762237549 551
0.582176923751831 550
0.5884041786193848 553
0.591984748840332 556
0.5957460403442383 554
0.6021008491516113 556
0.6058740615844727 553
0.6103372573852539 552
0.614051342010498 553
0.618513822555542 550
0.6243100166320801 551
0.6286630630493164 553
0.632230281829834 554
0.6359906196594238 557
0.640582799911499 554
0.6462361812591553 553
0.6508815288543701 552
0.6546216011047363 549
0.6589047908782959 551
0.662477970123291 550
0.6685068607330322 553
0.6722166538238525 553
0.6759762763977051 552
0.682314395904541 552
0.6861236095428467 553
0.6905910968780518 553
0.6943097114562988 553
0.6986556053161621 550
0.7044589519500732 552
0.7089612483978271 555
0.7125236988067627 552
0.7162418365478516 550
0.7206950187683105 557
0.7263329029083252 554
0.7307980060577393 551
0.734534740447998 549
0.742431640625 549
0.7462043762207031 549
0.7510566711425781 550
0.7576396465301514 551
0.7615859508514404 553
0.7650818824768066 557
0.7701222896575928 560
0.775740385055542 557
0.7802779674530029 556
0.7838547229766846 550
0.7884995937347412 550
0.7920808792114258 549
0.7986493110656738 555
0.8021893501281738 554
0.8059508800506592 556
0.8104209899902344 559
0.8140850067138672 554
0.8200442790985107 553
0.8236234188079834 553
0.8278896808624268 551
0.834012508392334 552
0.8383984565734863 552
0.841963529586792 551
0.845736026763916 555
0.8502473831176758 555
0.85585618019104 558
0.8603355884552002 553
0.863889217376709 557
0.868358850479126 550
0.8719162940979004 553
0.8785085678100586 549
0.8821029663085938 553
0.8858563899993896 556
0.8905067443847656 556
0.8941776752471924 555
0.9003212451934814 557
0.9040157794952393 554
0.9083883762359619 549
0.9143092632293701 551
0.9186365604400635 550
0.9221737384796143 550
0.9259345531463623 551
0.9322731494903564 554
0.9360566139221191 556
0.9405548572540283 556
0.944300651550293 555
0.9487795829772949 553
0.9545707702636719 552
0.958878755569458 549
0.9624662399291992 549
0.9662022590637207 550
0.9706881046295166 551
0.9763257503509521 554
0.9808413982391357 556
0.984565258026123 554
0.988872766494751 552
0.9924094676971436 554
0.9984705448150635 552
