0 0 
0.002471446990966797 0
0.007524967193603516 0
0.011922597885131836 0
0.01570439338684082 0
0.01999378204345703 0
0.025743961334228516 0
0.0300295352935791 0
0.03349900245666504 0
0.037253379821777344 3
0.041707515716552734 3
0.047280311584472656 8
0.05194425582885742 8
0.055640220642089844 19
0.05995297431945801 59
0.06348252296447754 59
0.06946492195129395 59
0.0731346607208252 60
0.07687902450561523 60
0.08319425582885742 68
0.0869588851928711 68
0.09147095680236816 71
0.0950167179107666 71
0.09946084022521973 76
0.1050868034362793 79
0.10971522331237793 81
0.11333870887756348 82
0.11711382865905762 82
0.12159514427185059 85
0.1272120475769043 86
0.131852388381958 87
0.13546395301818848 88
0.13983774185180664 88
0.14338231086730957 89
0.1499464511871338 91
0.15346503257751465 91
0.1582498550415039 92
0.16233491897583008 92
0.16608548164367676 93
0.17209219932556152 94
0.17585349082946777 94
0.18015074729919434 95
0.185960054397583 96
0.19029831886291504 97
0.19383955001831055 96
0.19761323928833008 96
0.2020881175994873 96
0.20818471908569336 96
0.21228742599487305 96
0.216064453125 97
0.22033143043518066 97
0.22389459609985352 97
0.23091530799865723 97
0.23444867134094238 96
0.23894309997558594 96
0.24271845817565918 97
0.24628734588623047 98
0.2521398067474365 97
0.25586581230163574 97
0.26178622245788574 97
0.26557254791259766 97
0.2699401378631592 98
0.27573633193969727 97
0.2834904193878174 98
0.28728532791137695 97
0.29198670387268066 97
0.2957572937011719 97
0.30177736282348633 97
0.30545997619628906 97
0.30999755859375 97
0.3158290386199951 97
0.32013535499572754 97
0.3236885070800781 97
0.3275105953216553 97
0.3320040702819824 97
0.3376288414001465 96
0.3420717716217041 97
0.34578561782836914 97
0.3502790927886963 95
0.35379719734191895 96
0.3604109287261963 97
0.3639507293701172 98
0.3676722049713135 98
0.3721151351928711 99
0.37585902214050293 97
0.3816964626312256 97
0.3853318691253662 98
0.3912978172302246 99
0.3948843479156494 99
0.3994579315185547 99
0.4050743579864502 97
0.40973424911499023 97
0.4133024215698242 98
0.4170815944671631 99
0.42157626152038574 99
0.42727136611938477 99
0.4317476749420166 98
0.4354269504547119 98
0.43979525566101074 99
0.44339656829833984 100
0.44946765899658203 100
0.45308423042297363 98
0.45685911178588867 98
0.46312856674194336 98
0.4668874740600586 98
0.4714982509613037 98
0.4750938415527344 99
0.47966766357421875 97
0.48538851737976074 99
0.48981714248657227 99
0.49341392517089844 98
0.4971926212310791 98
0.5016648769378662 99
0.5072891712188721 98
0.5117111206054688 98
0.5153412818908691 99
0.5198812484741211 99
0.5256569385528564 98
0.5301053524017334 98
0.5336606502532959 98
0.5373787879943848 97
0.5418381690979004 97
0.5474488735198975 98
0.5519435405731201 98
0.5556731224060059 99
0.559955358505249 99
0.5635402202606201 99
0.56964111328125 98
0.5732104778289795 99
0.5769436359405518 99
0.5832564830780029 98
0.5870447158813477 99
0.5917038917541504 99
0.5953419208526611 99
0.599705696105957 99
0.6053972244262695 98
0.6097917556762695 98
0.6133527755737305 99
0.6171066761016846 99
0.6216113567352295 98
0.6272356510162354 98
0.6317226886749268 98
0.6353442668914795 99
0.6397171020507812 99
0.6432666778564453 99
0.6500141620635986 99
0.6535794734954834 98
0.6573009490966797 98
0.6617271900177002 98
0.6655693054199219 99
0.6714043617248535 99
0.6749570369720459 98
0.6794147491455078 98
0.6864786148071289 98
0.692460298538208 98
0.696221113204956 97
0.7020950317382812 97
0.7058601379394531 97
0.7104072570800781 97
0.7161834239959717 97
0.7207469940185547 97
0.7241702079772949 97
0.7281661033630371 97
0.7322683334350586 98
0.7388098239898682 99
0.7423458099365234 98
0.7460799217224121 97
0.7503561973571777 97
0.7538847923278809 96
0.7604212760925293 96
0.7639892101287842 96
0.7677140235900879 96
0.7723629474639893 96
0.7760844230651855 98
0.7822129726409912 97
0.785952091217041 97
0.7902276515960693 98
0.7960269451141357 96
0.8003199100494385 97
0.8038506507873535 97
0.8076119422912598 97
0.8120832443237305 97
0.8176686763763428 99
0.8221549987792969 98
0.8258974552154541 99
0.8303468227386475 99
0.8338828086853027 98
0.8404347896575928 98
0.8439819812774658 98
0.847710371017456 97
0.8522109985351562 97
0.8559689521789551 97
0.861828088760376 99
0.8655667304992676 99
0.8698487281799316 98
0.8756818771362305 98
0.8799769878387451 99
0.8835322856903076 99
0.8872663974761963 99
0.8918724060058594 99
0.8974757194519043 99
0.9019513130187988 99
0.9058170318603516 98
0.9103033542633057 98
0.9160480499267578 98
0.920342206954956 99
0.9238753318786621 99
0.9276127815246582 99
0.9320633411407471 99
0.93768310546875 98
0.9421703815460205 99
0.9459066390991211 99
0.9503524303436279 99
0.9538893699645996 99
0.959930419921875 99
0.9634826183319092 99
0.9672243595123291 99
0.9736118316650391 99
0.9773857593536377 99
0.981879472732544 99
0.9856088161468506 96
0.9899537563323975 97
0.995769739151001 97
