0 0 
0.0037992000579833984 0
0.009049654006958008 2
0.012821197509765625 6
0.017397165298461914 6
0.02118372917175293 35
0.025481700897216797 18
0.03127622604370117 158
0.03578901290893555 192
0.03942370414733887 218
0.043195247650146484 269
0.04781293869018555 287
0.053827524185180664 326
0.05793619155883789 351
0.061682701110839844 407
0.07179570198059082 431
0.07638263702392578 464
0.08202052116394043 482
0.0867156982421875 496
0.09043240547180176 505
0.09473514556884766 522
0.09873580932617188 557
0.10532689094543457 558
0.10890746116638184 572
0.11269450187683105 584
0.11719250679016113 594
0.12100529670715332 599
0.1270291805267334 605
0.13059735298156738 618
0.13511300086975098 632
0.14450573921203613 649
0.1483149528503418 653
0.15184307098388672 657
0.1567220687866211 664
0.16244006156921387 669
0.16696572303771973 676
0.170637845993042 682
0.17531180381774902 689
0.17892026901245117 690
0.18501543998718262 693
0.18863654136657715 695
0.19240880012512207 698
0.1988365650177002 704
0.20263099670410156 708
0.20716500282287598 713
0.210892915725708 718
0.21546578407287598 720
0.22134757041931152 719
0.22570395469665527 724
0.22925019264221191 722
0.23300433158874512 724
0.23749375343322754 726
0.2431964874267578 733
0.24768996238708496 733
0.2514677047729492 732
0.2557554244995117 732
0.25931882858276367 737
0.26537632942199707 737
0.2690296173095703 737
0.2728443145751953 742
0.27881336212158203 744
0.282604455947876 743
0.2870934009552002 740
0.29271483421325684 744
0.29723238945007324 744
0.3009042739868164 747
0.30547666549682617 752
0.30904483795166016 751
0.315671443939209 751
0.31920862197875977 749
0.32298946380615234 749
0.3275272846221924 753
0.3365345001220703 753
0.34036779403686523 751
0.3464388847351074 752
0.34998250007629395 751
0.354511022567749 751
0.3605659008026123 753
0.36504411697387695 756
0.36864566802978516 755
0.37239837646484375 756
0.3768894672393799 755
0.3825802803039551 754
0.38724350929260254 753
0.39090704917907715 754
0.3954908847808838 757
0.39903903007507324 757
0.40567827224731445 760
0.4092273712158203 758
0.4130563735961914 753
0.4175589084625244 754
0.42129945755004883 753
0.4271998405456543 754
0.4308755397796631 754
0.4354407787322998 759
0.441314697265625 757
0.4456489086151123 756
0.4492042064666748 756
0.4529449939727783 753
0.45760631561279297 757
0.4632253646850586 760
0.4677274227142334 761
0.47148633003234863 759
0.4757692813873291 757
0.47933459281921387 758
0.4858825206756592 754
0.4894285202026367 755
0.4932267665863037 758
0.4977247714996338 764
0.5014820098876953 760
0.5073294639587402 758
0.5110101699829102 756
0.5169377326965332 760
0.5205557346343994 758
0.5250289440155029 760
0.5306544303894043 763
0.5351974964141846 763
0.5387721061706543 759
0.5425000190734863 757
0.5469541549682617 757
0.552598237991333 755
0.5571527481079102 759
0.5607173442840576 762
0.5653672218322754 765
0.5689828395843506 759
0.575695276260376 760
0.5792500972747803 757
0.5830528736114502 757
0.5875380039215088 760
0.5912833213806152 761
0.5971691608428955 760
0.6008503437042236 760
0.6052606105804443 761
0.610994815826416 755
0.6153862476348877 759
0.6189782619476318 763
0.622748851776123 767
0.6272356510162354 763
0.6328589916229248 761
0.6374990940093994 756
0.6412379741668701 758
0.645545244216919 758
0.6491210460662842 761
0.6556801795959473 761
0.6592104434967041 761
0.662961483001709 761
0.6674244403839111 757
0.6711649894714355 760
0.677109956741333 760
0.6808955669403076 762
0.6854665279388428 766
0.6912622451782227 761
0.6957399845123291 760
0.699296236038208 758
0.7030751705169678 756
0.7075276374816895 755
0.7131760120391846 762
0.7176313400268555 765
0.7213654518127441 763
0.7256743907928467 760
0.7292206287384033 756
0.7379074096679688 757
0.7416646480560303 760
0.7477073669433594 761
0.7537229061126709 764
0.7583670616149902 761
0.7619001865386963 756
0.7665104866027832 756
0.7700197696685791 757
0.7758653163909912 760
0.7793958187103271 760
0.7831578254699707 762
0.7895324230194092 761
0.7932555675506592 759
0.7978250980377197 757
0.8015851974487305 761
0.8058786392211914 762
0.8116612434387207 762
0.8164346218109131 764
0.8199136257171631 761
0.8243460655212402 759
0.8283226490020752 755
0.8346891403198242 757
0.8384706974029541 759
0.8419911861419678 759
0.8467066287994385 762
0.8503470420837402 762
0.8559584617614746 761
0.8594937324523926 761
0.863224983215332 760
0.8695509433746338 759
0.873302698135376 762
0.877981424331665 762
0.8817276954650879 759
0.8860304355621338 760
0.8918323516845703 760
0.8963980674743652 757
0.8999195098876953 762
0.9044089317321777 760
0.9079582691192627 762
0.9145689010620117 758
0.9183504581451416 761
0.9219686985015869 758
0.9266624450683594 758
0.9323279857635498 760
0.9370522499084473 764
0.9406201839447021 763
0.9451119899749756 763
0.9487171173095703 761
0.9545173645019531 759
0.958491325378418 758
0.9619998931884766 759
0.9686505794525146 762
0.9724364280700684 765
0.9769368171691895 763
0.9805295467376709 760
0.9849703311920166 759
0.9906001091003418 757
0.9953024387359619 759
0.9988563060760498 762
