0 0 
0.0033524036407470703 0
0.008419036865234375 0
0.012752532958984375 0
0.01626110076904297 0
0.020065784454345703 -7
0.0267333984375 -16
0.0305020809173584 -42
0.035007476806640625 -12
0.038840532302856445 -19
0.04456162452697754 -65
0.0501866340637207 -154
0.05504655838012695 -164
0.058771610260009766 -188
0.06319785118103027 -178
0.06898164749145508 -204
0.0732889175415039 -210
0.07692098617553711 -228
0.08068299293518066 -233
0.08514666557312012 -252
0.09078550338745117 -261
0.0952765941619873 -269
0.09903860092163086 -281
0.10428786277770996 -287
0.10793828964233398 -295
0.11400794982910156 -297
0.11781954765319824 -301
0.12209033966064453 -309
0.1280207633972168 -311
0.1325364112854004 -316
0.13613200187683105 -321
0.13986611366271973 -323
0.14429879188537598 -327
0.15001320838928223 -328
0.15469741821289062 -330
0.15838098526000977 -334
0.1628587245941162 -334
0.16641855239868164 -338
0.1731705665588379 -342
0.17672467231750488 -342
0.1804802417755127 -345
0.18497109413146973 -346
0.18873882293701172 -348
0.19464635848999023 -351
0.19824767112731934 -354
0.2027301788330078 -352
0.20847225189208984 -355
0.21296119689941406 -357
0.21654963493347168 -356
0.22030186653137207 -352
0.22478914260864258 -355
0.23045754432678223 -357
0.23514008522033691 -358
0.23887872695922852 -357
0.24665307998657227 -362
0.25292015075683594 -360
0.2565267086029053 -363
0.26027536392211914 -366
0.2667999267578125 -364
0.27060675621032715 -364
0.27524232864379883 -364
0.27899670600891113 -363
0.2834341526031494 -364
0.28924059867858887 -361
0.2939748764038086 -360
0.2974717617034912 -362
0.30196332931518555 -362
0.3055083751678467 -360
0.31215333938598633 -363
0.31596899032592773 -366
0.3194887638092041 -367
0.324077844619751 -364
0.3275575637817383 -370
0.3335108757019043 -371
0.3370699882507324 -366
0.3412191867828369 -367
0.34746432304382324 -366
0.3519599437713623 -363
0.35592007637023926 -361
0.35947680473327637 -362
0.36408042907714844 -362
0.3698568344116211 -365
0.374286413192749 -366
0.37792396545410156 -367
0.38222813606262207 -370
0.38805103302001953 -371
0.3925609588623047 -369
0.3961622714996338 -366
0.3999195098876953 -371
0.4045090675354004 -367
0.41016578674316406 -368
0.414886474609375 -364
0.4186747074127197 -366
0.42300868034362793 -368
0.42656779289245605 -368
0.4326364994049072 -365
0.43625640869140625 -364
0.4399902820587158 -368
0.44637537002563477 -366
0.450162410736084 -368
0.4546680450439453 -368
0.4582545757293701 -369
0.46274375915527344 -368
0.4684429168701172 -367
0.4730343818664551 -368
0.4766652584075928 -366
0.4804387092590332 -367
0.48498988151550293 -367
0.49062132835388184 -365
0.49508070945739746 -364
0.49884486198425293 -366
0.5031828880310059 -367
0.5067710876464844 -365
0.5133404731750488 -370
0.5169022083282471 -372
0.5206410884857178 -369
0.5250933170318604 -369
0.5288641452789307 -371
0.5348937511444092 -367
0.5386650562286377 -368
0.5431482791900635 -367
0.5489540100097656 -367
0.5532846450805664 -365
0.5568716526031494 -366
0.5606167316436768 -362
0.5651118755340576 -366
0.5707516670227051 -367
0.5753004550933838 -367
0.5790491104125977 -368
0.5833487510681152 -368
0.5868997573852539 -369
0.5939044952392578 -369
0.5974276065826416 -369
0.6018846035003662 -370
0.6054389476776123 -369
0.6091904640197754 -365
0.6150534152984619 -366
0.6188480854034424 -365
0.623403787612915 -366
0.6291835308074951 -365
0.6335082054138184 -364
0.6370618343353271 -365
0.640831708908081 -369
0.6490559577941895 -370
0.6551754474639893 -374
0.658902645111084 -371
0.6633718013763428 -371
0.6692113876342773 -370
0.6740548610687256 -366
0.6779179573059082 -365
0.6822071075439453 -365
0.6880245208740234 -365
0.6925759315490723 -363
0.6961765289306641 -364
0.6999564170837402 -367
0.7044773101806641 -368
0.7101337909698486 -366
0.7148430347442627 -368
0.7185282707214355 -368
0.7229330539703369 -369
0.7265141010284424 -370
0.7325737476348877 -370
0.736196756362915 -371
0.7399466037750244 -368
0.746347188949585 -364
0.7501497268676758 -365
0.7546937465667725 -365
0.758277177810669 -364
0.7627701759338379 -364
0.7684950828552246 -369
0.7730963230133057 -369
0.7766828536987305 -370
0.780461311340332 -370
0.7849440574645996 -370
0.7906861305236816 -369
0.7952480316162109 -370
0.7989978790283203 -372
0.8034839630126953 -368
0.8070812225341797 -367
0.813145637512207 -366
0.8167147636413574 -365
0.8204989433288574 -364
0.8267526626586914 -365
0.8305084705352783 -367
0.8351521492004395 -367
0.8389034271240234 -369
0.8432130813598633 -368
0.8490254878997803 -371
0.8533601760864258 -368
0.8569159507751465 -369
0.8606672286987305 -371
0.8651580810546875 -368
0.8707976341247559 -367
0.8753025531768799 -368
0.8790700435638428 -366
0.88340163230896 -364
0.8869380950927734 -366
0.893953800201416 -366
0.8974437713623047 -367
0.9019010066986084 -367
0.9054591655731201 -368
0.9092693328857422 -371
0.9152407646179199 -368
0.9190123081207275 -372
0.9252464771270752 -370
0.929008960723877 -368
0.9334323406219482 -367
0.9370055198669434 -369
0.9407742023468018 -365
0.9473292827606201 -364
0.9513418674468994 -365
0.9558382034301758 -368
0.9593615531921387 -368
0.9639177322387695 -367
0.9694974422454834 -370
0.9741861820220947 -370
0.977832555770874 -368
0.9820895195007324 -370
0.9858851432800293 -370
0.9922852516174316 -370
0.9961612224578857 -369
0.9999611377716064 -371
