0 0 
0.0025680065155029297 0
0.0072498321533203125 0
0.010869503021240234 0
0.01508951187133789 0
0.019182205200195312 -2
0.024949312210083008 -2
0.0285189151763916 -7
0.0350799560546875 -16
0.03891110420227051 -16
0.04242753982543945 -39
0.0469968318939209 -39
0.050508975982666016 -82
0.05749058723449707 -94
0.06107449531555176 -94
0.06553292274475098 -86
0.06913280487060547 -96
0.07574462890625 -106
0.0814816951751709 -126
0.08588147163391113 -131
0.08945560455322266 -131
0.0932304859161377 -141
0.09772157669067383 -144
0.10339784622192383 -151
0.10790157318115234 -155
0.11167073249816895 -157
0.11608123779296875 -160
0.11969685554504395 -161
0.12574028968811035 -164
0.12932705879211426 -166
0.1331014633178711 -172
0.1429591178894043 -172
0.1476445198059082 -173
0.15333294868469238 -177
0.15799927711486816 -177
0.16179299354553223 -177
0.1663675308227539 -177
0.16991949081420898 -177
0.17596745491027832 -179
0.17954349517822266 -179
0.18330764770507812 -180
0.18983936309814453 -181
0.19363856315612793 -182
0.19828486442565918 -180
0.20203709602355957 -182
0.2063446044921875 -182
0.21216225624084473 -184
0.21654319763183594 -183
0.22010469436645508 -185
0.2242565155029297 -185
0.22835636138916016 -186
0.23492932319641113 -186
0.23847079277038574 -187
0.24222564697265625 -186
0.24652934074401855 -185
0.2502479553222656 -185
0.2563469409942627 -186
0.2598872184753418 -188
0.2636141777038574 -187
0.26999378204345703 -189
0.273770809173584 -188
0.27826547622680664 -188
0.28201842308044434 -190
0.28632044792175293 -190
0.2921295166015625 -189
0.29645395278930664 -191
0.30001258850097656 -190
0.3037276268005371 -187
0.3082268238067627 -189
0.31427836418151855 -188
0.3188343048095703 -187
0.32235169410705566 -187
0.3269226551055908 -186
0.3305211067199707 -186
0.33640265464782715 -185
0.33994460105895996 -184
0.34368467330932617 -186
0.3500392436981201 -188
0.3537783622741699 -186
0.3582763671875 -188
0.3620259761810303 -189
0.36634325981140137 -190
0.3721756935119629 -191
0.37685132026672363 -191
0.3803219795227051 -191
0.3843071460723877 -191
0.3883984088897705 -189
0.39499688148498535 -189
0.3988502025604248 -192
0.4024214744567871 -189
0.40703630447387695 -191
0.41054201126098633 -191
0.41729068756103516 -189
0.420945405960083 -189
0.42525315284729004 -190
0.4290611743927002 -188
0.4325368404388428 -189
0.4385538101196289 -188
0.44232654571533203 -187
0.4491002559661865 -188
0.45293426513671875 -189
0.4574470520019531 -188
0.46102094650268555 -189
0.4660770893096924 -188
0.4719061851501465 -188
0.4762122631072998 -187
0.4797513484954834 -187
0.48358607292175293 -188
0.48807835578918457 -188
0.4937424659729004 -188
0.49838685989379883 -189
0.5021531581878662 -190
0.5064377784729004 -189
0.5099787712097168 -191
0.516045093536377 -190
0.5196096897125244 -190
0.5233681201934814 -191
0.529740571975708 -190
0.533501148223877 -190
0.5380053520202637 -191
0.5463559627532959 -190
0.5499026775360107 -190
0.5569705963134766 -189
0.5605134963989258 -189
0.5650367736816406 -189
0.5689971446990967 -187
0.5752112865447998 -187
0.5792608261108398 -187
0.5830409526824951 -186
0.5894057750701904 -186
0.5932486057281494 -186
0.597747802734375 -186
0.6014039516448975 -187
0.6058459281921387 -188
0.611642599105835 -186
0.61614990234375 -187
0.6197295188903809 -188
0.6235272884368896 -188
0.6280126571655273 -190
0.6336512565612793 -192
0.6381580829620361 -189
0.6418976783752441 -191
0.646214485168457 -189
0.6497495174407959 -189
0.6558272838592529 -188
0.659400224685669 -188
0.6631464958190918 -189
0.667870283126831 -190
0.6735291481018066 -189
0.6782684326171875 -190
0.6820704936981201 -191
0.6864027976989746 -189
0.6899709701538086 -190
0.6965484619140625 -189
0.7002584934234619 -192
0.7042713165283203 -188
0.7085402011871338 -188
0.7123501300811768 -189
0.7181406021118164 -187
0.721907377243042 -186
0.726201057434082 -188
0.7297513484954834 -188
0.7335169315338135 -187
0.738182783126831 -187
0.7419164180755615 -189
0.7462284564971924 -188
0.7497761249542236 -189
0.7535355091094971 -189
0.7580242156982422 -190
0.7617826461791992 -188
0.7670235633850098 -191
0.7705647945404053 -188
0.7750570774078369 -189
0.7788546085357666 -190
0.7824699878692627 -191
0.787067174911499 -192
0.7907826900482178 -190
0.7950911521911621 -189
0.799060583114624 -189
0.8025608062744141 -189
0.8072354793548584 -188
0.8108947277069092 -189
0.8151850700378418 -189
0.8197240829467773 -189
0.8235023021697998 -188
0.8280141353607178 -187
0.8317615985870361 -188
0.8361954689025879 -188
0.8397588729858398 -186
0.8435318470001221 -186
0.8479561805725098 -187
0.8516862392425537 -186
0.8561875820159912 -189
0.8597395420074463 -187
0.8635144233703613 -191
0.869063138961792 -190
0.8725690841674805 -190
0.8772478103637695 -190
0.8809158802032471 -190
0.8852138519287109 -190
0.8890011310577393 -189
0.892526388168335 -188
0.8973095417022705 -188
0.9009630680084229 -187
0.9052534103393555 -190
0.9151186943054199 -188
0.9198744297027588 -190
0.9236288070678711 -190
0.9281117916107178 -189
0.9337239265441895 -188
0.938199520111084 -186
0.9465019702911377 -190
0.9505305290222168 -186
0.9557268619537354 -186
0.9633605480194092 -186
0.9692244529724121 -186
0.973003625869751 -187
0.9776978492736816 -187
0.9813809394836426 -190
0.9859163761138916 -190
0.991112470626831 -188
0.9956557750701904 -189
0.9992544651031494 -191
