0 0 
0.0033020973205566406 0
0.008064508438110352 0
0.012966632843017578 3
0.01657867431640625 3
0.02088022232055664 8
0.02674269676208496 21
0.031000375747680664 84
0.03493356704711914 96
0.03873443603515625 41
0.043541908264160156 121
0.0477144718170166 140
0.053698062896728516 179
0.05742788314819336 187
0.06326842308044434 185
0.06683778762817383 198
0.07129025459289551 219
0.0770115852355957 235
0.08150720596313477 241
0.0850975513458252 253
0.08885383605957031 262
0.09521865844726562 273
0.09903502464294434 285
0.1036982536315918 293
0.10742807388305664 299
0.11176872253417969 303
0.11767458915710449 308
0.12201905250549316 310
0.12558269500732422 316
0.12935709953308105 318
0.1338205337524414 326
0.13943767547607422 326
0.14410877227783203 330
0.14787983894348145 333
0.15216922760009766 335
0.15572309494018555 336
0.16199684143066406 341
0.16557741165161133 344
0.1693410873413086 345
0.17567086219787598 348
0.17945599555969238 351
0.18393445014953613 351
0.1877293586730957 354
0.19201970100402832 358
0.1978762149810791 357
0.20220208168029785 358
0.20576834678649902 360
0.2095625400543213 362
0.21405839920043945 360
0.2206249237060547 361
0.22458696365356445 360
0.22809815406799316 361
0.23268961906433105 359
0.23619794845581055 363
0.2420504093170166 366
0.24563193321228027 367
0.24938368797302246 367
0.2556126117706299 368
0.2593660354614258 368
0.26388049125671387 369
0.267622709274292 367
0.2721107006072998 368
0.2779381275177002 368
0.2826552391052246 366
0.2861769199371338 367
0.2906010150909424 370
0.29415154457092285 370
0.3007974624633789 369
0.30459046363830566 370
0.308121919631958 370
0.31269121170043945 368
0.3162062168121338 374
0.32299160957336426 370
0.3267037868499756 374
0.3312208652496338 374
0.33482789993286133 375
0.3399994373321533 372
0.34461498260498047 373
0.3481605052947998 368
0.3547666072845459 369
0.3583030700683594 369
0.36301398277282715 371
0.3666691780090332 372
0.37094926834106445 373
0.3767740726470947 372
0.3840334415435791 372
0.3888208866119385 376
0.3934671878814697 375
0.3971519470214844 375
0.40349411964416504 373
0.4071648120880127 373
0.41170716285705566 371
0.4179067611694336 368
0.42311906814575195 367
0.4267137050628662 371
0.43099093437194824 372
0.4368128776550293 370
0.4413740634918213 372
0.4449734687805176 374
0.4487283229827881 375
0.4531896114349365 376
0.4588339328765869 379
0.4635169506072998 379
0.4671659469604492 373
0.471574068069458 373
0.4751248359680176 374
0.4809138774871826 371
0.4848024845123291 372
0.48829150199890137 372
0.49492645263671875 372
0.49875783920288086 373
0.5032637119293213 373
0.5068240165710449 371
0.5112895965576172 376
0.5169143676757812 376
0.5216002464294434 375
0.5251727104187012 374
0.5289638042449951 373
0.5336172580718994 371
0.5392754077911377 369
0.5437827110290527 372
0.5475594997406006 372
0.5518696308135986 373
0.5554375648498535 371
0.5620038509368896 373
0.5655636787414551 372
0.5693225860595703 372
0.573845624923706 375
0.577599048614502 374
0.5836062431335449 374
0.5873825550079346 380
0.5916945934295654 374
0.5974833965301514 375
0.6017661094665527 373
0.6053276062011719 372
0.609102725982666 371
0.6135499477386475 372
0.6191732883453369 371
0.6236467361450195 373
0.6274080276489258 374
0.6317017078399658 374
0.6374835968017578 376
0.641963005065918 377
0.6455321311950684 375
0.649275541305542 374
0.653754472732544 378
0.6593723297119141 376
0.6640307903289795 375
0.6677777767181396 371
0.6721842288970947 372
0.6757690906524658 372
0.6817898750305176 372
0.6853585243225098 374
0.6890871524810791 375
0.6954264640808105 373
0.6992373466491699 374
0.7038881778717041 375
0.7076256275177002 374
0.7119417190551758 376
0.7177071571350098 375
0.7219967842102051 378
0.7255494594573975 378
0.7292861938476562 376
0.7337906360626221 375
0.7394313812255859 374
0.7438898086547852 370
0.7476058006286621 367
0.7519145011901855 369
0.7554607391357422 373
0.7622003555297852 373
0.7657673358917236 374
0.7694978713989258 376
0.7739443778991699 376
0.7776875495910645 375
0.7876780033111572 377
0.7922463417053223 375
0.7957863807678223 373
0.80291748046875 372
0.8065521717071533 370
0.8108222484588623 371
0.8147692680358887 372
0.8182651996612549 372
0.8242721557617188 374
0.8280296325683594 376
0.8342702388763428 376
0.8380177021026611 376
0.8425617218017578 375
0.8460352420806885 376
0.8500306606292725 374
0.8561949729919434 374
0.860663652420044 371
0.8641769886016846 372
0.8679072856903076 369
0.8734362125396729 374
0.8790643215179443 372
0.8836796283721924 372
0.8874013423919678 375
0.8917050361633301 374
0.8952615261077881 374
0.9018213748931885 376
0.9053854942321777 376
0.9091079235076904 376
0.9136984348297119 375
0.9174251556396484 373
0.9234576225280762 373
0.92702317237854 372
0.931527853012085 371
0.937251091003418 370
0.9417943954467773 374
0.9453787803649902 373
0.9491152763366699 374
0.9554417133331299 373
0.9591987133026123 377
0.9636857509613037 374
0.9674136638641357 373
0.9717485904693604 377
0.9775435924530029 374
0.9818880558013916 374
0.9854421615600586 375
0.9892222881317139 374
0.9936890602111816 370
0.9993112087249756 374
