0 0 
0.002658843994140625 0
0.008470296859741211 0
0.012176275253295898 -6
0.01663494110107422 -15
0.02036881446838379 -40
0.02493596076965332 -32
0.030768632888793945 -67
0.03509259223937988 -47
0.03871607780456543 -196
0.042478084564208984 -243
0.04695844650268555 -292
0.052584171295166016 -298
0.057291269302368164 -343
0.06533408164978027 -375
0.07025027275085449 -392
0.0762476921081543 -415
0.0799553394317627 -428
0.084747314453125 -457
0.0906076431274414 -473
0.09491539001464844 -483
0.09850859642028809 -489
0.10229730606079102 -496
0.10679125785827637 -509
0.11244392395019531 -522
0.11713767051696777 -531
0.12100076675415039 -541
0.12530779838562012 -552
0.12887144088745117 -566
0.1349315643310547 -570
0.1385328769683838 -573
0.14232921600341797 -580
0.14875459671020508 -583
0.15254545211791992 -589
0.15702509880065918 -595
0.16077184677124023 -598
0.1651458740234375 -606
0.17098140716552734 -613
0.17577314376831055 -614
0.17927837371826172 -617
0.18374347686767578 -619
0.1873018741607666 -620
0.19392609596252441 -621
0.1977245807647705 -624
0.2012338638305664 -631
0.2058422565460205 -633
0.20934414863586426 -639
0.21641254425048828 -640
0.22000789642333984 -637
0.2246723175048828 -636
0.22827601432800293 -639
0.2345273494720459 -639
0.23816156387329102 -643
0.24193358421325684 -647
0.2483692169189453 -648
0.25215864181518555 -652
0.256680965423584 -650
0.2603921890258789 -648
0.2648019790649414 -651
0.2689535617828369 -652
0.2759380340576172 -656
0.27965688705444336 -655
0.28394079208374023 -658
0.2877683639526367 -659
0.29130101203918457 -658
0.2973461151123047 -656
0.30112123489379883 -656
0.30740785598754883 -654
0.3111894130706787 -659
0.3157529830932617 -660
0.31932902336120605 -661
0.32380056381225586 -663
0.3296694755554199 -665
0.3340461254119873 -662
0.3378620147705078 -659
0.3421201705932617 -660
0.34690117835998535 -662
0.35257720947265625 -664
0.35724306106567383 -668
0.36099982261657715 -665
0.36531686782836914 -663
0.36888742446899414 -661
0.37579917907714844 -659
0.37931084632873535 -662
0.38378334045410156 -662
0.38732433319091797 -664
0.3910946846008301 -668
0.396986722946167 -666
0.40071821212768555 -663
0.4051377773284912 -663
0.4109787940979004 -662
0.4156761169433594 -660
0.41913342475891113 -663
0.4231233596801758 -662
0.4272346496582031 -666
0.4338207244873047 -666
0.4373924732208252 -666
0.4411592483520508 -664
0.4457106590270996 -662
0.4512770175933838 -662
0.45588159561157227 -660
0.45961880683898926 -669
0.46829915046691895 -670
0.4720759391784668 -667
0.47729039192199707 -664
0.48107409477233887 -662
0.4866600036621094 -663
0.4938161373138428 -661
0.497800350189209 -666
0.5013189315795898 -669
0.5059006214141846 -671
0.5096273422241211 -665
0.5152499675750732 -667
0.5188503265380859 -664
0.5225992202758789 -665
0.529106616973877 -665
0.5331294536590576 -668
0.5373904705047607 -671
0.5411722660064697 -667
0.5457556247711182 -664
0.5513789653778076 -664
0.5560858249664307 -662
0.5597662925720215 -666
0.5640537738800049 -664
0.5678439140319824 -669
0.5744185447692871 -669
0.5780479907989502 -667
0.5818815231323242 -669
0.5863900184631348 -666
0.592047929763794 -664
0.5967285633087158 -662
0.600510835647583 -664
0.6050491333007812 -669
0.6086156368255615 -671
0.6123685836791992 -670
0.6170933246612549 -667
0.6231212615966797 -666
0.6272180080413818 -668
0.6309661865234375 -660
0.6353104114532471 -666
0.6411423683166504 -670
0.6457030773162842 -669
0.6491644382476807 -673
0.6531710624694824 -670
0.6576869487762451 -666
0.6643195152282715 -666
0.667935848236084 -665
0.6716437339782715 -666
0.6761190891265869 -668
0.6799039840698242 -670
0.685798168182373 -669
0.689307451248169 -667
0.6937768459320068 -664
0.6996822357177734 -661
0.7039687633514404 -663
0.7077867984771729 -663
0.7113349437713623 -664
0.7162497043609619 -669
0.7219469547271729 -671
0.7264738082885742 -668
0.7300698757171631 -664
0.7347068786621094 -667
0.7383077144622803 -663
0.7449085712432861 -666
0.7485101222991943 -666
0.7523164749145508 -667
0.7568325996398926 -668
0.760582685470581 -668
0.7664763927459717 -661
0.7700421810150146 -664
0.7759215831756592 -663
0.7797513008117676 -667
0.784050703048706 -667
0.7899022102355957 -670
0.7945683002471924 -667
0.798163652420044 -670
0.8019223213195801 -665
0.8064062595367432 -664
0.8121161460876465 -662
0.816652774810791 -667
0.8202874660491943 -664
0.8246984481811523 -671
0.8282895088195801 -668
0.8345029354095459 -666
0.8381686210632324 -665
0.8419525623321533 -664
0.8482191562652588 -664
0.8519906997680664 -666
0.8565237522125244 -668
0.8600971698760986 -668
0.8671255111694336 -664
0.874753475189209 -664
0.8783366680145264 -665
0.8821249008178711 -666
0.886768102645874 -667
0.8924307823181152 -668
0.8972070217132568 -670
0.900968074798584 -669
0.9052574634552002 -666
0.9087929725646973 -666
0.9146099090576172 -666
0.9182033538818359 -663
0.9220876693725586 -663
0.9265904426574707 -667
0.9302423000335693 -669
0.9346432685852051 -667
0.9382221698760986 -670
0.9419653415679932 -668
0.946476936340332 -664
0.950049877166748 -665
0.9547092914581299 -665
0.9583148956298828 -667
0.9620907306671143 -665
0.9673519134521484 -670
0.9711418151855469 -669
0.97568678855896 -671
0.9791405200958252 -667
0.9831802845001221 -666
0.9872763156890869 -667
0.9910516738891602 -664
0.9957952499389648 -665
0.9993269443511963 -665
