0 0 
0.002275228500366211 0
0.008564949035644531 0
0.012107372283935547 0
0.01580643653869629 0
0.020286083221435547 0
0.02591729164123535 -3
0.030427217483520508 -3
0.03397774696350098 -3
0.038550615310668945 -3
0.042102813720703125 -3
0.047881364822387695 -3
0.05165457725524902 -7
0.05510282516479492 -7
0.06164693832397461 -7
0.06522679328918457 -7
0.07013463973999023 -7
0.07376909255981445 -14
0.07825112342834473 -14
0.08391499519348145 -30
0.08845829963684082 -30
0.0920419692993164 -29
0.09577274322509766 -29
0.10025310516357422 -42
0.10587167739868164 -42
0.11033296585083008 -42
0.11397957801818848 -51
0.11844277381896973 -54
0.12787389755249023 -55
0.13198041915893555 -55
0.13573026657104492 -57
0.14228558540344238 -57
0.14603614807128906 -60
0.15068268775939941 -60
0.15445208549499512 -62
0.1655597686767578 -62
0.17126846313476562 -62
0.1787252426147461 -63
0.18453717231750488 -64
0.19070649147033691 -65
0.19654273986816406 -64
0.20122385025024414 -64
0.20848584175109863 -65
0.21204924583435059 -65
0.2178492546081543 -65
0.22177720069885254 -65
0.22526979446411133 -67
0.23359465599060059 -67
0.2379591464996338 -67
0.24197673797607422 -66
0.24884867668151855 -67
0.25242066383361816 -67
0.2587602138519287 -67
0.26232194900512695 -67
0.26838254928588867 -69
0.2741832733154297 -69
0.2785801887512207 -69
0.28426122665405273 -70
0.28865814208984375 -70
0.2923130989074707 -69
0.2989675998687744 -69
0.3024897575378418 -68
0.3086726665496826 -66
0.3122546672821045 -66
0.3159983158111572 -66
0.32256174087524414 -66
0.3312070369720459 -66
0.33495330810546875 -69
0.33925700187683105 -69
0.34281158447265625 -68
0.34894514083862305 -68
0.35457539558410645 -67
0.3604552745819092 -67
0.36861252784729004 -68
0.37218594551086426 -68
0.37595081329345703 -68
0.380948543548584 -68
0.38468384742736816 -68
0.3908529281616211 -69
0.39646196365356445 -67
0.40091800689697266 -67
0.40865540504455566 -67
0.41452622413635254 -68
0.4193122386932373 -67
0.4228627681732178 -68
0.4290599822998047 -68
0.43260765075683594 -68
0.4391639232635498 -69
0.44495177268981934 -69
0.4495983123779297 -69
0.4530329704284668 -68
0.457012414932251 -68
0.4644889831542969 -68
0.47037553787231445 -68
0.4739696979522705 -67
0.47983646392822266 -68
0.4856140613555908 -68
0.4902653694152832 -68
0.4959378242492676 -68
0.5004889965057373 -68
0.5041449069976807 -68
0.5100421905517578 -67
0.5136778354644775 -68
0.5243139266967773 -68
0.5300350189208984 -67
0.538475751876831 -68
0.5420753955841064 -68
0.5509073734283447 -68
0.5546548366546631 -68
0.5591316223144531 -68
0.5649242401123047 -68
0.5701556205749512 -68
0.5737419128417969 -68
0.5857486724853516 -68
0.590461254119873 -68
0.5996952056884766 -68
0.6052412986755371 -67
0.6103048324584961 -67
0.613886833190918 -67
0.6187748908996582 -68
0.6265163421630859 -68
0.6336779594421387 -68
0.6380031108856201 -68
0.6419541835784912 -68
0.647719144821167 -70
0.6538801193237305 -69
0.6587648391723633 -69
0.6686210632324219 -69
0.6744382381439209 -67
0.6803700923919678 -67
0.6860229969024658 -68
0.6905081272125244 -68
0.6961307525634766 -68
0.7011919021606445 -68
0.7049403190612793 -70
0.7117533683776855 -67
0.7152845859527588 -68
0.7219030857086182 -68
0.7257273197174072 -68
0.7303845882415771 -68
0.7387368679046631 -67
0.7422826290130615 -68
0.7483150959014893 -67
0.7518763542175293 -67
0.7556436061859131 -67
0.7607388496398926 -67
0.7661876678466797 -68
0.7708714008331299 -68
0.7764809131622314 -69
0.7811896800994873 -68
0.7849564552307129 -68
0.7896389961242676 -68
0.7951462268829346 -68
0.7997176647186279 -68
0.8032207489013672 -68
0.8076322078704834 -68
0.8111681938171387 -69
0.8177335262298584 -69
0.821295976638794 -68
0.8250248432159424 -68
0.8293232917785645 -68
0.8328590393066406 -67
0.8388886451721191 -67
0.8424677848815918 -67
0.8462121486663818 -67
0.8527088165283203 -67
0.8564653396606445 -67
0.860907793045044 -67
0.8646268844604492 -68
0.8689334392547607 -67
0.8747451305389404 -67
0.8790256977081299 -67
0.8826026916503906 -69
0.8863222599029541 -68
0.8909018039703369 -67
0.8965311050415039 -67
0.9010233879089355 -67
0.9047653675079346 -67
0.9092235565185547 -67
0.912752628326416 -67
0.9187667369842529 -68
0.9223146438598633 -68
0.9312379360198975 -68
0.9377784729003906 -68
0.941702127456665 -68
0.9451968669891357 -67
0.9500226974487305 -67
0.9557366371154785 -67
0.960268497467041 -68
0.9638299942016602 -68
0.9700186252593994 -67
0.9736700057983398 -67
0.978339433670044 -67
0.9839725494384766 -67
0.9885416030883789 -66
0.9920918941497803 -66
0.9958443641662598 -66
