0 0 
0.0025930404663085938 0
0.008292913436889648 0
0.011998891830444336 0
0.01626110076904297 0
0.019847631454467773 0
0.026084423065185547 2
0.02963566780090332 6
0.03335976600646973 14
0.039238929748535156 14
0.04298138618469238 31
0.0475924015045166 84
0.053691864013671875 92
0.05831193923950195 92
0.062029123306274414 48
0.06650114059448242 89
0.07003068923950195 104
0.07612133026123047 104
0.07967686653137207 114
0.08341717720031738 126
0.08990931510925293 126
0.09365653991699219 134
0.0981299877166748 136
0.10183453559875488 138
0.10614609718322754 144
0.11191844940185547 147
0.11633944511413574 147
0.11988472938537598 151
0.12362837791442871 152
0.12830352783203125 155
0.13394832611083984 156
0.13842511177062988 157
0.14218401908874512 157
0.1466524600982666 159
0.150193452835083 161
0.15706467628479004 162
0.16063833236694336 165
0.16510915756225586 166
0.16866087913513184 165
0.1724097728729248 167
0.17823266983032227 167
0.18200421333312988 167
0.1863548755645752 168
0.19216203689575195 171
0.19645023345947266 171
0.20003700256347656 172
0.20379018783569336 173
0.2084965705871582 170
0.21505475044250488 170
0.2186117172241211 171
0.22238659858703613 170
0.22670221328735352 172
0.23039627075195312 173
0.23711824417114258 173
0.24060893058776855 172
0.24507904052734375 172
0.24863362312316895 172
0.2524094581604004 174
0.25841307640075684 173
0.26223039627075195 172
0.2681262493133545 173
0.27190518379211426 174
0.2761871814727783 172
0.28197813034057617 172
0.28630709648132324 173
0.28987646102905273 174
0.293623685836792 173
0.2980823516845703 176
0.3037705421447754 176
0.30821681022644043 175
0.31199002265930176 175
0.3163282871246338 174
0.3198695182800293 176
0.32613062858581543 173
0.32971835136413574 173
0.33348512649536133 178
0.3397705554962158 178
0.34352684020996094 176
0.3479650020599365 176
0.3515908718109131 177
0.35596799850463867 176
0.36182260513305664 176
0.3661677837371826 176
0.3697171211242676 178
0.3780806064605713 176
0.3818233013153076 177
0.38802671432495117 177
0.39179086685180664 177
0.397691011428833 174
0.40137481689453125 174
0.4058823585510254 175
0.4115593433380127 172
0.41600704193115234 172
0.4195849895477295 172
0.42334794998168945 173
0.4278690814971924 173
0.43352246284484863 172
0.43799805641174316 173
0.44167494773864746 174
0.4462263584136963 174
0.4498021602630615 175
0.45636439323425293 176
0.45990538597106934 176
0.46366119384765625 175
0.46813058853149414 178
0.47190380096435547 176
0.47779226303100586 176
0.48157596588134766 178
0.4859778881072998 178
0.49179673194885254 175
0.4961261749267578 177
0.4996674060821533 177
0.5034406185150146 177
0.5080771446228027 181
0.513695478439331 179
0.5183091163635254 178
0.5220363140106201 178
0.5263350009918213 178
0.5298740863800049 177
0.536428689956665 177
0.5400032997131348 176
0.5437359809875488 176
0.5481934547424316 174
0.5519299507141113 175
0.5577836036682129 172
0.561398983001709 175
0.5665004253387451 176
0.5701191425323486 174
0.5761289596557617 174
0.5796809196472168 175
0.5834286212921143 175
0.5897784233093262 175
0.5935366153717041 178
0.5979952812194824 178
0.601677656173706 178
0.6060340404510498 178
0.6118319034576416 175
0.6161572933197021 173
0.6197469234466553 173
0.6234915256500244 175
0.6280994415283203 172
0.6337223052978516 174
0.6382060050964355 178
0.6419675350189209 176
0.6463930606842041 175
0.6499850749969482 176
0.6560170650482178 176
0.6596016883850098 176
0.6633744239807129 174
0.6697187423706055 174
0.673478364944458 177
0.6780149936676025 178
0.6816983222961426 176
0.6862599849700928 176
0.6920576095581055 176
0.6963584423065186 175
0.6998968124389648 175
0.7036454677581787 175
0.708120584487915 176
0.7137360572814941 176
0.7182052135467529 176
0.7219622135162354 176
0.7262945175170898 177
0.732114315032959 177
0.7364497184753418 177
0.7400162220001221 175
0.7437469959259033 176
0.7483460903167725 179
0.7539715766906738 177
0.7586779594421387 176
0.7624547481536865 179
0.7670483589172363 177
0.770496129989624 176
0.7810816764831543 175
0.7857861518859863 174
0.7894501686096191 172
0.7937450408935547 174
0.798384428024292 174
0.8039872646331787 175
0.8090076446533203 175
0.8125176429748535 176
0.817091703414917 175
0.8206121921539307 174
0.8273544311523438 176
0.8310232162475586 173
0.8353099822998047 175
0.8390986919403076 175
0.8426158428192139 175
0.8485064506530762 175
0.8522496223449707 177
0.8565530776977539 178
0.8623580932617188 177
0.8671061992645264 176
0.8706328868865967 176
0.8750796318054199 175
0.8786742687225342 177
0.8852212429046631 177
0.8890349864959717 176
0.8925356864929199 178
0.8971042633056641 175
0.9005911350250244 175
0.9076554775238037 175
0.9113585948944092 175
0.9158353805541992 176
0.9194352626800537 176
0.9252309799194336 178
0.92919921875 177
0.932706356048584 180
0.9393301010131836 176
0.9430985450744629 178
0.9476065635681152 176
0.9511990547180176 175
0.9556717872619629 174
0.9613423347473145 173
0.9658830165863037 174
0.9694538116455078 172
0.9731812477111816 174
0.9777083396911621 174
0.9833459854125977 177
0.9880251884460449 177
0.9916808605194092 176
0.9960963726043701 175
0.999664306640625 175
