0 0 
0.0032744407653808594 0
0.007074594497680664 0
0.011409521102905273 -2
0.01566290855407715 -2
0.01944112777709961 -18
0.02671360969543457 -13
0.03127789497375488 -38
0.03488731384277344 -93
0.03869795799255371 -55
0.0431981086730957 -207
0.048841238021850586 -282
0.053620100021362305 -326
0.057370901107788086 -364
0.06170296669006348 -394
0.06526708602905273 -390
0.0714576244354248 -436
0.07513976097106934 -496
0.08411788940429688 -530
0.09201884269714355 -556
0.09557604789733887 -570
0.0993201732635498 -589
0.10399150848388672 -594
0.10779738426208496 -608
0.11273550987243652 -625
0.11854076385498047 -640
0.12316060066223145 -648
0.12676000595092773 -659
0.1312410831451416 -674
0.1368703842163086 -689
0.14158987998962402 -698
0.14519238471984863 -701
0.14896130561828613 -710
0.15347576141357422 -713
0.15911507606506348 -728
0.16365599632263184 -732
0.16751384735107422 -745
0.1718611717224121 -749
0.17540693283081055 -750
0.18144536018371582 -754
0.1850275993347168 -758
0.18878412246704102 -760
0.19519853591918945 -767
0.19898605346679688 -775
0.2036912441253662 -778
0.20743846893310547 -782
0.2117762565612793 -785
0.2176649570465088 -780
0.22197961807250977 -790
0.22556042671203613 -788
0.22930359840393066 -796
0.23376941680908203 -800
0.23941397666931152 -795
0.24391770362854004 -798
0.24767732620239258 -797
0.2519855499267578 -804
0.255556583404541 -807
0.26172971725463867 -811
0.2653388977050781 -806
0.2691628932952881 -811
0.27551770210266113 -810
0.27930378913879395 -811
0.28380703926086426 -815
0.2875494956970215 -815
0.29191088676452637 -815
0.29773974418640137 -817
0.30207347869873047 -817
0.3056209087371826 -814
0.3093743324279785 -816
0.31388425827026367 -822
0.3199191093444824 -824
0.32419514656066895 -823
0.3279581069946289 -822
0.3328731060028076 -821
0.3386497497558594 -821
0.3432137966156006 -824
0.3467874526977539 -824
0.351306676864624 -829
0.3549046516418457 -828
0.3607206344604492 -825
0.364532470703125 -826
0.3680751323699951 -824
0.37472009658813477 -827
0.3785102367401123 -828
0.3832120895385742 -829
0.3868262767791748 -827
0.3913278579711914 -829
0.39695167541503906 -827
0.401491641998291 -828
0.405123233795166 -831
0.40889573097229004 -830
0.4133896827697754 -829
0.41907238960266113 -830
0.42357945442199707 -827
0.42736077308654785 -828
0.4316976070404053 -828
0.4352877140045166 -832
0.44148826599121094 -829
0.4450819492340088 -826
0.4488363265991211 -828
0.45523595809936523 -831
0.4590442180633545 -832
0.46369218826293945 -835
0.46746253967285156 -832
0.47182536125183105 -834
0.4776620864868164 -828
0.4865877628326416 -828
0.4912912845611572 -832
0.4949197769165039 -834
0.4987044334411621 -831
0.5037236213684082 -829
0.5093908309936523 -831
0.5140440464019775 -829
0.5178101062774658 -829
0.5221261978149414 -831
0.5256986618041992 -831
0.5325698852539062 -830
0.5360970497131348 -832
0.5405917167663574 -831
0.5441508293151855 -832
0.5508010387420654 -835
0.5546574592590332 -833
0.5581927299499512 -830
0.563129186630249 -830
0.5667099952697754 -831
0.5725970268249512 -828
0.5761237144470215 -831
0.5806894302368164 -836
0.5867674350738525 -830
0.5914556980133057 -830
0.5950784683227539 -831
0.6009328365325928 -833
0.6047818660736084 -832
0.6085245609283447 -833
0.6149132251739502 -832
0.6187314987182617 -830
0.6234471797943115 -830
0.6271190643310547 -831
0.6315460205078125 -829
0.6374118328094482 -834
0.6417331695556641 -835
0.6453371047973633 -832
0.6491165161132812 -831
0.6536681652069092 -832
0.6593382358551025 -832
0.6638596057891846 -832
0.6676127910614014 -834
0.6719217300415039 -833
0.6754674911499023 -831
0.6818068027496338 -831
0.6853852272033691 -831
0.6891584396362305 -834
0.6955287456512451 -836
0.6993229389190674 -835
0.7038266658782959 -832
0.7075817584991455 -832
0.7119331359863281 -833
0.7177653312683105 -831
0.7224769592285156 -834
0.7259500026702881 -836
0.7299447059631348 -834
0.7340636253356934 -834
0.7407238483428955 -833
0.7447175979614258 -831
0.7482151985168457 -832
0.7529215812683105 -834
0.7566039562225342 -836
0.7624771595001221 -833
0.7659330368041992 -834
0.76995849609375 -832
0.7759547233581543 -831
0.7799577713012695 -835
0.7840642929077148 -835
0.7878386974334717 -835
0.7931492328643799 -835
0.7968153953552246 -830
0.8014931678771973 -829
0.8051049709320068 -833
0.8088874816894531 -834
0.8133800029754639 -834
0.8170592784881592 -833
0.8214864730834961 -836
0.8259329795837402 -833
0.8299920558929443 -833
0.8340799808502197 -834
0.8378379344940186 -835
0.8421509265899658 -837
0.8457174301147461 -833
0.8494746685028076 -829
0.8541383743286133 -831
0.8579528331756592 -832
0.86269211769104 -835
0.8661808967590332 -832
0.8707010746002197 -834
0.8753197193145752 -836
0.879115104675293 -833
0.887087345123291 -833
0.8916301727294922 -834
0.8952105045318604 -838
0.8989863395690918 -832
0.9036252498626709 -834
0.9073648452758789 -829
0.9119291305541992 -831
0.9155240058898926 -831
0.9192764759063721 -835
0.9239318370819092 -835
0.928645133972168 -833
0.9331274032592773 -834
0.9367530345916748 -833
0.9412527084350586 -831
0.944847583770752 -829
0.9486188888549805 -833
0.953117847442627 -835
0.9567131996154785 -833
0.9611802101135254 -835
0.9647865295410156 -832
0.9685633182525635 -829
0.9731094837188721 -834
0.9777059555053711 -835
0.9824681282043457 -836
0.9859225749969482 -836
0.9899294376373291 -833
0.9940612316131592 -833
0.9978611469268799 -830
