0 0 
0.0023894309997558594 0
0.0074138641357421875 0
0.012078046798706055 -2
0.015875577926635742 -2
0.02119135856628418 -6
0.026966571807861328 -33
0.03167867660522461 -11
0.03524947166442871 -18
0.039968252182006836 -56
0.04356122016906738 -185
0.047824859619140625 -158
0.05416250228881836 -209
0.0578920841217041 -233
0.06235957145690918 -252
0.06796884536743164 -273
0.0726318359375 -288
0.07651805877685547 -288
0.08137249946594238 -320
0.09021520614624023 -341
0.09606504440307617 -347
0.10060453414916992 -358
0.10419726371765137 -364
0.10793495178222656 -373
0.11261153221130371 -380
0.11924052238464355 -386
0.12312817573547363 -392
0.1266477108001709 -393
0.13161230087280273 -399
0.13521242141723633 -405
0.14110422134399414 -407
0.14461207389831543 -412
0.14908242225646973 -419
0.15496826171875 -424
0.1592869758605957 -427
0.16308045387268066 -433
0.1666858196258545 -435
0.1713852882385254 -437
0.17710304260253906 -441
0.18161344528198242 -441
0.18519210815429688 -438
0.1898329257965088 -442
0.19344401359558105 -442
0.20004963874816895 -444
0.2036585807800293 -447
0.2074286937713623 -451
0.21208786964416504 -454
0.21589207649230957 -458
0.22179722785949707 -460
0.2253725528717041 -460
0.22984910011291504 -457
0.2356252670288086 -457
0.24003338813781738 -457
0.24364328384399414 -453
0.24744248390197754 -458
0.2521047592163086 -460
0.25773048400878906 -460
0.2622203826904297 -465
0.2659759521484375 -466
0.2703580856323242 -466
0.2761831283569336 -465
0.28052592277526855 -465
0.28407716751098633 -461
0.2878379821777344 -463
0.2923119068145752 -462
0.2979614734649658 -463
0.3024570941925049 -465
0.3062455654144287 -468
0.3107142448425293 -468
0.3144259452819824 -467
0.3203442096710205 -469
0.32389307022094727 -469
0.32764673233032227 -467
0.3341374397277832 -467
0.33794307708740234 -467
0.34259629249572754 -467
0.34636855125427246 -464
0.350677490234375 -463
0.35649991035461426 -466
0.3610806465148926 -469
0.36464905738830566 -466
0.36914801597595215 -473
0.37314724922180176 -469
0.3797791004180908 -472
0.383389949798584 -470
0.38712334632873535 -472
0.39165544509887695 -466
0.395247220993042 -471
0.4011375904083252 -466
0.40492939949035645 -466
0.40923476219177246 -467
0.41512203216552734 -470
0.4194307327270508 -473
0.42325687408447266 -475
0.42700648307800293 -473
0.4316732883453369 -470
0.43732786178588867 -469
0.44185733795166016 -469
0.44556355476379395 -466
0.449998140335083 -469
0.45569753646850586 -469
0.4601325988769531 -468
0.46369338035583496 -469
0.46744751930236816 -472
0.4721050262451172 -474
0.47773051261901855 -469
0.4822366237640381 -472
0.4906783103942871 -467
0.49469423294067383 -468
0.4992032051086426 -469
0.505286455154419 -468
0.5099287033081055 -468
0.5135090351104736 -469
0.517275333404541 -471
0.5218024253845215 -469
0.5274593830108643 -473
0.5319921970367432 -473
0.5358145236968994 -470
0.540154218673706 -470
0.5437047481536865 -470
0.5504772663116455 -467
0.5540347099304199 -468
0.5577921867370605 -468
0.5622889995574951 -470
0.5660407543182373 -472
0.571911096572876 -473
0.5755448341369629 -472
0.5800378322601318 -472
0.5858652591705322 -472
0.5901906490325928 -469
0.5938184261322021 -470
0.5976078510284424 -470
0.6022915840148926 -468
0.6079287528991699 -470
0.6125950813293457 -468
0.6163761615753174 -472
0.6206858158111572 -471
0.6265289783477783 -474
0.6311111450195312 -474
0.6346437931060791 -474
0.6391346454620361 -471
0.6427042484283447 -470
0.6493453979492188 -468
0.653188943862915 -467
0.6566836833953857 -464
0.6613950729370117 -468
0.6650469303131104 -471
0.6710793972015381 -471
0.6746001243591309 -471
0.6792376041412354 -469
0.6851372718811035 -470
0.6896438598632812 -472
0.6932830810546875 -471
0.6970398426055908 -473
0.701566219329834 -468
0.7072222232818604 -470
0.7117908000946045 -470
0.7153685092926025 -467
0.7198600769042969 -471
0.7234747409820557 -471
0.730269193649292 -470
0.7338466644287109 -469
0.7376306056976318 -471
0.7421665191650391 -471
0.7459204196929932 -471
0.7518312931060791 -468
0.755528450012207 -467
0.759941816329956 -468
0.7657120227813721 -469
0.7701592445373535 -470
0.7737522125244141 -470
0.7775163650512695 -469
0.781989336013794 -474
0.7876608371734619 -472
0.7924277782440186 -470
0.7962093353271484 -473
0.8005504608154297 -468
0.8063607215881348 -467
0.810666561126709 -469
0.8142311573028564 -469
0.8183672428131104 -471
0.8225512504577637 -471
0.8291451930999756 -472
0.8327035903930664 -471
0.8364737033843994 -472
0.8410344123840332 -470
0.8445672988891602 -470
0.8505630493164062 -469
0.8541347980499268 -469
0.8579201698303223 -466
0.8646748065948486 -470
0.8692224025726318 -468
0.8730473518371582 -472
0.8765835762023926 -471
0.8811533451080322 -472
0.89139723777771 -471
0.8950393199920654 -475
0.899348258972168 -469
0.9033277034759521 -469
0.9091591835021973 -467
0.9132683277130127 -471
0.9170455932617188 -465
0.9235916137695312 -469
0.9274075031280518 -471
0.9319019317626953 -472
0.9355616569519043 -475
0.940004825592041 -473
0.9457952976226807 -470
0.9501869678497314 -471
0.9537889957427979 -469
0.9575376510620117 -467
0.9620397090911865 -467
0.9677135944366455 -468
0.9724082946777344 -470
0.9761688709259033 -471
0.9804732799530029 -475
0.984044075012207 -471
0.9902181625366211 -471
0.9938292503356934 -471
0.9976363182067871 -471
