0 0 
0.009040117263793945 0
0.015886783599853516 0
0.019601821899414062 -2
0.0255129337310791 -6
0.029157400131225586 -40
0.033641815185546875 -19
0.03937935829162598 -180
0.043926239013671875 -91
0.04756498336791992 -91
0.05132293701171875 -273
0.05877518653869629 -328
0.06305074691772461 -383
0.06717324256896973 -386
0.07090163230895996 -430
0.07537841796875 -481
0.08102798461914062 -509
0.0856320858001709 -521
0.08928990364074707 -551
0.09366130828857422 -574
0.09723234176635742 -608
0.10379266738891602 -617
0.10738086700439453 -642
0.11114311218261719 -669
0.11564064025878906 -675
0.11929869651794434 -696
0.1254880428314209 -707
0.12904763221740723 -711
0.13355255126953125 -733
0.13932251930236816 -754
0.14389395713806152 -766
0.14745020866394043 -770
0.15117216110229492 -782
0.1557304859161377 -792
0.1614079475402832 -798
0.1658947467803955 -803
0.16970610618591309 -814
0.17406988143920898 -816
0.17761492729187012 -829
0.18433165550231934 -832
0.1878979206085205 -836
0.19163107872009277 -837
0.19608354568481445 -844
0.19985008239746094 -852
0.2057192325592041 -855
0.20940375328063965 -858
0.21533751487731934 -860
0.21900320053100586 -862
0.22348570823669434 -866
0.22916173934936523 -873
0.23368310928344727 -877
0.2372570037841797 -879
0.2410275936126709 -879
0.24570655822753906 -880
0.2513618469238281 -883
0.2558434009552002 -886
0.25960540771484375 -888
0.2639133930206299 -890
0.2674882411956787 -889
0.2742936611175537 -892
0.2778596878051758 -895
0.28161191940307617 -897
0.28607988357543945 -899
0.28984713554382324 -900
0.29569506645202637 -896
0.2993583679199219 -900
0.30533814430236816 -899
0.3089423179626465 -900
0.3133988380432129 -903
0.31905508041381836 -904
0.3235745429992676 -903
0.32721400260925293 -903
0.3309922218322754 -903
0.33556318283081055 -907
0.3412356376647949 -907
0.34981727600097656 -907
0.3543565273284912 -909
0.35790467262268066 -910
0.36162757873535156 -911
0.3675229549407959 -911
0.3712615966796875 -909
0.3814239501953125 -910
0.39017534255981445 -912
0.3953254222869873 -913
0.3989372253417969 -916
0.40358400344848633 -911
0.40936279296875 -911
0.41431212425231934 -912
0.41787099838256836 -916
0.42170119285583496 -915
0.4263617992401123 -915
0.4330108165740967 -913
0.4367995262145996 -914
0.4403266906738281 -913
0.4448986053466797 -913
0.44840502738952637 -916
0.4551572799682617 -914
0.45884132385253906 -913
0.46314454078674316 -913
0.46695947647094727 -917
0.4721353054046631 -916
0.4763331413269043 -914
0.48007845878601074 -913
0.48686742782592773 -915
0.49040842056274414 -912
0.4951133728027344 -917
0.49875497817993164 -917
0.5031218528747559 -917
0.5089585781097412 -912
0.513502836227417 -916
0.5171163082122803 -914
0.5208570957183838 -917
0.5253293514251709 -915
0.5309722423553467 -916
0.5357005596160889 -913
0.5393867492675781 -915
0.5439631938934326 -914
0.5475590229034424 -919
0.5536239147186279 -915
0.5572013854980469 -915
0.5610687732696533 -914
0.5674679279327393 -917
0.5712649822235107 -916
0.5757813453674316 -918
0.5795416831970215 -915
0.5838844776153564 -916
0.5897135734558105 -914
0.5941104888916016 -915
0.5976810455322266 -914
0.601445198059082 -919
0.6061255931854248 -916
0.6121697425842285 -916
0.6162793636322021 -916
0.6200442314147949 -914
0.624351978302002 -916
0.6278924942016602 -918
0.6339230537414551 -915
0.6374988555908203 -918
0.6412415504455566 -914
0.6475977897644043 -916
0.6513726711273193 -919
0.6558537483215332 -917
0.6596164703369141 -920
0.6641018390655518 -918
0.6699163913726807 -915
0.6742432117462158 -913
0.6777918338775635 -919
0.6815576553344727 -919
0.6860604286193848 -914
0.6921982765197754 -916
0.6962869167327881 -918
0.7000384330749512 -915
0.7043452262878418 -915
0.7078988552093506 -919
0.7147626876831055 -919
0.7182044982910156 -915
0.7227463722229004 -914
0.7267105579376221 -916
0.7302560806274414 -918
0.7360880374908447 -917
0.7398366928100586 -917
0.7441508769989014 -914
0.7516064643859863 -915
0.7562215328216553 -919
0.7600798606872559 -921
0.7648241519927979 -918
0.768352746963501 -918
0.7728073596954346 -918
0.7767410278320312 -913
0.7802624702453613 -914
0.7857944965362549 -917
0.7895488739013672 -915
0.7940199375152588 -914
0.7975964546203613 -917
0.8014662265777588 -916
0.8059556484222412 -915
0.8097224235534668 -918
0.8140599727630615 -918
0.8181986808776855 -916
0.8235018253326416 -917
0.8271000385284424 -915
0.830885648727417 -918
0.8360514640808105 -918
0.8397891521453857 -918
0.8442502021789551 -918
0.8477928638458252 -919
0.8515486717224121 -915
0.8560447692871094 -919
0.8598153591156006 -917
0.8641023635864258 -920
0.8676393032073975 -917
0.8713757991790771 -917
0.8758506774902344 -915
0.879610538482666 -915
0.8848533630371094 -919
0.8887126445770264 -920
0.8929858207702637 -917
0.896782636642456 -921
0.9002964496612549 -916
0.9051446914672852 -915
0.9088082313537598 -920
0.9131138324737549 -920
0.917067289352417 -919
0.9208152294158936 -917
0.9255099296569824 -916
0.9290835857391357 -918
0.9335575103759766 -914
0.9379236698150635 -919
0.9416654109954834 -919
0.9461705684661865 -919
0.9499044418334961 -917
0.9542617797851562 -915
0.9578263759613037 -916
0.9615707397460938 -919
0.9662120342254639 -916
0.9699788093566895 -921
0.974311113357544 -916
0.9778592586517334 -915
0.9816045761108398 -915
0.9871208667755127 -913
0.9909112453460693 -919
0.9953970909118652 -920
0.9989919662475586 -918
