0 0 
0.00467371940612793 0
0.010116815567016602 0
0.013614892959594727 0
0.01732778549194336 2
0.02184891700744629 19
0.03749895095825195 34
0.04262208938598633 129
0.0461118221282959 270
0.052217721939086914 275
0.056128501892089844 332
0.0631866455078125 392
0.07494187355041504 411
0.07963824272155762 443
0.08321714401245117 451
0.08696842193603516 481
0.09159350395202637 490
0.09729766845703125 511
0.10177731513977051 528
0.10555696487426758 534
0.10986137390136719 545
0.11342573165893555 562
0.12012028694152832 566
0.12367415428161621 574
0.1274278163909912 584
0.13187718391418457 595
0.13573861122131348 603
0.14160752296447754 611
0.14535880088806152 619
0.14967131614685059 622
0.15549135208129883 629
0.1597917079925537 634
0.16338062286376953 637
0.16715216636657715 644
0.17163467407226562 653
0.17725133895874023 657
0.1819627285003662 660
0.1857013702392578 661
0.1900334358215332 668
0.19359540939331055 670
0.20063424110412598 671
0.20414495468139648 672
0.2085890769958496 677
0.21213936805725098 682
0.2159125804901123 686
0.2217864990234375 687
0.22554850578308105 687
0.22995829582214355 687
0.2358260154724121 689
0.2405378818511963 686
0.24397015571594238 698
0.24798798561096191 697
0.2521183490753174 699
0.2586839199066162 700
0.2622263431549072 700
0.26601481437683105 699
0.27060842514038086 699
0.27617549896240234 700
0.2809023857116699 706
0.28461503982543945 709
0.28891730308532715 708
0.29270052909851074 708
0.2994413375854492 707
0.30303049087524414 706
0.3067891597747803 706
0.31148433685302734 709
0.3151516914367676 708
0.32108330726623535 714
0.3246898651123047 712
0.32895803451538086 714
0.33512210845947266 712
0.33956336975097656 710
0.3431830406188965 714
0.3470137119293213 714
0.3514821529388428 719
0.35713863372802734 716
0.3618040084838867 713
0.36557435989379883 712
0.3698916435241699 712
0.3734281063079834 711
0.3799557685852051 715
0.38352298736572266 718
0.3872809410095215 719
0.391721248626709 721
0.39550137519836426 719
0.40135622024536133 714
0.4050562381744385 717
0.40946507453918457 717
0.4152262210845947 719
0.4198744297027588 719
0.4234182834625244 720
0.42719483375549316 717
0.4335510730743408 714
0.4373140335083008 714
0.44175100326538086 715
0.4455146789550781 717
0.4498167037963867 720
0.45562219619750977 722
0.4601314067840576 722
0.463672399520874 717
0.4727017879486084 718
0.4762001037597656 719
0.4816746711730957 721
0.4853971004486084 722
0.49141979217529297 721
0.49507904052734375 718
0.49965500831604004 718
0.5055840015411377 718
0.5099260807037354 717
0.5134615898132324 720
0.5171992778778076 723
0.5216407775878906 721
0.52724289894104 720
0.5317234992980957 718
0.5354745388031006 720
0.5399456024169922 717
0.543510913848877 719
0.5500750541687012 724
0.5535926818847656 722
0.5573649406433105 719
0.561830997467041 724
0.5655522346496582 716
0.5714306831359863 719
0.5750644207000732 718
0.5794403553009033 719
0.5851945877075195 721
0.5897345542907715 724
0.5933840274810791 723
0.5972321033477783 718
0.6018376350402832 719
0.6074337959289551 716
0.6118729114532471 720
0.6155965328216553 721
0.6198854446411133 722
0.6256639957427979 722
0.6299829483032227 720
0.633549690246582 717
0.6372642517089844 716
0.6417322158813477 719
0.6473605632781982 720
0.6518466472625732 723
0.6555962562561035 724
0.6600515842437744 723
0.6635727882385254 720
0.6695923805236816 722
0.6731722354888916 719
0.6769025325775146 719
0.6832666397094727 724
0.687056303024292 722
0.6916019916534424 724
0.6953461170196533 718
0.6996476650238037 723
0.7054495811462402 719
0.709730863571167 720
0.7133297920227051 724
0.7170500755310059 726
0.7216837406158447 719
0.7273199558258057 722
0.7317855358123779 719
0.7355310916900635 720
0.7398300170898438 721
0.7434144020080566 721
0.749931812286377 723
0.7534477710723877 724
0.7571914196014404 722
0.7616376876831055 718
0.7653687000274658 722
0.7712428569793701 720
0.7748208045959473 721
0.7794642448425293 723
0.7852106094360352 722
0.7895727157592773 724
0.7931690216064453 723
0.7969427108764648 721
0.8015530109405518 720
0.8071942329406738 720
0.8116610050201416 722
0.8153715133666992 722
0.8196930885314941 722
0.8232419490814209 721
0.8298346996307373 722
0.8333950042724609 719
0.8371503353118896 716
0.8418500423431396 720
0.8455953598022461 722
0.8516006469726562 722
0.8553550243377686 725
0.8597071170806885 720
0.8655209541320801 716
0.8732271194458008 718
0.8769690990447998 720
0.8815972805023193 720
0.8872528076171875 722
0.8919286727905273 725
0.8956742286682129 720
0.9002294540405273 719
0.9037625789642334 720
0.9098694324493408 721
0.9134364128112793 725
0.9199864864349365 720
0.9235363006591797 723
0.9272606372833252 724
0.9318301677703857 719
0.9355523586273193 718
0.9414336681365967 718
0.9450855255126953 721
0.9494807720184326 721
0.9552125930786133 726
0.959766149520874 723
0.9633362293243408 719
0.9670755863189697 721
0.9715838432312012 719
0.977217435836792 717
0.981837272644043 718
0.9855833053588867 723
0.9898879528045654 721
0.9934141635894775 719
0.9999778270721436 721
