0 0 
0.002576112747192383 0
0.008333444595336914 0
0.011815547943115234 3
0.01644134521484375 9
0.020075321197509766 26
0.025860071182250977 15
0.029819965362548828 50
0.03329348564147949 180
0.0399630069732666 71
0.04370379447937012 213
0.04815554618835449 253
0.05170106887817383 282
0.05596041679382324 297
0.06183314323425293 334
0.06629109382629395 357
0.06988358497619629 377
0.07369756698608398 395
0.07837724685668945 411
0.08405685424804688 429
0.0885465145111084 440
0.0921621322631836 451
0.09653353691101074 463
0.10010337829589844 484
0.10664868354797363 486
0.11023354530334473 492
0.11411523818969727 507
0.11857795715332031 517
0.12224912643432617 530
0.1282050609588623 536
0.13178706169128418 547
0.1375727653503418 554
0.14108943939208984 556
0.14564728736877441 562
0.14920902252197266 567
0.15578150749206543 570
0.15982580184936523 578
0.1635754108428955 583
0.16799139976501465 588
0.17372965812683105 594
0.17828750610351562 598
0.18186163902282715 597
0.18636202812194824 601
0.18996548652648926 607
0.19857478141784668 608
0.20426368713378906 615
0.20887136459350586 619
0.2126471996307373 620
0.21711063385009766 621
0.22065424919128418 624
0.2277050018310547 624
0.2311851978302002 624
0.23563694953918457 624
0.2391963005065918 627
0.24293851852416992 633
0.24876976013183594 632
0.25252485275268555 634
0.2570314407348633 635
0.2628777027130127 634
0.267242431640625 632
0.2708122730255127 633
0.27456068992614746 636
0.27903151512145996 638
0.28562259674072266 640
0.2895991802215576 642
0.29311203956604004 644
0.2976834774017334 643
0.3011765480041504 638
0.3079390525817871 640
0.31156349182128906 643
0.3158879280090332 641
0.319866418838501 642
0.32503199577331543 645
0.3292531967163086 648
0.3330411911010742 643
0.3395802974700928 645
0.34319090843200684 643
0.34779787063598633 644
0.3515293598175049 645
0.35579705238342285 649
0.3615882396697998 651
0.3659346103668213 653
0.36972975730895996 648
0.3732776641845703 646
0.3781881332397461 646
0.38383054733276367 647
0.38838934898376465 648
0.3919796943664551 650
0.396481990814209 650
0.4001429080963135 650
0.4060084819793701 647
0.4098086357116699 647
0.4135420322418213 644
0.4186875820159912 646
0.4224271774291992 650
0.42827820777893066 648
0.43190670013427734 652
0.4365572929382324 652
0.4424302577972412 649
0.44676756858825684 651
0.45033907890319824 651
0.4540839195251465 650
0.45856595039367676 649
0.4642307758331299 653
0.4686770439147949 654
0.47241830825805664 655
0.47673535346984863 650
0.48039817810058594 652
0.4870264530181885 646
0.4906191825866699 648
0.4943406581878662 648
0.4989628791809082 653
0.5027060508728027 652
0.5085318088531494 652
0.512169361114502 653
0.5165669918060303 653
0.5223941802978516 650
0.5267031192779541 650
0.5302538871765137 649
0.5340664386749268 653
0.5385158061981201 650
0.5441482067108154 654
0.5487971305847168 654
0.5525417327880859 650
0.5569586753845215 650
0.5627140998840332 648
0.5669960975646973 652
0.5706119537353516 651
0.5743346214294434 650
0.5788004398345947 653
0.5844318866729736 657
0.588892936706543 652
0.5926101207733154 650
0.6005198955535889 650
0.6042747497558594 648
0.6107861995697021 651
0.6145610809326172 651
0.6195871829986572 651
0.6230871677398682 656
0.6277997493743896 650
0.6335644721984863 650
0.6380305290222168 649
0.6416513919830322 648
0.6459167003631592 647
0.6517429351806641 654
0.6562364101409912 650
0.6598696708679199 652
0.6635997295379639 653
0.668004035949707 649
0.6737842559814453 650
0.6785128116607666 649
0.6821651458740234 651
0.6871621608734131 649
0.6907219886779785 654
0.6967442035675049 651
0.7002854347229004 653
0.7040266990661621 651
0.7103610038757324 652
0.714116096496582 647
0.7186024188995361 650
0.7222623825073242 653
0.7266397476196289 654
0.7324371337890625 653
0.7369356155395508 652
0.7404732704162598 652
0.7442164421081543 648
0.7486996650695801 649
0.7543127536773682 651
0.7587878704071045 651
0.7625272274017334 653
0.7667980194091797 654
0.7703714370727539 653
0.7764303684234619 651
0.7800195217132568 650
0.7838945388793945 651
0.7902662754058838 650
0.7940266132354736 654
0.7986583709716797 651
0.8024036884307861 657
0.8069076538085938 651
0.8126966953277588 652
0.8170201778411865 649
0.8205814361572266 647
0.8243277072906494 646
0.828789472579956 650
0.8344323635101318 650
0.8389012813568115 651
0.8426475524902344 654
0.8469831943511963 654
0.8505339622497559 652
0.8572442531585693 653
0.8607923984527588 653
0.8645262718200684 651
0.8690187931060791 655
0.8727514743804932 655
0.8785889148712158 654
0.8822708129882812 653
0.8866395950317383 651
0.8924758434295654 647
0.8967797756195068 650
0.9003345966339111 649
0.9040873050689697 651
0.9086627960205078 653
0.914301872253418 655
0.9189364910125732 653
0.9226953983306885 653
0.9270200729370117 651
0.9328312873840332 652
0.9375498294830322 649
0.9409902095794678 650
0.9445743560791016 653
0.9490306377410889 658
0.9550735950469971 653
0.9591383934020996 653
0.9628989696502686 651
0.9671890735626221 647
0.9707241058349609 652
0.9769232273101807 650
0.9805099964141846 652
0.9842326641082764 654
0.9905600547790527 651
0.9943356513977051 653
