0 0 
0.0031197071075439453 0
0.0067021846771240234 0
0.010436058044433594 0
0.018448591232299805 0
0.023043394088745117 0
0.026555776596069336 0
0.03027939796447754 3
0.037076711654663086 7
0.0461733341217041 18
0.0499110221862793 18
0.05585885047912598 50
0.05961036682128906 50
0.06604146957397461 55
0.06984090805053711 64
0.07431459426879883 64
0.077880859375 68
0.08257412910461426 73
0.0883944034576416 80
0.09266066551208496 80
0.0961923599243164 82
0.09990572929382324 84
0.10435771942138672 87
0.10998988151550293 91
0.11441469192504883 91
0.1180722713470459 93
0.12247872352600098 93
0.12601304054260254 94
0.13179373741149902 94
0.13561534881591797 97
0.1441478729248047 99
0.14980030059814453 99
0.15445661544799805 98
0.1581404209136963 100
0.16278505325317383 101
0.16637039184570312 101
0.1731886863708496 102
0.1767282485961914 102
0.18086767196655273 103
0.18496227264404297 103
0.18872427940368652 104
0.1946103572845459 104
0.19837617874145508 105
0.20427799224853516 105
0.20788002014160156 105
0.21239137649536133 106
0.2181243896484375 106
0.22256684303283691 106
0.2261357307434082 106
0.22992753982543945 107
0.23443889617919922 107
0.2400658130645752 106
0.24457621574401855 106
0.2483372688293457 106
0.25266385078430176 106
0.256244421005249 106
0.26245594024658203 107
0.2660527229309082 106
0.26983189582824707 107
0.2763078212738037 107
0.280123233795166 107
0.2845799922943115 107
0.2883448600769043 107
0.2928280830383301 107
0.29862403869628906 107
0.3029458522796631 107
0.3064913749694824 106
0.3102433681488037 105
0.314699649810791 106
0.32033872604370117 105
0.3250241279602051 105
0.32879114151000977 105
0.33310532569885254 106
0.33689332008361816 106
0.34366703033447266 107
0.3474390506744385 107
0.35169291496276855 107
0.35555148124694824 107
0.35909295082092285 109
0.36496663093566895 108
0.3687407970428467 108
0.37302565574645996 108
0.3789217472076416 109
0.3836681842803955 108
0.38718748092651367 109
0.39170408248901367 109
0.3975083827972412 108
0.4018666744232178 108
0.40569448471069336 108
0.4095451831817627 108
0.414074182510376 109
0.41968321800231934 109
0.42441725730895996 109
0.4280869960784912 108
0.4324822425842285 108
0.4361281394958496 108
0.4423410892486572 108
0.44593262672424316 108
0.449709415435791 108
0.4560728073120117 107
0.4598731994628906 108
0.4644033908843994 108
0.468050479888916 108
0.4724593162536621 108
0.47830820083618164 108
0.48266124725341797 108
0.4862668514251709 108
0.49010205268859863 108
0.4946863651275635 108
0.5003252029418945 108
0.5049653053283691 108
0.5087430477142334 108
0.5130228996276855 108
0.5165576934814453 108
0.5231719017028809 108
0.5267171859741211 108
0.5308516025543213 107
0.5358195304870605 108
0.5456016063690186 107
0.5491809844970703 108
0.5541646480560303 108
0.5577366352081299 108
0.562507152557373 107
0.568335771560669 108
0.5728223323822021 107
0.576387882232666 107
0.5801358222961426 108
0.5846831798553467 107
0.5903277397155762 106
0.5947673320770264 106
0.5985171794891357 107
0.602830171585083 107
0.606407642364502 107
0.6136775016784668 107
0.6174314022064209 107
0.6217057704925537 107
0.6256551742553711 107
0.6291377544403076 107
0.6350302696228027 108
0.6388044357299805 107
0.643143892288208 107
0.6489715576171875 107
0.6535608768463135 107
0.6570663452148438 107
0.6615815162658691 107
0.6651380062103271 108
0.6717512607574463 108
0.6755619049072266 108
0.6790895462036133 107
0.6841118335723877 108
0.6897518634796143 109
0.6943106651306152 109
0.6979079246520996 108
0.7024047374725342 108
0.7059688568115234 108
0.7125363349914551 108
0.7161147594451904 107
0.7199420928955078 108
0.7244565486907959 108
0.7281255722045898 106
0.7340564727783203 107
0.7376348972320557 108
0.7418973445892334 107
0.7480077743530273 107
0.752448558807373 107
0.756030797958374 108
0.7597627639770508 108
0.7642815113067627 108
0.7699203491210938 108
0.7744181156158447 108
0.778085470199585 109
0.7824985980987549 109
0.7860713005065918 109
0.7926721572875977 109
0.796379566192627 108
0.8001327514648438 109
0.8047809600830078 108
0.808549165725708 108
0.8145549297332764 108
0.8183140754699707 109
0.8226523399353027 109
0.8280558586120605 110
0.8325989246368408 110
0.8361620903015137 109
0.8428618907928467 109
0.8464310169219971 109
0.8501763343811035 108
0.8566510677337646 108
0.8604109287261963 107
0.8650732040405273 106
0.868865966796875 105
0.8731896877288818 106
0.8789920806884766 106
0.8835880756378174 106
0.8870949745178223 107
0.891549825668335 107
0.8951177597045898 107
0.9017188549041748 108
0.9055070877075195 108
0.9090335369110107 108
0.9136207103729248 107
0.9171407222747803 107
0.9242599010467529 107
0.9278662204742432 107
0.9323759078979492 107
0.935964822769165 106
0.9447789192199707 106
0.9495530128479004 106
0.9542093276977539 107
0.9598703384399414 107
0.9645357131958008 107
0.968303918838501 107
0.9727916717529297 108
0.9763491153717041 108
0.9825570583343506 107
0.9861512184143066 107
0.9899132251739502 108
0.9962921142578125 108
