0 0 
0.0026006698608398438 0
0.008396625518798828 -2
0.012110710144042969 -2
0.01664280891418457 -6
0.02027440071105957 -36
0.026299238204956055 -12
0.029886245727539062 -18
0.0336611270904541 -29
0.04006648063659668 -45
0.04384255409240723 -245
0.048308372497558594 -270
0.05206775665283203 -289
0.05647087097167969 -336
0.062300920486450195 -371
0.06662535667419434 -397
0.07016873359680176 -400
0.07398295402526855 -423
0.0786287784576416 -445
0.08470273017883301 -464
0.08919692039489746 -494
0.09273171424865723 -499
0.09729599952697754 -514
0.1008002758026123 -537
0.10663533210754395 -551
0.11020517349243164 -556
0.11407256126403809 -571
0.12033963203430176 -577
0.12562036514282227 -587
0.12942290306091309 -595
0.1329178810119629 -603
0.13973712921142578 -616
0.14356040954589844 -630
0.14808106422424316 -631
0.1517634391784668 -642
0.156174898147583 -641
0.16193127632141113 -647
0.16634583473205566 -654
0.16991829872131348 -659
0.17368078231811523 -667
0.17817234992980957 -672
0.18384099006652832 -675
0.1883711814880371 -679
0.1921095848083496 -677
0.20022082328796387 -682
0.20401239395141602 -690
0.20992183685302734 -693
0.21554851531982422 -697
0.22182464599609375 -698
0.2264096736907959 -699
0.2300117015838623 -700
0.23376822471618652 -701
0.23825526237487793 -702
0.2439284324645996 -708
0.24844980239868164 -710
0.2522561550140381 -711
0.25675010681152344 -713
0.2602999210357666 -708
0.26636719703674316 -710
0.26996612548828125 -711
0.273728609085083 -718
0.28006505966186523 -720
0.28389930725097656 -721
0.28839564323425293 -719
0.29215240478515625 -718
0.296428918838501 -718
0.3022489547729492 -717
0.3065981864929199 -719
0.3101801872253418 -723
0.313922643661499 -725
0.31855154037475586 -725
0.32421016693115234 -725
0.32869601249694824 -723
0.33253955841064453 -724
0.33686327934265137 -721
0.3404548168182373 -723
0.3466942310333252 -726
0.35025978088378906 -727
0.35401320457458496 -729
0.36037755012512207 -725
0.36413025856018066 -726
0.3686103820800781 -724
0.37238192558288574 -727
0.3768308162689209 -727
0.38262367248535156 -729
0.3871889114379883 -728
0.3906543254852295 -729
0.3946678638458252 -727
0.39879345893859863 -724
0.40549492835998535 -729
0.4093451499938965 -729
0.412886381149292 -732
0.41747260093688965 -733
0.4232501983642578 -732
0.4278547763824463 -726
0.4314570426940918 -729
0.436077356338501 -724
0.43968892097473145 -727
0.44551873207092285 -732
0.44934844970703125 -732
0.45288634300231934 -730
0.45957183837890625 -730
0.46336984634399414 -728
0.46785402297973633 -726
0.4714376926422119 -727
0.4760596752166748 -729
0.4818284511566162 -731
0.48638367652893066 -730
0.48993968963623047 -730
0.4937005043029785 -729
0.4983348846435547 -728
0.5039846897125244 -728
0.5084629058837891 -733
0.5122506618499756 -732
0.5165963172912598 -732
0.520143985748291 -729
0.5261895656585693 -729
0.5297527313232422 -727
0.5335335731506348 -727
0.5398240089416504 -732
0.5436582565307617 -733
0.5481536388397217 -734
0.5518152713775635 -733
0.5563840866088867 -733
0.5622375011444092 -727
0.566575288772583 -728
0.5701184272766113 -732
0.5739705562591553 -731
0.5784680843353271 -734
0.5841195583343506 -733
0.5885965824127197 -732
0.59236741065979 -728
0.5966396331787109 -728
0.6067073345184326 -731
0.6102621555328369 -732
0.6140275001525879 -733
0.6208925247192383 -730
0.6254339218139648 -729
0.6293950080871582 -731
0.6328995227813721 -732
0.6375892162322998 -730
0.6433298587799072 -735
0.6478438377380371 -732
0.6514463424682617 -730
0.6559526920318604 -730
0.6595616340637207 -730
0.666191577911377 -729
0.6697449684143066 -730
0.6735012531280518 -732
0.6782772541046143 -733
0.6820509433746338 -729
0.6880354881286621 -730
0.6916377544403076 -728
0.6961464881896973 -730
0.7019245624542236 -730
0.7063484191894531 -732
0.7099213600158691 -732
0.7137172222137451 -732
0.7182173728942871 -731
0.7238938808441162 -731
0.728388786315918 -727
0.7321012020111084 -727
0.7365970611572266 -734
0.7424173355102539 -731
0.7467746734619141 -730
0.7503249645233154 -734
0.7540814876556396 -730
0.7585740089416504 -730
0.7641968727111816 -730
0.7687280178070068 -732
0.772533655166626 -730
0.7767932415008545 -731
0.7803583145141602 -731
0.7864181995391846 -730
0.7901291847229004 -727
0.7939093112945557 -729
0.8004369735717773 -728
0.8046345710754395 -730
0.8087623119354248 -732
0.8125503063201904 -734
0.816866397857666 -733
0.821805477142334 -729
0.8262050151824951 -729
0.8297505378723145 -728
0.8335471153259277 -730
0.8380956649780273 -733
0.8417782783508301 -734
0.8461868762969971 -735
0.8497564792633057 -735
0.8535072803497314 -731
0.8581836223602295 -729
0.8618838787078857 -728
0.8664412498474121 -730
0.8712658882141113 -730
0.8755972385406494 -734
0.8794143199920654 -736
0.8829009532928467 -730
0.8876118659973145 -730
0.8912818431854248 -730
0.8955764770507812 -728
0.8993604183197021 -730
0.9028947353363037 -731
0.9077496528625488 -733
0.9113624095916748 -735
0.9156498908996582 -734
0.9196553230285645 -730
0.9241852760314941 -728
0.92867112159729 -729
0.9324119091033936 -731
0.9367098808288574 -732
0.9402740001678467 -732
0.9440383911132812 -735
0.9485371112823486 -730
0.9522809982299805 -729
0.9565935134887695 -726
0.9601514339447021 -732
0.9639139175415039 -729
0.9683873653411865 -730
0.9729213714599609 -733
0.9778842926025391 -735
0.9814743995666504 -732
0.9859597682952881 -727
0.9895577430725098 -729
0.993335485458374 -728
0.99800705909729 -735
