0 0 
0.0024194717407226562 2
0.008304834365844727 2
0.012010812759399414 2
0.01640009880065918 2
0.020088672637939453 12
0.02501845359802246 97
0.03079819679260254 27
0.03520631790161133 132
0.03879594802856445 40
0.04252815246582031 157
0.04715871810913086 234
0.05130600929260254 271
0.057286739349365234 297
0.061036109924316406 309
0.06689977645874023 318
0.07057476043701172 346
0.07501339912414551 369
0.08084774017333984 386
0.08532500267028809 392
0.08889412879943848 405
0.09261870384216309 417
0.0972757339477539 439
0.10326552391052246 451
0.10734701156616211 456
0.11110067367553711 465
0.11546587944030762 474
0.12122297286987305 477
0.1255481243133545 482
0.12909364700317383 491
0.1332254409790039 497
0.13734793663024902 509
0.14335179328918457 512
0.14786171913146973 521
0.15137362480163574 524
0.1559443473815918 528
0.1595306396484375 529
0.16539621353149414 533
0.16896843910217285 534
0.17273521423339844 539
0.17910122871398926 542
0.18323349952697754 546
0.187330961227417 551
0.19107937812805176 555
0.19542717933654785 561
0.20426297187805176 563
0.20831775665283203 563
0.2151169776916504 565
0.21868515014648438 566
0.22247624397277832 565
0.22724246978759766 569
0.23097848892211914 574
0.23682284355163574 577
0.24048066139221191 574
0.244873046875 573
0.25073814392089844 575
0.255054235458374 574
0.25863027572631836 572
0.2623867988586426 575
0.26897406578063965 581
0.2727630138397217 579
0.27722907066345215 586
0.28101348876953125 583
0.28529906272888184 586
0.29111742973327637 583
0.2954404354095459 581
0.29898643493652344 581
0.30274343490600586 581
0.30719709396362305 587
0.31327366828918457 586
0.3173666000366211 593
0.3211228847503662 589
0.32558107376098633 589
0.3293631076812744 586
0.3352539539337158 587
0.3388211727142334 582
0.34256863594055176 588
0.3489351272583008 588
0.352719783782959 589
0.35732555389404297 591
0.36107373237609863 589
0.36540675163269043 590
0.371232271194458 587
0.37554240226745605 583
0.37909793853759766 587
0.3828582763671875 585
0.38751959800720215 590
0.39420580863952637 593
0.3980681896209717 594
0.40189504623413086 594
0.40639591217041016 594
0.40998172760009766 589
0.41585206985473633 588
0.4193084239959717 588
0.42330217361450195 589
0.4295172691345215 587
0.4340355396270752 589
0.4375579357147217 592
0.44133663177490234 593
0.44809484481811523 593
0.45188426971435547 590
0.4564018249511719 591
0.45998597145080566 591
0.4642789363861084 589
0.4700777530670166 592
0.47463345527648926 594
0.4782218933105469 594
0.4820735454559326 597
0.4867699146270752 596
0.49242210388183594 591
0.4969139099121094 592
0.5006809234619141 588
0.5051460266113281 588
0.5087110996246338 589
0.5147509574890137 591
0.5183160305023193 593
0.5220639705657959 594
0.528400182723999 593
0.5321822166442871 595
0.536712646484375 590
0.5402801036834717 591
0.5448012351989746 588
0.5504822731018066 591
0.5548977851867676 590
0.5584821701049805 594
0.5622355937957764 597
0.5668840408325195 596
0.5726070404052734 593
0.5770747661590576 589
0.5808179378509521 588
0.5850682258605957 590
0.5886263847351074 589
0.5951895713806152 594
0.598738431930542 595
0.6070263385772705 594
0.6107785701751709 594
0.615342378616333 589
0.6211419105529785 589
0.625967264175415 590
0.6294708251953125 593
0.6339137554168701 592
0.6374566555023193 595
0.6439859867095947 594
0.6475427150726318 593
0.6513035297393799 595
0.6558618545532227 593
0.6592965126037598 590
0.6659715175628662 592
0.6694521903991699 592
0.6740102767944336 593
0.6775352954864502 592
0.6812691688537598 595
0.6873114109039307 598
0.6910457611083984 593
0.6953155994415283 591
0.7011251449584961 588
0.705437183380127 589
0.7089791297912598 593
0.7127106189727783 595
0.7190628051757812 596
0.7228140830993652 595
0.7272987365722656 595
0.731043815612793 596
0.7353174686431885 589
0.741095781326294 589
0.7458317279815674 587
0.7491235733032227 591
0.7528507709503174 592
0.7573051452636719 593
0.7633247375488281 594
0.7674095630645752 596
0.7711782455444336 595
0.7754664421081543 593
0.7790064811706543 591
0.7851381301879883 592
0.788689374923706 594
0.792457103729248 593
0.7987911701202393 592
0.8025641441345215 593
0.807222843170166 590
0.8109509944915771 596
0.8152437210083008 592
0.8209958076477051 592
0.8252913951873779 588
0.8288464546203613 593
0.8326137065887451 588
0.837066650390625 593
0.8427090644836426 593
0.8471662998199463 593
0.8508803844451904 593
0.8551909923553467 591
0.8587403297424316 588
0.8655166625976562 589
0.8690879344940186 587
0.8728139400482178 589
0.8774421215057373 591
0.8811843395233154 594
0.8870968818664551 595
0.8908655643463135 594
0.8951609134674072 592
0.9009594917297363 593
0.9052579402923584 590
0.9089086055755615 592
0.9126415252685547 592
0.9171037673950195 590
0.9227375984191895 594
0.927361011505127 595
0.9310829639434814 591
0.9365630149841309 593
0.9421865940093994 588
0.9467322826385498 588
0.9503028392791748 587
0.9548015594482422 591
0.958357572555542 594
0.9641673564910889 596
0.967963695526123 598
0.9714834690093994 594
0.9779701232910156 591
0.9814960956573486 590
0.9864089488983154 591
0.9900002479553223 589
0.994274377822876 586
