0 0 
0.0025904178619384766 0
0.008543252944946289 0
0.012226343154907227 3
0.016726970672607422 3
0.02032184600830078 21
0.026367902755737305 84
0.02993297576904297 84
0.03365921974182129 41
0.04005241394042969 107
0.04380059242248535 125
0.0482640266418457 144
0.0518801212310791 165
0.056243181228637695 182
0.061922311782836914 196
0.06633329391479492 210
0.0699162483215332 215
0.07375431060791016 242
0.07839703559875488 259
0.08400654792785645 271
0.08848166465759277 281
0.09222960472106934 289
0.09651708602905273 293
0.10007381439208984 294
0.10615849494934082 304
0.1097414493560791 307
0.11359643936157227 313
0.11988019943237305 320
0.1236259937286377 327
0.13181591033935547 336
0.13654541969299316 341
0.1401355266571045 343
0.14686346054077148 350
0.1504361629486084 352
0.15416979789733887 352
0.15882539749145508 355
0.16261959075927734 364
0.16849303245544434 363
0.17226672172546387 369
0.17853045463562012 371
0.1822831630706787 372
0.1866137981414795 373
0.19014811515808105 370
0.19389581680297852 371
0.20042109489440918 371
0.2041938304901123 373
0.20866966247558594 371
0.21250605583190918 376
0.21684813499450684 381
0.22266793251037598 383
0.2272329330444336 388
0.23052573204040527 386
0.23466873168945312 385
0.2387549877166748 385
0.24533438682556152 384
0.24890947341918945 382
0.2526838779449463 386
0.25739145278930664 385
0.2609100341796875 387
0.2669661045074463 385
0.2705078125 387
0.274216890335083 387
0.2808206081390381 389
0.2847287654876709 389
0.28883957862854004 391
0.292588472366333 392
0.29689812660217285 390
0.3027613162994385 395
0.30736804008483887 394
0.31087446212768555 391
0.3153493404388428 389
0.3213374614715576 390
0.32567930221557617 385
0.3295764923095703 387
0.3333737850189209 386
0.337876558303833 390
0.3435349464416504 388
0.34809350967407227 392
0.3516881465911865 396
0.3561851978302002 396
0.3597695827484131 395
0.3656501770019531 397
0.36945605278015137 396
0.37384533882141113 392
0.3785231113433838 391
0.384143590927124 389
0.388613224029541 390
0.39235615730285645 389
0.3968174457550049 392
0.40268754959106445 392
0.4072859287261963 391
0.41072511672973633 393
0.41473841667175293 395
0.41885900497436523 394
0.4255044460296631 395
0.4292755126953125 396
0.432788610458374 394
0.4375004768371582 393
0.44121575355529785 394
0.44685816764831543 391
0.450427770614624 389
0.45415401458740234 391
0.4606778621673584 393
0.46468639373779297 391
0.46877217292785645 394
0.4725203514099121 395
0.4768402576446533 395
0.48271656036376953 395
0.4873158931732178 395
0.4908254146575928 396
0.4947643280029297 395
0.49924373626708984 392
0.5056695938110352 395
0.5094354152679443 391
0.5129354000091553 391
0.5175082683563232 392
0.521249532699585 391
0.5272655487060547 394
0.5338134765625 393
0.5393667221069336 396
0.546074628829956 395
0.5496909618377686 398
0.5534420013427734 395
0.5582075119018555 395
0.5619010925292969 392
0.5678637027740479 390
0.5714221000671387 390
0.5778939723968506 392
0.5815033912658691 391
0.58595871925354 393
0.5895876884460449 396
0.5933592319488525 392
0.5997016429901123 398
0.6035165786743164 397
0.6080303192138672 394
0.611598014831543 398
0.6162195205688477 395
0.6219356060028076 392
0.6263182163238525 393
0.6299161911010742 389
0.6336722373962402 392
0.6381330490112305 391
0.6437697410583496 393
0.6482853889465332 392
0.651958703994751 397
0.656501054763794 396
0.6600759029388428 397
0.6661183834075928 395
0.6696925163269043 396
0.6735529899597168 394
0.6787106990814209 392
0.6824531555175781 392
0.6883206367492676 393
0.692061185836792 391
0.6963686943054199 393
0.702202558517456 394
0.7065057754516602 392
0.7100770473480225 393
0.7138252258300781 394
0.7182815074920654 396
0.7239363193511963 395
0.7289562225341797 398
0.7327282428741455 398
0.7376084327697754 396
0.7432665824890137 393
0.7478165626525879 391
0.7513740062713623 390
0.7556533813476562 392
0.7594621181488037 393
0.7629489898681641 393
0.7688257694244385 396
0.7725727558135986 396
0.7787895202636719 394
0.7825484275817871 399
0.7873616218566895 395
0.7908754348754883 397
0.795360803604126 395
0.8013777732849121 390
0.8064556121826172 393
0.8100197315216064 392
0.8137736320495605 393
0.818244457244873 391
0.8239047527313232 393
0.8284049034118652 393
0.8321316242218018 393
0.8364403247833252 393
0.8399794101715088 394
0.8465135097503662 395
0.8500685691833496 396
0.8538670539855957 396
0.8585348129272461 394
0.8622915744781494 395
0.868140697479248 393
0.8717939853668213 393
0.8762109279632568 392
0.881964921951294 392
0.8863372802734375 391
0.8899292945861816 394
0.8936920166015625 395
0.9000341892242432 397
0.9037973880767822 397
0.9082927703857422 396
0.9121439456939697 393
0.9166405200958252 393
0.9224166870117188 393
0.9267427921295166 393
0.9302852153778076 393
0.9385712146759033 388
0.9422953128814697 390
0.9482922554016113 390
0.9519603252410889 389
0.9564676284790039 397
0.9622981548309326 396
0.9666290283203125 399
0.9701755046844482 396
0.9739208221435547 396
0.9785664081573486 390
0.9841868877410889 390
0.9886612892150879 392
0.9924132823944092 393
0.9967377185821533 390
