0 0 
0.003767251968383789 0
0.008687496185302734 2
0.013121843338012695 7
0.016633033752441406 18
0.020482778549194336 13
0.026869773864746094 36
0.030638694763183594 157
0.03509211540222168 53
0.038845062255859375 185
0.04315638542175293 289
0.04889273643493652 295
0.05322694778442383 324
0.056810617446899414 356
0.06058001518249512 388
0.06525850296020508 418
0.07544612884521484 447
0.07932424545288086 467
0.08417105674743652 493
0.08985781669616699 502
0.09450888633728027 520
0.09808230400085449 537
0.1027383804321289 546
0.10630464553833008 574
0.11283993721008301 580
0.11641836166381836 585
0.120269775390625 598
0.1248931884765625 603
0.12862062454223633 611
0.13452887535095215 621
0.13814830780029297 627
0.14277124404907227 647
0.14860796928405762 651
0.15294122695922852 654
0.15649771690368652 655
0.16024231910705566 663
0.16477227210998535 667
0.17046046257019043 677
0.1749281883239746 684
0.17865848541259766 685
0.1831345558166504 689
0.18668508529663086 690
0.1932363510131836 693
0.19681262969970703 694
0.20054316520690918 699
0.2050025463104248 702
0.2087700366973877 709
0.214705228805542 710
0.21837425231933594 715
0.22282123565673828 712
0.22870874404907227 716
0.23299813270568848 717
0.2365882396697998 714
0.24033308029174805 726
0.24684548377990723 728
0.2506437301635742 727
0.25511837005615234 728
0.2588644027709961 729
0.26316213607788086 726
0.2689852714538574 728
0.27349400520324707 730
0.27718687057495117 733
0.28118348121643066 736
0.2853274345397949 735
0.2926011085510254 734
0.29619526863098145 736
0.2999532222747803 733
0.3046290874481201 736
0.3082089424133301 742
0.3142204284667969 743
0.3178741931915283 741
0.3221731185913086 739
0.3280973434448242 741
0.3326542377471924 737
0.33625054359436035 740
0.3400118350982666 741
0.34455180168151855 747
0.3501741886138916 745
0.3547060489654541 745
0.35833740234375 744
0.36290812492370605 741
0.3664984703063965 746
0.37311410903930664 746
0.3766748905181885 748
0.3804144859313965 747
0.38489460945129395 743
0.38861656188964844 741
0.3944878578186035 742
0.3980519771575928 743
0.40282630920410156 749
0.40871572494506836 746
0.4130370616912842 748
0.41663241386413574 749
0.42040061950683594 747
0.42505717277526855 750
0.43071818351745605 747
0.435230016708374 750
0.43897175788879395 751
0.44324660301208496 750
0.44679880142211914 746
0.4533724784851074 745
0.4569258689880371 740
0.46066713333129883 745
0.4651215076446533 745
0.468869686126709 751
0.47843146324157715 748
0.4833049774169922 750
0.48915600776672363 744
0.49389123916625977 743
0.4974019527435303 747
0.5018556118011475 750
0.5078120231628418 746
0.5121612548828125 750
0.5159647464752197 751
0.5194547176361084 747
0.5240247249603271 744
0.5297355651855469 749
0.5344717502593994 748
0.5380294322967529 748
0.5426840782165527 751
0.5462455749511719 752
0.5520114898681641 746
0.5558130741119385 748
0.5593254566192627 748
0.5658888816833496 754
0.5694527626037598 753
0.5741410255432129 752
0.5778422355651855 745
0.5821328163146973 749
0.5879349708557129 745
0.5924339294433594 751
0.5960407257080078 750
0.599785566329956 751
0.6044323444366455 751
0.6100513935089111 749
0.614572286605835 747
0.6181468963623047 750
0.6226184368133545 749
0.6262071132659912 749
0.6320362091064453 753
0.6358251571655273 752
0.63932204246521 752
0.6457839012145996 749
0.6493048667907715 747
0.6538598537445068 749
0.6573503017425537 750
0.6618056297302246 749
0.6678926944732666 752
0.6721627712249756 751
0.6760385036468506 748
0.6797523498535156 748
0.6842060089111328 749
0.6899056434631348 753
0.6943767070770264 747
0.6979236602783203 755
0.7022063732147217 752
0.707991361618042 748
0.7124786376953125 748
0.7161059379577637 750
0.7198495864868164 748
0.7245488166809082 749
0.7301537990570068 751
0.7346594333648682 756
0.7383639812469482 749
0.7427427768707275 750
0.7463133335113525 748
0.7521238327026367 751
0.7559373378753662 746
0.7594232559204102 753
0.766038179397583 753
0.76979660987854 753
0.7742373943328857 749
0.7778682708740234 748
0.7821450233459473 748
0.7882304191589355 752
0.7929389476776123 754
0.7964770793914795 752
0.8002090454101562 750
0.8047077655792236 752
0.8103122711181641 749
0.8147804737091064 748
0.8184573650360107 753
0.8228402137756348 754
0.8264334201812744 753
0.8324737548828125 752
0.8360965251922607 749
0.8398270606994629 750
0.8449513912200928 749
0.8486917018890381 750
0.8545572757720947 752
0.858102560043335 754
0.8626015186309814 749
0.868358850479126 748
0.8753616809844971 747
0.8800704479217529 748
0.8847134113311768 752
0.8903286457061768 751
0.894944429397583 749
0.8986911773681641 750
0.9032177925109863 747
0.9068033695220947 750
0.9128274917602539 752
0.9165201187133789 750
0.9203042984008789 757
0.9267737865447998 753
0.9305391311645508 751
0.9349880218505859 746
0.9387578964233398 746
0.9430603981018066 752
0.948883056640625 751
0.9531874656677246 756
0.9567220211029053 754
0.9604625701904297 750
0.9650859832763672 747
0.9707057476043701 748
0.9752163887023926 747
0.9789762496948242 752
0.983295202255249 752
0.9868340492248535 750
0.9928889274597168 749
0.996469259262085 749
