0 0 
0.003154754638671875 0
0.006703615188598633 0
0.010406494140625 0
0.014805078506469727 0
0.01839733123779297 7
0.026383638381958008 44
0.0323944091796875 19
0.03615880012512207 72
0.03969097137451172 31
0.04704642295837402 236
0.05085158348083496 281
0.0628519058227539 304
0.06644105911254883 325
0.07021307945251465 357
0.07612490653991699 369
0.07964873313903809 386
0.0846245288848877 395
0.09028077125549316 411
0.09480643272399902 420
0.09839129447937012 434
0.10301947593688965 444
0.10661864280700684 466
0.11338257789611816 475
0.1169734001159668 484
0.12073922157287598 489
0.12528705596923828 498
0.12903070449829102 504
0.1349172592163086 507
0.13854670524597168 513
0.15293645858764648 530
0.15650129318237305 532
0.16025590896606445 536
0.16478657722473145 547
0.16837334632873535 548
0.17303967475891113 550
0.17666935920715332 553
0.1804523468017578 561
0.18491172790527344 556
0.18855953216552734 561
0.19295811653137207 563
0.19651269912719727 563
0.20029139518737793 570
0.20487236976623535 570
0.20856571197509766 574
0.21297264099121094 576
0.2165241241455078 575
0.2203536033630371 573
0.22484469413757324 578
0.22851991653442383 576
0.23312044143676758 578
0.23668932914733887 579
0.2404768466949463 585
0.24495315551757812 584
0.2506287097930908 587
0.2551388740539551 589
0.2588798999786377 586
0.26315927505493164 587
0.26671552658081055 589
0.27288389205932617 589
0.27646493911743164 590
0.2802317142486572 591
0.28661561012268066 591
0.2904067039489746 596
0.295041561126709 595
0.2987987995147705 594
0.30312538146972656 593
0.3089420795440674 592
0.3132953643798828 587
0.31685662269592285 592
0.32060885429382324 596
0.3251230716705322 598
0.3307914733886719 600
0.33536386489868164 601
0.3391127586364746 600
0.34339261054992676 599
0.3469815254211426 595
0.35318803787231445 593
0.3568153381347656 596
0.360623836517334 596
0.36714744567871094 600
0.37092137336730957 599
0.3754119873046875 601
0.37915492057800293 600
0.3845202922821045 602
0.390178918838501 596
0.39467406272888184 599
0.3982517719268799 597
0.4027869701385498 601
0.40645599365234375 600
0.4132075309753418 606
0.416792631149292 601
0.42054128646850586 603
0.4249899387359619 601
0.42867183685302734 599
0.4346609115600586 595
0.4382467269897461 596
0.4427802562713623 601
0.44852781295776367 603
0.4529421329498291 604
0.4608454704284668 602
0.4654700756072998 599
0.47203922271728516 598
0.4761207103729248 596
0.4796411991119385 599
0.4845457077026367 599
0.48812317848205566 600
0.49306344985961914 600
0.49889612197875977 603
0.5031993389129639 603
0.5067901611328125 597
0.5105626583099365 600
0.5150496959686279 599
0.5206704139709473 601
0.5251326560974121 600
0.52886962890625 603
0.5333235263824463 603
0.5368633270263672 603
0.5434036254882812 600
0.5469696521759033 598
0.5506999492645264 596
0.5551817417144775 600
0.558924674987793 599
0.5647997856140137 601
0.5683732032775879 602
0.5728671550750732 605
0.5785694122314453 603
0.5830388069152832 602
0.5866482257843018 601
0.5904064178466797 601
0.5950143337249756 600
0.6006486415863037 602
0.605083703994751 603
0.608806848526001 603
0.6131250858306885 602
0.6189019680023193 604
0.6233625411987305 602
0.6268973350524902 601
0.6306440830230713 602
0.6351025104522705 601
0.6407222747802734 603
0.6452171802520752 602
0.6489696502685547 605
0.6534533500671387 605
0.6569957733154297 604
0.6630032062530518 599
0.6665754318237305 604
0.6703338623046875 599
0.6766970157623291 598
0.6805548667907715 601
0.6850483417510986 602
0.6887962818145752 602
0.6931040287017822 603
0.6988790035247803 604
0.7031829357147217 600
0.7067246437072754 602
0.7104771137237549 601
0.7150914669036865 603
0.720703125 603
0.7251794338226318 603
0.7289443016052246 604
0.7332522869110107 606
0.7367837429046631 604
0.7433300018310547 603
0.7468760013580322 602
0.7506134510040283 597
0.7552328109741211 599
0.7590081691741943 603
0.7648890018463135 603
0.7685408592224121 606
0.7731180191040039 607
0.7789063453674316 603
0.7831757068634033 604
0.7867405414581299 602
0.7906649112701416 601
0.795172929763794 601
0.8008065223693848 602
0.8052618503570557 603
0.808992862701416 606
0.8133044242858887 603
0.8190891742706299 601
0.8234000205993652 599
0.8269731998443604 599
0.8307242393493652 603
0.8353197574615479 598
0.8409533500671387 601
0.8454365730285645 604
0.8492281436920166 601
0.8535022735595703 604
0.8608834743499756 600
0.8675975799560547 602
0.8721227645874023 601
0.8760941028594971 603
0.8796267509460449 601
0.8846385478973389 602
0.8902778625488281 604
0.8949458599090576 604
0.8986344337463379 604
0.9030365943908691 605
0.9066221714019775 603
0.9131760597229004 601
0.916741132736206 601
0.9205949306488037 602
0.9250800609588623 605
0.9288134574890137 606
0.9346742630004883 603
0.938244104385376 605
0.9446263313293457 603
0.9482254981994629 603
0.952831506729126 598
0.9564087390899658 599
0.9601895809173584 600
0.9665160179138184 603
0.9702908992767334 605
0.9748167991638184 605
0.9783968925476074 603
0.9828822612762451 605
0.9885964393615723 598
0.9930100440979004 599
0.9966073036193848 600
