0 0 
0.00509333610534668 0
0.010023832321166992 0
0.015701770782470703 0
0.020383834838867188 0
0.025041580200195312 0
0.030649423599243164 0
0.03526639938354492 -2
0.038791656494140625 -2
0.043470144271850586 -2
0.04703879356384277 -7
0.053786516189575195 -16
0.0573735237121582 -16
0.061104774475097656 -41
0.0656135082244873 -41
0.06934690475463867 -41
0.07519412040710449 -51
0.07891273498535156 -51
0.08524966239929199 -59
0.08895516395568848 -59
0.09333252906799316 -63
0.09688472747802734 -63
0.1006474494934082 -63
0.10705375671386719 -68
0.1108236312866211 -72
0.1154623031616211 -72
0.1192779541015625 -73
0.1235651969909668 -73
0.12936019897460938 -76
0.13387179374694824 -77
0.13741040229797363 -77
0.1411423683166504 -77
0.14560294151306152 -78
0.15128231048583984 -78
0.15578770637512207 -78
0.1595451831817627 -80
0.16387271881103516 -81
0.16742396354675293 -81
0.1736307144165039 -81
0.17722463607788086 -81
0.18099260330200195 -81
0.18737101554870605 -83
0.19113588333129883 -85
0.19559526443481445 -85
0.19936060905456543 -85
0.2037181854248047 -85
0.20949864387512207 -84
0.2138819694519043 -84
0.21741199493408203 -84
0.22114825248718262 -84
0.22563481330871582 -86
0.23126721382141113 -86
0.23592019081115723 -86
0.23966431617736816 -86
0.2449946403503418 -86
0.25065040588378906 -86
0.2552196979522705 -86
0.25879406929016113 -86
0.2634749412536621 -87
0.2670762538909912 -87
0.2730998992919922 -86
0.27668309211730957 -87
0.28038716316223145 -88
0.28676915168762207 -86
0.29056477546691895 -86
0.29524850845336914 -88
0.298799991607666 -87
0.303269624710083 -87
0.3089599609375 -88
0.3133738040924072 -88
0.3169116973876953 -86
0.32066798210144043 -86
0.3251967430114746 -86
0.3309512138366699 -88
0.3354806900024414 -88
0.33919477462768555 -88
0.3435359001159668 -87
0.34706783294677734 -87
0.3532705307006836 -87
0.3568413257598877 -86
0.36060118675231934 -86
0.36701345443725586 -90
0.3708055019378662 -88
0.37526392936706543 -88
0.37896227836608887 -87
0.38337159156799316 -87
0.3891878128051758 -85
0.3959653377532959 -86
0.4012880325317383 -86
0.4059910774230957 -86
0.409745454788208 -85
0.41492438316345215 -85
0.4205944538116455 -87
0.4252448081970215 -87
0.42881202697753906 -87
0.4333052635192871 -84
0.4389917850494385 -85
0.4433932304382324 -85
0.4469563961029053 -85
0.4506962299346924 -85
0.45521998405456543 -87
0.46085309982299805 -85
0.4653952121734619 -86
0.4690544605255127 -87
0.47359156608581543 -87
0.47717905044555664 -87
0.483184814453125 -89
0.4868662357330322 -89
0.49061107635498047 -89
0.497037410736084 -87
0.5007898807525635 -87
0.5052528381347656 -87
0.508807897567749 -86
0.5132846832275391 -86
0.5189387798309326 -87
0.5235350131988525 -87
0.5270848274230957 -87
0.5308287143707275 -87
0.5354456901550293 -87
0.5410561561584473 -88
0.5455493927001953 -86
0.5493030548095703 -88
0.553577184677124 -87
0.5571446418762207 -87
0.5631611347198486 -86
0.5667438507080078 -86
0.5704808235168457 -87
0.5768942832946777 -86
0.5807020664215088 -86
0.5851905345916748 -86
0.5887489318847656 -86
0.5933616161346436 -87
0.5992634296417236 -87
0.6035618782043457 -87
0.6071221828460693 -86
0.6108789443969727 -86
0.6153416633605957 -86
0.6209676265716553 -85
0.6254496574401855 -86
0.6292023658752441 -86
0.6335165500640869 -86
0.6370687484741211 -86
0.6436073780059814 -86
0.647188663482666 -86
0.6509535312652588 -87
0.6556158065795898 -87
0.6593759059906006 -85
0.6652369499206543 -85
0.6689012050628662 -86
0.6734023094177246 -86
0.6792080402374268 -86
0.6835317611694336 -87
0.6870589256286621 -87
0.6907947063446045 -87
0.695317268371582 -86
0.7009236812591553 -85
0.7053623199462891 -85
0.7089881896972656 -86
0.7135331630706787 -85
0.7193176746368408 -85
0.7236058712005615 -86
0.7272017002105713 -86
0.7309291362762451 -86
0.7353672981262207 -86
0.7410323619842529 -89
0.7455291748046875 -88
0.7492544651031494 -88
0.753577470779419 -87
0.757129430770874 -87
0.7631642818450928 -87
0.7667477130889893 -87
0.7704739570617676 -87
0.7770135402679443 -88
0.7807736396789551 -88
0.7855067253112793 -88
0.789240837097168 -88
0.7970938682556152 -88
0.8033370971679688 -88
0.8068926334381104 -87
0.8106591701507568 -88
0.8157529830932617 -88
0.8194856643676758 -89
0.8254475593566895 -90
0.8291890621185303 -89
0.8336560726165771 -89
0.8395302295684814 -89
0.8438122272491455 -86
0.8473780155181885 -86
0.8510997295379639 -87
0.8555681705474854 -87
0.8612136840820312 -87
0.8656620979309082 -87
0.869415283203125 -87
0.8737285137176514 -86
0.8772628307342529 -86
0.8838131427764893 -86
0.8873639106750488 -86
0.8910868167877197 -85
0.895700216293335 -87
0.899458646774292 -87
0.9053027629852295 -86
0.9089515209197998 -86
0.9149956703186035 -88
0.9185905456542969 -87
0.9230365753173828 -85
0.9286916255950928 -85
0.9332046508789062 -85
0.9367995262145996 -85
0.9405636787414551 -85
0.9450595378875732 -86
0.9507055282592773 -85
0.9554140567779541 -85
0.9591710567474365 -85
0.9634902477264404 -85
0.9670557975769043 -85
0.9736402034759521 -84
0.9772109985351562 -84
0.9809703826904297 -84
0.985471248626709 -85
0.9892070293426514 -84
0.9950911998748779 -85
0.9986636638641357 -87
