0 0 
0.002383708953857422 0
0.007476091384887695 0
0.012165546417236328 0
0.01586151123046875 -2
0.020215511322021484 -16
0.026088476181030273 -42
0.03040766716003418 -12
0.033942222595214844 -33
0.03781414031982422 -68
0.042319297790527344 -199
0.04794144630432129 -178
0.05243182182312012 -218
0.056166648864746094 -241
0.060506582260131836 -255
0.0640726089477539 -285
0.07032513618469238 -289
0.07395768165588379 -304
0.07772088050842285 -334
0.0878455638885498 -348
0.09262228012084961 -358
0.09639143943786621 -369
0.10111689567565918 -372
0.10463666915893555 -389
0.11065459251403809 -394
0.1142265796661377 -398
0.11845517158508301 -405
0.12468314170837402 -412
0.12920928001403809 -419
0.13319659233093262 -426
0.136702299118042 -429
0.14138412475585938 -437
0.14714479446411133 -442
0.1517021656036377 -445
0.1552729606628418 -447
0.15977883338928223 -452
0.1634504795074463 -456
0.17004704475402832 -455
0.17364096641540527 -457
0.17746424674987793 -462
0.1819629669189453 -463
0.18561744689941406 -467
0.1917715072631836 -471
0.19536542892456055 -475
0.1998915672302246 -478
0.205672025680542 -472
0.21009230613708496 -478
0.21369099617004395 -477
0.2174358367919922 -480
0.2220921516418457 -477
0.2277381420135498 -483
0.2322237491607666 -483
0.23601841926574707 -486
0.24035024642944336 -490
0.24390172958374023 -492
0.2506132125854492 -490
0.25416064262390137 -489
0.2578928470611572 -490
0.26240015029907227 -486
0.26624369621276855 -487
0.27216291427612305 -489
0.27591776847839355 -488
0.28019022941589355 -492
0.2860443592071533 -492
0.2903611660003662 -495
0.2939183712005615 -497
0.2976875305175781 -497
0.30220508575439453 -495
0.30788326263427734 -494
0.31254053115844727 -492
0.3163120746612549 -493
0.3206517696380615 -491
0.326493501663208 -492
0.33113598823547363 -496
0.33468079566955566 -494
0.33919215202331543 -498
0.34299635887145996 -499
0.34942102432250977 -500
0.3534579277038574 -499
0.3572516441345215 -496
0.36177611351013184 -498
0.36536073684692383 -497
0.3716146945953369 -492
0.3752298355102539 -496
0.3797447681427002 -497
0.38551950454711914 -497
0.3899555206298828 -498
0.393535852432251 -498
0.3972909450531006 -498
0.40189218521118164 -496
0.4075322151184082 -494
0.412034273147583 -495
0.4157860279083252 -495
0.42009925842285156 -497
0.42366838455200195 -496
0.43037843704223633 -497
0.433931827545166 -500
0.4376678466796875 -499
0.44220590591430664 -501
0.4459691047668457 -501
0.4518749713897705 -499
0.455549955368042 -495
0.46187853813171387 -497
0.4655494689941406 -496
0.47000670433044434 -495
0.4735908508300781 -496
0.4773564338684082 -499
0.4866061210632324 -499
0.4923529624938965 -501
0.4961402416229248 -500
0.5005860328674316 -499
0.5063817501068115 -496
0.5111055374145508 -498
0.5146572589874268 -496
0.5191636085510254 -498
0.5229454040527344 -498
0.5294020175933838 -500
0.5332129001617432 -501
0.5369353294372559 -500
0.5413980484008789 -501
0.5450835227966309 -501
0.5511212348937988 -498
0.5546984672546387 -497
0.5592045783996582 -497
0.5653307437896729 -496
0.5699238777160645 -495
0.5735139846801758 -499
0.5773575305938721 -498
0.5837523937225342 -501
0.5875344276428223 -501
0.5919969081878662 -502
0.5956847667694092 -498
0.6002860069274902 -497
0.606142520904541 -496
0.6106390953063965 -495
0.6142051219940186 -497
0.6183457374572754 -498
0.6224613189697266 -500
0.6290228366851807 -499
0.6326189041137695 -499
0.6363914012908936 -503
0.6417868137359619 -501
0.6474423408508301 -495
0.6519694328308105 -498
0.6556558609008789 -494
0.6600518226623535 -494
0.6636531352996826 -497
0.6698827743530273 -498
0.6735086441040039 -499
0.677377462387085 -502
0.68375563621521 -503
0.6875174045562744 -499
0.6920032501220703 -500
0.6956868171691895 -497
0.7001466751098633 -496
0.7059552669525146 -495
0.7103214263916016 -495
0.7138981819152832 -495
0.717667818069458 -497
0.7221453189849854 -500
0.7278194427490234 -499
0.7324914932250977 -497
0.7362711429595947 -499
0.7409861087799072 -496
0.744459867477417 -494
0.7503633499145508 -494
0.7539188861846924 -498
0.7576813697814941 -499
0.7640862464904785 -499
0.7678794860839844 -499
0.7723979949951172 -502
0.7761533260345459 -500
0.7804477214813232 -499
0.7862722873687744 -499
0.7911522388458252 -498
0.7946875095367432 -496
0.7992255687713623 -499
0.8030264377593994 -496
0.8096349239349365 -495
0.8132624626159668 -499
0.8170459270477295 -498
0.8215465545654297 -497
0.8251361846923828 -502
0.8310196399688721 -500
0.8345365524291992 -498
0.8409712314605713 -496
0.844609260559082 -492
0.8490762710571289 -498
0.8530457019805908 -495
0.8565731048583984 -495
0.8632395267486572 -497
0.8670437335968018 -500
0.8717911243438721 -497
0.875389575958252 -499
0.8798763751983643 -501
0.8875999450683594 -498
0.8933441638946533 -497
0.8971154689788818 -496
0.9020402431488037 -496
0.9076986312866211 -499
0.9124472141265869 -495
0.9162225723266602 -498
0.9206438064575195 -500
0.9264788627624512 -500
0.9310925006866455 -497
0.9346067905426025 -498
0.9390814304351807 -496
0.9426364898681641 -494
0.9492688179016113 -495
0.9530653953552246 -498
0.9566559791564941 -499
0.9613826274871826 -498
0.9650607109069824 -498
0.9711103439331055 -501
0.9746408462524414 -502
0.9791519641876221 -497
0.9850368499755859 -498
0.9893391132354736 -495
0.9931671619415283 -492
0.9966881275177002 -497
