0 0 
0.0033960342407226562 0
0.006882190704345703 0
0.01130223274230957 -2
0.016326904296875 -2
0.021515846252441406 -7
0.025307655334472656 -7
0.028832435607910156 -17
0.0346987247467041 -81
0.038510799407958984 -20
0.04532575607299805 -34
0.0488739013671875 -105
0.05352902412414551 -129
0.05716586112976074 -160
0.06142687797546387 -176
0.06721854209899902 -194
0.07154059410095215 -188
0.0754098892211914 -200
0.07891559600830078 -215
0.08360624313354492 -223
0.08933138847351074 -245
0.09404397010803223 -247
0.09762406349182129 -255
0.1022956371307373 -259
0.10586786270141602 -266
0.11190032958984375 -270
0.11557817459106445 -279
0.11932659149169922 -282
0.1256701946258545 -291
0.12944340705871582 -294
0.13400650024414062 -296
0.13759374618530273 -298
0.1421186923980713 -300
0.14789724349975586 -305
0.1522979736328125 -305
0.15586638450622559 -308
0.1596839427947998 -314
0.1643810272216797 -314
0.17002081871032715 -317
0.1745014190673828 -317
0.1782228946685791 -319
0.1825704574584961 -321
0.18610286712646484 -324
0.19269514083862305 -324
0.1962580680847168 -324
0.2000269889831543 -325
0.20449495315551758 -326
0.20832371711730957 -328
0.21418428421020508 -328
0.21786808967590332 -329
0.22249054908752441 -329
0.2283320426940918 -329
0.23621916770935059 -331
0.2400045394897461 -333
0.24463748931884766 -336
0.24843525886535645 -337
0.25445032119750977 -336
0.25820183753967285 -337
0.2633953094482422 -336
0.2671656608581543 -335
0.27274155616760254 -336
0.276334285736084 -333
0.280078649520874 -332
0.28679537773132324 -334
0.2912719249725342 -334
0.2948172092437744 -335
0.2985537052154541 -335
0.30284857749938965 -337
0.3087038993835449 -337
0.31330251693725586 -336
0.3168306350708008 -337
0.32125258445739746 -338
0.32480478286743164 -337
0.33150482177734375 -338
0.3353114128112793 -341
0.3388330936431885 -340
0.3437356948852539 -339
0.3473196029663086 -337
0.3533642292022705 -339
0.3568558692932129 -335
0.3613767623901367 -336
0.36727285385131836 -336
0.37157726287841797 -338
0.3753693103790283 -338
0.37886738777160645 -340
0.38550329208374023 -340
0.3893110752105713 -339
0.3938405513763428 -339
0.3974285125732422 -340
0.4022562503814697 -341
0.40810275077819824 -341
0.41242003440856934 -340
0.4160144329071045 -340
0.41982340812683105 -339
0.4242889881134033 -337
0.42992353439331055 -336
0.4344046115875244 -338
0.4381566047668457 -337
0.4424600601196289 -336
0.44603443145751953 -336
0.45211267471313477 -339
0.4556760787963867 -340
0.45941925048828125 -341
0.4653303623199463 -342
0.46886610984802246 -341
0.47418856620788574 -341
0.4798617362976074 -338
0.48458099365234375 -339
0.4883387088775635 -340
0.4926297664642334 -338
0.49620652198791504 -334
0.5027921199798584 -339
0.5063431262969971 -339
0.5101234912872314 -336
0.5146303176879883 -339
0.5183911323547363 -342
0.5244424343109131 -342
0.528209924697876 -340
0.532529354095459 -341
0.5383782386779785 -340
0.5426933765411377 -343
0.5462470054626465 -341
0.5499975681304932 -340
0.5563809871673584 -339
0.560133695602417 -340
0.5646481513977051 -338
0.5683960914611816 -338
0.5727870464324951 -336
0.5785732269287109 -336
0.5833218097686768 -338
0.5868716239929199 -336
0.5913746356964111 -337
0.5949134826660156 -339
0.6015610694885254 -340
0.6053662300109863 -341
0.6088747978210449 -342
0.6138081550598145 -342
0.6174283027648926 -342
0.6233854293823242 -341
0.6269116401672363 -338
0.6314220428466797 -339
0.6401455402374268 -334
0.6449000835418701 -339
0.6486856937408447 -337
0.6538205146789551 -340
0.6594815254211426 -339
0.664135217666626 -340
0.6677675247192383 -342
0.6722202301025391 -341
0.6758978366851807 -339
0.682488203048706 -341
0.6860482692718506 -344
0.6898396015167236 -340
0.6943192481994629 -340
0.698084831237793 -341
0.7041079998016357 -340
0.7078022956848145 -336
0.7122111320495605 -336
0.7180616855621338 -340
0.7223899364471436 -337
0.7260010242462158 -335
0.7297661304473877 -339
0.736140251159668 -340
0.7399156093597412 -340
0.7445657253265381 -343
0.7483141422271729 -345
0.752622127532959 -340
0.7584452629089355 -342
0.763160228729248 -340
0.7666339874267578 -339
0.770641565322876 -338
0.7747282981872559 -338
0.7812676429748535 -337
0.7848231792449951 -338
0.7887001037597656 -338
0.7933037281036377 -339
0.7968509197235107 -337
0.8027172088623047 -340
0.8062541484832764 -338
0.8100216388702393 -339
0.8164231777191162 -340
0.820587158203125 -343
0.8248682022094727 -341
0.8286247253417969 -339
0.8332035541534424 -342
0.8387823104858398 -339
0.8434116840362549 -338
0.8471434116363525 -339
0.8514370918273926 -336
0.8552384376525879 -338
0.8618526458740234 -340
0.8654685020446777 -336
0.8692100048065186 -339
0.8739056587219238 -341
0.8774905204772949 -339
0.8836495876312256 -337
0.8873007297515869 -345
0.8916099071502686 -340
0.8975231647491455 -340
0.9020249843597412 -339
0.905616044998169 -344
0.9093544483184814 -339
0.9140348434448242 -339
0.9196984767913818 -338
0.9241852760314941 -340
0.9278707504272461 -337
0.9322524070739746 -337
0.9380819797515869 -339
0.9425754547119141 -340
0.9461326599121094 -339
0.9498932361602783 -339
0.9544095993041992 -341
0.9600718021392822 -342
0.964545726776123 -341
0.9683103561401367 -341
0.9726047515869141 -340
0.976154088973999 -341
0.9821715354919434 -340
0.9857287406921387 -339
0.9894821643829346 -337
0.9958577156066895 -336
0.9996933937072754 -335
