0 0 
0.0039844512939453125 0
0.008440256118774414 0
0.011958122253417969 -2
0.015671491622924805 -2
0.022156953811645508 -7
0.026003122329711914 -13
0.030684947967529297 -20
0.03444409370422363 -151
0.03895759582519531 -186
0.04381895065307617 -211
0.05006861686706543 -268
0.05367231369018555 -277
0.05955386161804199 -330
0.06336522102355957 -393
0.07227969169616699 -385
0.07851219177246094 -432
0.08216166496276855 -446
0.08593368530273438 -473
0.09181594848632812 -487
0.09559059143066406 -493
0.10009503364562988 -515
0.10576128959655762 -534
0.11045718193054199 -543
0.1142270565032959 -554
0.11870980262756348 -566
0.12236404418945312 -580
0.12897706031799316 -590
0.13253450393676758 -595
0.13628697395324707 -606
0.14079689979553223 -612
0.1445615291595459 -620
0.15042757987976074 -621
0.15419793128967285 -628
0.15853261947631836 -639
0.16436505317687988 -646
0.16877961158752441 -651
0.17232561111450195 -655
0.17609381675720215 -661
0.18236303329467773 -660
0.18684911727905273 -664
0.19096612930297852 -666
0.19764494895935059 -672
0.2016150951385498 -676
0.20511484146118164 -682
0.20981955528259277 -685
0.21347641944885254 -684
0.21939635276794434 -687
0.22295570373535156 -687
0.2274184226989746 -691
0.2333369255065918 -695
0.23762106895446777 -699
0.24161601066589355 -699
0.2453620433807373 -701
0.2498455047607422 -700
0.2555842399597168 -702
0.26009654998779297 -699
0.2636725902557373 -703
0.26817774772644043 -702
0.2718186378479004 -707
0.2784712314605713 -710
0.28206825256347656 -708
0.2858400344848633 -709
0.29033517837524414 -711
0.2939934730529785 -708
0.3001058101654053 -710
0.30369019508361816 -715
0.3082249164581299 -716
0.31398963928222656 -716
0.31839895248413086 -718
0.32198071479797363 -716
0.3257598876953125 -714
0.3304321765899658 -713
0.3362143039703369 -715
0.3407323360443115 -716
0.3444828987121582 -719
0.3487832546234131 -717
0.3546018600463867 -716
0.3590998649597168 -715
0.3627908229827881 -716
0.3668246269226074 -718
0.3709225654602051 -719
0.377483606338501 -724
0.38102030754089355 -719
0.3847846984863281 -720
0.3893907070159912 -719
0.3928647041320801 -718
0.39878368377685547 -716
0.4023435115814209 -719
0.40617847442626953 -721
0.41251659393310547 -722
0.41631340980529785 -721
0.42095422744750977 -720
0.4247419834136963 -716
0.42906904220581055 -718
0.43489813804626465 -718
0.4394712448120117 -721
0.4429945945739746 -723
0.44748663902282715 -726
0.45104408264160156 -724
0.4576563835144043 -722
0.4616739749908447 -720
0.470461368560791 -721
0.4742462635040283 -725
0.4801950454711914 -721
0.4838128089904785 -722
0.48847389221191406 -722
0.4943864345550537 -719
0.4988830089569092 -722
0.502436637878418 -720
0.5061535835266113 -722
0.5106680393218994 -721
0.516308069229126 -722
0.5208272933959961 -720
0.5245814323425293 -720
0.5289227962493896 -722
0.532480001449585 -724
0.53952956199646 -726
0.5430305004119873 -723
0.5475168228149414 -729
0.5510799884796143 -720
0.5548779964447021 -718
0.5607240200042725 -718
0.564476728439331 -721
0.5687940120697021 -722
0.574648380279541 -723
0.5789456367492676 -727
0.5825796127319336 -724
0.5882439613342285 -721
0.5940229892730713 -722
0.5986216068267822 -720
0.6022419929504395 -717
0.6060409545898438 -724
0.6105372905731201 -723
0.6161983013153076 -721
0.620701789855957 -722
0.624455451965332 -718
0.6287598609924316 -717
0.6323232650756836 -719
0.6383762359619141 -723
0.6419515609741211 -723
0.645719051361084 -722
0.6521105766296387 -721
0.6559133529663086 -720
0.6605391502380371 -717
0.6643228530883789 -723
0.6686191558837891 -722
0.674475908279419 -725
0.6788115501403809 -726
0.6824896335601807 -724
0.6862859725952148 -718
0.6907613277435303 -720
0.6967673301696777 -718
0.7008862495422363 -718
0.7046585083007812 -723
0.7089602947235107 -726
0.7125256061553955 -722
0.7195987701416016 -721
0.723360538482666 -722
0.7276444435119629 -719
0.7314436435699463 -720
0.7349889278411865 -722
0.7408533096313477 -723
0.7446448802947998 -723
0.7489566802978516 -720
0.754828691482544 -722
0.7593870162963867 -719
0.7628505229949951 -720
0.7668719291687012 -719
0.7710099220275879 -722
0.7776188850402832 -725
0.7815790176391602 -722
0.785071849822998 -721
0.7897467613220215 -720
0.7955629825592041 -720
0.8001279830932617 -721
0.8037335872650146 -724
0.808229923248291 -723
0.811840295791626 -724
0.8176333904266357 -722
0.8214528560638428 -718
0.8249688148498535 -717
0.8316655158996582 -721
0.835458517074585 -720
0.8401274681091309 -724
0.8437047004699707 -725
0.8483767509460449 -725
0.8525660037994385 -722
0.8563313484191895 -721
0.8608529567718506 -718
0.8645951747894287 -722
0.8722913265228271 -727
0.8760695457458496 -724
0.8806881904602051 -722
0.8855335712432861 -723
0.8902111053466797 -721
0.8937942981719971 -723
0.8985633850097656 -722
0.9021480083465576 -721
0.9059131145477295 -726
0.9103848934173584 -727
0.9140956401824951 -722
0.9186186790466309 -723
0.922210693359375 -723
0.925945520401001 -723
0.9303929805755615 -718
0.9349477291107178 -723
0.9395534992218018 -724
0.9431023597717285 -724
0.9476091861724854 -724
0.951408863067627 -723
0.9549160003662109 -720
0.9597389698028564 -721
0.9634318351745605 -720
0.9677348136901855 -723
0.9715976715087891 -724
0.9753613471984863 -725
0.9800384044647217 -725
0.9845335483551025 -721
0.988886833190918 -719
0.9924242496490479 -721
0.9961917400360107 -720
