0 0 
0.0022199153900146484 0
0.005984067916870117 0
0.01064443588256836 0
0.014340400695800781 0
0.01863718032836914 0
0.023131370544433594 0
0.030051708221435547 0
0.03358268737792969 -3
0.038121700286865234 -3
0.04170727729797363 -3
0.04539918899536133 -7
0.05174612998962402 -17
0.05553793907165527 -17
0.06003093719482422 -44
0.06358075141906738 -44
0.06786179542541504 -44
0.07464766502380371 -48
0.0790109634399414 -58
0.08253002166748047 -63
0.08628177642822266 -63
0.09090423583984375 -66
0.0969080924987793 -66
0.10097956657409668 -73
0.10471534729003906 -75
0.10899877548217773 -77
0.11262941360473633 -80
0.12210655212402344 -80
0.12587642669677734 -81
0.1305980682373047 -83
0.13617753982543945 -85
0.14078927040100098 -85
0.14451050758361816 -85
0.14896464347839355 -87
0.15253472328186035 -89
0.159102201461792 -89
0.16269874572753906 -89
0.1668074131011963 -92
0.17089200019836426 -92
0.17464661598205566 -93
0.1805112361907959 -93
0.18425416946411133 -93
0.19013166427612305 -95
0.1937391757965088 -94
0.1982266902923584 -94
0.20383453369140625 -96
0.20836782455444336 -96
0.21199536323547363 -96
0.21573758125305176 -97
0.22041559219360352 -97
0.22604966163635254 -96
0.23053240776062012 -94
0.23426175117492676 -95
0.23862481117248535 -95
0.24219751358032227 -95
0.24837422370910645 -97
0.25194263458251953 -96
0.2556922435760498 -95
0.26194238662719727 -95
0.26577067375183105 -95
0.27028775215148926 -95
0.2738659381866455 -96
0.2783622741699219 -96
0.28410768508911133 -95
0.28847694396972656 -95
0.2920646667480469 -95
0.2958354949951172 -95
0.30029916763305664 -95
0.3059530258178711 -95
0.3105494976043701 -95
0.3142740726470947 -96
0.3186004161834717 -96
0.32211995124816895 -96
0.3287973403930664 -97
0.3323342800140381 -97
0.33603858947753906 -95
0.3405146598815918 -95
0.34424781799316406 -94
0.3502802848815918 -94
0.3538691997528076 -94
0.35836195945739746 -95
0.3641049861907959 -95
0.3686509132385254 -95
0.3722190856933594 -95
0.3759493827819824 -94
0.38230133056640625 -94
0.38610267639160156 -94
0.3905670642852783 -95
0.3942837715148926 -95
0.39867329597473145 -94
0.4044981002807617 -96
0.4087965488433838 -96
0.4123268127441406 -95
0.41608667373657227 -95
0.4205472469329834 -95
0.4261946678161621 -96
0.4308195114135742 -97
0.4345588684082031 -97
0.4388418197631836 -96
0.44240736961364746 -97
0.44845104217529297 -95
0.4520149230957031 -95
0.4557948112487793 -95
0.46213817596435547 -97
0.46589183807373047 -97
0.4703834056854248 -97
0.4740140438079834 -97
0.478670597076416 -99
0.484499454498291 -98
0.4889640808105469 -99
0.4924662113189697 -98
0.49617505073547363 -99
0.5061581134796143 -98
0.5125148296356201 -99
0.5162913799285889 -96
0.5245077610015869 -96
0.5289609432220459 -94
0.5343010425567627 -94
0.5462048053741455 -95
0.5509860515594482 -96
0.5575408935546875 -96
0.5611076354980469 -96
0.5648548603057861 -97
0.5697886943817139 -94
0.574298620223999 -95
0.5805270671844482 -95
0.5842514038085938 -95
0.5886647701263428 -96
0.5944778919219971 -96
0.5987794399261475 -96
0.6023056507110596 -96
0.606072187423706 -95
0.6107428073883057 -95
0.6163613796234131 -94
0.6208434104919434 -94
0.6245672702789307 -94
0.6288375854492188 -93
0.6323990821838379 -94
0.6389350891113281 -96
0.642465353012085 -96
0.6461691856384277 -95
0.6506447792053223 -95
0.6543858051300049 -95
0.6602897644042969 -95
0.6638538837432861 -95
0.6698293685913086 -96
0.6735069751739502 -95
0.6777675151824951 -96
0.6835668087005615 -96
0.6881818771362305 -96
0.6918072700500488 -96
0.6955254077911377 -97
0.7000207901000977 -95
0.7056124210357666 -96
0.7101719379425049 -96
0.7137115001678467 -98
0.7182128429412842 -97
0.7218101024627686 -99
0.7285573482513428 -98
0.7321109771728516 -98
0.7358527183532715 -97
0.7404830455780029 -97
0.7442371845245361 -97
0.7501091957092285 -98
0.7536723613739014 -98
0.7581396102905273 -99
0.7637791633605957 -98
0.7682538032531738 -98
0.7718462944030762 -97
0.77614426612854 -95
0.7806565761566162 -96
0.7862904071807861 -96
0.790891170501709 -95
0.7946162223815918 -96
0.7990226745605469 -95
0.8025500774383545 -94
0.8091425895690918 -94
0.8126723766326904 -95
0.8164167404174805 -95
0.820873498916626 -96
0.8246212005615234 -96
0.8304891586303711 -96
0.8342568874359131 -95
0.8385653495788574 -94
0.8443708419799805 -95
0.8488016128540039 -95
0.8523259162902832 -95
0.856043815612793 -97
0.8605256080627441 -96
0.8661484718322754 -95
0.8707823753356934 -95
0.8745036125183105 -96
0.8787961006164551 -95
0.882310152053833 -95
0.8888645172119141 -95
0.8924257755279541 -95
0.8961796760559082 -95
0.9006388187408447 -95
0.9062612056732178 -95
0.9109101295471191 -95
0.9146275520324707 -95
0.9189178943634033 -95
0.9269218444824219 -95
0.9335145950317383 -95
0.9377825260162354 -96
0.9417343139648438 -96
0.945457935333252 -96
0.950096845626831 -98
0.9536616802215576 -98
0.9581053256988525 -97
0.9617023468017578 -97
0.965411901473999 -98
0.9700675010681152 -96
0.9736330509185791 -96
0.9781029224395752 -98
0.982351541519165 -99
0.9861347675323486 -98
0.9906401634216309 -97
0.9943790435791016 -97
0.9988090991973877 -97
