0 0 
0.005246639251708984 0
0.008754730224609375 -2
0.013636350631713867 -2
0.019231081008911133 -6
0.024150609970092773 -14
0.029846668243408203 -32
0.03447461128234863 -65
0.04144287109375 -99
0.047301530838012695 -51
0.05404829978942871 -131
0.059721946716308594 -142
0.06458234786987305 -170
0.07113432884216309 -187
0.07722210884094238 -196
0.0820775032043457 -196
0.08782625198364258 -209
0.09230542182922363 -226
0.09816956520080566 -237
0.10403060913085938 -240
0.1076805591583252 -250
0.11365842819213867 -259
0.11931395530700684 -264
0.12417221069335938 -271
0.1336674690246582 -273
0.1372542381286621 -273
0.14528393745422363 -279
0.15212059020996094 -281
0.15571045875549316 -279
0.1599724292755127 -284
0.16447734832763672 -286
0.17051315307617188 -288
0.1746046543121338 -289
0.17835617065429688 -295
0.18657517433166504 -296
0.1905684471130371 -297
0.19682049751281738 -298
0.20345258712768555 -299
0.20712780952453613 -300
0.21140670776367188 -301
0.2152106761932373 -302
0.2221825122833252 -301
0.22576284408569336 -304
0.22954726219177246 -302
0.23403620719909668 -301
0.23768877983093262 -301
0.24383115768432617 -300
0.2474961280822754 -305
0.25199222564697266 -306
0.2613832950592041 -305
0.26532506942749023 -307
0.2688279151916504 -310
0.2740027904510498 -307
0.2796354293823242 -310
0.28440332412719727 -310
0.2881317138671875 -310
0.2924513816833496 -307
0.2959907054901123 -309
0.30270886421203613 -306
0.30631232261657715 -307
0.31004929542541504 -307
0.31456518173217773 -306
0.3183326721191406 -306
0.32421302795410156 -307
0.327944278717041 -309
0.33226585388183594 -306
0.33808398246765137 -308
0.3424553871154785 -310
0.34600329399108887 -310
0.3497500419616699 -310
0.35422372817993164 -310
0.35987281799316406 -312
0.36452603340148926 -312
0.36838340759277344 -310
0.3726930618286133 -311
0.37625598907470703 -310
0.383073091506958 -310
0.38637733459472656 -308
0.3905179500579834 -309
0.3946080207824707 -308
0.40117955207824707 -309
0.40474605560302734 -310
0.4084765911102295 -309
0.41321253776550293 -309
0.4167492389678955 -309
0.422776460647583 -313
0.42633628845214844 -312
0.4360768795013428 -314
0.4421377182006836 -312
0.4479219913482666 -308
0.4522585868835449 -311
0.45809340476989746 -308
0.4624614715576172 -308
0.4681079387664795 -309
0.4724397659301758 -311
0.4759988784790039 -309
0.4827463626861572 -310
0.48631739616394043 -310
0.49222660064697266 -311
0.4958045482635498 -310
0.4995574951171875 -310
0.5060358047485352 -313
0.5126290321350098 -313
0.516165018081665 -312
0.5198993682861328 -311
0.5243916511535645 -311
0.5298871994018555 -310
0.5346622467041016 -309
0.5412709712982178 -310
0.5452709197998047 -307
0.5487806797027588 -310
0.5553829669952393 -311
0.5605719089508057 -309
0.564751148223877 -308
0.5685098171234131 -313
0.5737659931182861 -312
0.5792930126190186 -310
0.5840494632720947 -314
0.5896859169006348 -314
0.594182014465332 -312
0.5979912281036377 -310
0.6026206016540527 -312
0.608281135559082 -310
0.6141033172607422 -310
0.6177971363067627 -309
0.6221878528594971 -308
0.628040075302124 -308
0.6327855587005615 -309
0.6363496780395508 -308
0.6404705047607422 -309
0.6445808410644531 -311
0.6506016254425049 -312
0.6584670543670654 -311
0.6633305549621582 -314
0.6670467853546143 -315
0.6731994152069092 -310
0.6767175197601318 -313
0.6811971664428711 -314
0.6872868537902832 -311
0.6917586326599121 -308
0.6953778266906738 -311
0.6991395950317383 -310
0.7035720348358154 -308
0.7092716693878174 -308
0.7138011455535889 -309
0.7173759937286377 -309
0.7220590114593506 -309
0.7256286144256592 -310
0.7321863174438477 -310
0.7358522415161133 -311
0.7396335601806641 -313
0.7441456317901611 -315
0.7479159832000732 -313
0.7537970542907715 -314
0.7573745250701904 -315
0.7618861198425293 -311
0.7676947116851807 -309
0.7721288204193115 -309
0.7757053375244141 -308
0.7794704437255859 -309
0.7841532230377197 -308
0.7898321151733398 -307
0.7943329811096191 -309
0.7980928421020508 -310
0.80265212059021 -309
0.8084549903869629 -310
0.8127570152282715 -311
0.816295862197876 -313
0.8200280666351318 -311
0.8245127201080322 -313
0.8353242874145508 -313
0.8390655517578125 -312
0.8437559604644775 -313
0.8492810726165771 -309
0.8538818359375 -308
0.859593391418457 -308
0.864138126373291 -309
0.8678150177001953 -310
0.8815314769744873 -310
0.8855009078979492 -311
0.8938870429992676 -312
0.9020724296569824 -312
0.9078078269958496 -312
0.9142718315124512 -310
0.9199609756469727 -310
0.9244499206542969 -311
0.9299502372741699 -309
0.9367377758026123 -309
0.9412126541137695 -309
0.9473237991333008 -309
0.9520585536956787 -309
0.9576408863067627 -310
0.9639589786529541 -312
0.9676496982574463 -312
0.9738318920135498 -313
0.9794871807098389 -314
0.9842064380645752 -310
0.9926257133483887 -309
0.9961903095245361 -310
0.9999494552612305 -309
