0 0 
0.002840280532836914 0
0.007660627365112305 0
0.012305021286010742 -2
0.015933752059936523 -8
0.020580530166625977 -19
0.026220083236694336 -65
0.03079390525817871 -22
0.034386396408081055 -100
0.0382533073425293 -185
0.04276251792907715 -209
0.04843568801879883 -275
0.053165435791015625 -303
0.0619206428527832 -344
0.0653998851776123 -370
0.07029843330383301 -388
0.07538270950317383 -411
0.08000826835632324 -433
0.08536171913146973 -457
0.09070825576782227 -474
0.09637641906738281 -489
0.10088324546813965 -499
0.10446500778198242 -505
0.10823321342468262 -524
0.11290717124938965 -538
0.11857986450195312 -553
0.1231691837310791 -563
0.12697529792785645 -573
0.13147234916687012 -579
0.1350269317626953 -590
0.14163565635681152 -591
0.1453557014465332 -597
0.14937090873718262 -604
0.15349674224853516 -606
0.15726804733276367 -616
0.1633005142211914 -623
0.16712427139282227 -628
0.1716139316558838 -633
0.17747735977172852 -635
0.1820533275604248 -637
0.18556904792785645 -640
0.19004225730895996 -644
0.19360756874084473 -652
0.20026302337646484 -651
0.20407509803771973 -656
0.2076091766357422 -657
0.21228551864624023 -657
0.2180476188659668 -659
0.222609281539917 -662
0.22618722915649414 -661
0.2308504581451416 -668
0.23445606231689453 -671
0.24028730392456055 -672
0.2441115379333496 -672
0.24762868881225586 -672
0.2542123794555664 -675
0.25798559188842773 -671
0.26267576217651367 -674
0.2662625312805176 -677
0.27078843116760254 -685
0.2765927314758301 -682
0.2810027599334717 -680
0.28467822074890137 -683
0.28847789764404297 -677
0.29306817054748535 -680
0.29871344566345215 -682
0.3031737804412842 -685
0.30695152282714844 -689
0.31131958961486816 -690
0.3148660659790039 -687
0.32146787643432617 -686
0.32502317428588867 -680
0.3288002014160156 -685
0.33333396911621094 -683
0.3371121883392334 -689
0.3429896831512451 -694
0.3468034267425537 -694
0.3520169258117676 -690
0.35554957389831543 -688
0.3614203929901123 -686
0.3650059700012207 -684
0.3687620162963867 -689
0.37515759468078613 -689
0.37935400009155273 -693
0.38344860076904297 -691
0.38721489906311035 -692
0.3916738033294678 -688
0.3974771499633789 -690
0.40210485458374023 -691
0.40595149993896484 -691
0.41024065017700195 -693
0.4142158031463623 -695
0.42078518867492676 -695
0.4243900775909424 -690
0.4281489849090576 -690
0.4326670169830322 -691
0.4362630844116211 -688
0.44217920303344727 -695
0.4458932876586914 -695
0.450164794921875 -695
0.4560701847076416 -691
0.4647691249847412 -694
0.46858644485473633 -692
0.47335147857666016 -697
0.47943639755249023 -696
0.4839754104614258 -695
0.48749232292175293 -696
0.4925220012664795 -695
0.49610233306884766 -692
0.5019619464874268 -690
0.5054285526275635 -692
0.5094335079193115 -694
0.5156638622283936 -697
0.5202426910400391 -696
0.5242094993591309 -696
0.527965784072876 -694
0.5326461791992188 -693
0.5383167266845703 -692
0.5428276062011719 -695
0.5465404987335205 -698
0.5509519577026367 -696
0.5545432567596436 -696
0.5611662864685059 -693
0.5647673606872559 -693
0.5685317516326904 -693
0.5730185508728027 -693
0.5768048763275146 -695
0.5828993320465088 -697
0.586559534072876 -696
0.5911335945129395 -696
0.5970098972320557 -692
0.6013278961181641 -692
0.6049020290374756 -688
0.6086812019348145 -692
0.6131997108459473 -695
0.6188511848449707 -693
0.6233396530151367 -698
0.627089262008667 -694
0.63136887550354 -697
0.634941577911377 -690
0.6415112018585205 -691
0.6450595855712891 -694
0.6488118171691895 -694
0.6535046100616455 -695
0.6572654247283936 -695
0.6631810665130615 -693
0.666968584060669 -693
0.6712925434112549 -690
0.677135705947876 -692
0.6815481185913086 -694
0.6851129531860352 -695
0.6888682842254639 -694
0.6934118270874023 -695
0.6999897956848145 -694
0.7035777568817139 -691
0.7073681354522705 -690
0.7121310234069824 -694
0.7179205417633057 -694
0.7224841117858887 -696
0.7260782718658447 -698
0.7303853034973145 -696
0.7342171669006348 -691
0.7408106327056885 -694
0.7444021701812744 -692
0.7481639385223389 -695
0.7527263164520264 -692
0.7563192844390869 -697
0.7623333930969238 -699
0.7660276889801025 -693
0.7703444957733154 -695
0.7764935493469238 -693
0.7811150550842285 -690
0.7846760749816895 -694
0.7884552478790283 -694
0.793065071105957 -699
0.7986810207366943 -694
0.8031752109527588 -695
0.8069465160369873 -694
0.8112993240356445 -692
0.8148584365844727 -692
0.8214054107666016 -693
0.8249671459197998 -696
0.8287296295166016 -698
0.833380937576294 -695
0.8371577262878418 -693
0.8430511951446533 -695
0.8467931747436523 -691
0.8511290550231934 -693
0.8569939136505127 -696
0.8650634288787842 -696
0.868859052658081 -693
0.873490571975708 -695
0.8784048557281494 -691
0.8830645084381104 -691
0.8867988586425781 -692
0.8914525508880615 -694
0.8950328826904297 -699
0.8988165855407715 -697
0.9032719135284424 -695
0.9070100784301758 -694
0.9114716053009033 -691
0.9150083065032959 -694
0.9188728332519531 -691
0.9233920574188232 -696
0.9281783103942871 -692
0.9326999187469482 -698
0.936255931854248 -696
0.9407284259796143 -695
0.9443323612213135 -692
0.9480795860290527 -693
0.9527900218963623 -693
0.9563789367675781 -696
0.9614541530609131 -696
0.9650163650512695 -695
0.9688022136688232 -697
0.9733083248138428 -697
0.9770636558532715 -695
0.9826419353485107 -692
0.9862346649169922 -694
0.9907352924346924 -692
0.994337797164917 -693
0.998070478439331 -693
