0 0 
0.00333404541015625 0
0.008999109268188477 2
0.012614250183105469 2
0.01632976531982422 6
0.02085113525390625 6
0.02444624900817871 38
0.028800487518310547 19
0.03449106216430664 192
0.03894305229187012 192
0.042505502700805664 190
0.04626607894897461 268
0.05076122283935547 296
0.05733823776245117 360
0.06737232208251953 385
0.07396888732910156 399
0.07827138900756836 421
0.0843348503112793 447
0.08893966674804688 450
0.09254980087280273 464
0.09630680084228516 486
0.10079646110534668 499
0.10645604133605957 510
0.11094141006469727 518
0.11461019515991211 536
0.11896920204162598 545
0.12262201309204102 558
0.1294100284576416 565
0.13295555114746094 566
0.1367490291595459 573
0.141218900680542 579
0.14492297172546387 589
0.1507863998413086 589
0.1543283462524414 597
0.15880250930786133 607
0.16460394859313965 613
0.16907739639282227 614
0.1726529598236084 618
0.1763918399810791 617
0.18084383010864258 631
0.19123530387878418 633
0.19500279426574707 638
0.19945240020751953 641
0.2029895782470703 640
0.209273099899292 642
0.21282410621643066 647
0.21657729148864746 647
0.2232983112335205 647
0.2273106575012207 656
0.23137784004211426 653
0.23514199256896973 656
0.23944616317749023 659
0.24524283409118652 659
0.2500185966491699 654
0.25351810455322266 661
0.2579634189605713 664
0.2614932060241699 664
0.26811933517456055 665
0.27193522453308105 669
0.2755293846130371 670
0.28024864196777344 666
0.28391456604003906 665
0.2895169258117676 665
0.2930595874786377 667
0.2967965602874756 668
0.3031320571899414 670
0.3073253631591797 673
0.31156396865844727 673
0.3153266906738281 670
0.31989359855651855 673
0.3254697322845459 672
0.3300967216491699 672
0.3335905075073242 674
0.33818554878234863 677
0.34421300888061523 678
0.34873127937316895 678
0.35234522819519043 675
0.3561246395111084 673
0.36060023307800293 676
0.36624646186828613 674
0.37093186378479004 677
0.3747260570526123 678
0.37905359268188477 680
0.3825950622558594 681
0.38860225677490234 677
0.39220547676086426 677
0.395998477935791 677
0.4023871421813965 676
0.40616726875305176 680
0.4108119010925293 675
0.414470911026001 680
0.418898344039917 678
0.4245891571044922 677
0.42915987968444824 674
0.4327564239501953 679
0.436521053314209 678
0.4409787654876709 682
0.44660019874572754 683
0.45113492012023926 681
0.45490407943725586 681
0.4592301845550537 683
0.4627697467803955 678
0.4694845676422119 680
0.4730229377746582 681
0.47677183151245117 678
0.4812498092651367 681
0.48497962951660156 684
0.49114441871643066 682
0.4949219226837158 676
0.49922776222229004 678
0.5050430297851562 677
0.5093474388122559 678
0.512894868850708 680
0.5166435241699219 681
0.5211067199707031 684
0.5267212390899658 681
0.5311927795410156 679
0.5349199771881104 676
0.5392534732818604 675
0.5427958965301514 679
0.5494921207427979 683
0.5530238151550293 686
0.5567643642425537 683
0.5612328052520752 683
0.5649721622467041 677
0.570824384689331 678
0.5744781494140625 677
0.57893967628479 683
0.5847620964050293 682
0.5926713943481445 685
0.5964386463165283 680
0.6011500358581543 677
0.6067769527435303 678
0.6115207672119141 676
0.6152782440185547 678
0.6199631690979004 684
0.6234800815582275 685
0.6293175220489502 685
0.6328980922698975 679
0.636629581451416 678
0.6429798603057861 679
0.6467502117156982 679
0.6512045860290527 681
0.6549675464630127 681
0.6592426300048828 683
0.6650147438049316 683
0.6694662570953369 683
0.6730184555053711 680
0.6767573356628418 679
0.6813404560089111 678
0.6873481273651123 679
0.6914541721343994 683
0.6951916217803955 685
0.6994614601135254 680
0.7029917240142822 682
0.7090482711791992 680
0.7126398086547852 678
0.7163629531860352 679
0.72261643409729 679
0.7263791561126709 680
0.7310605049133301 683
0.7347986698150635 685
0.7391109466552734 681
0.7449319362640381 678
0.7492513656616211 680
0.7527804374694824 676
0.7565186023712158 680
0.760995626449585 685
0.7666091918945312 685
0.7711181640625 687
0.7748641967773438 683
0.7791378498077393 677
0.7849283218383789 681
0.7894186973571777 682
0.7930591106414795 680
0.7967917919158936 681
0.8012862205505371 683
0.8073086738586426 683
0.8113899230957031 682
0.8151378631591797 678
0.8194403648376465 676
0.8229520320892334 680
0.8289618492126465 681
0.8325450420379639 681
0.8363008499145508 687
0.8426284790039062 681
0.8464200496673584 680
0.851006269454956 683
0.854731559753418 681
0.8592319488525391 682
0.8649954795837402 683
0.8692967891693115 679
0.8728406429290771 683
0.8765971660614014 684
0.8810710906982422 682
0.8866815567016602 680
0.891165018081665 678
0.8948955535888672 676
0.8992049694061279 680
0.9027671813964844 684
0.909496545791626 681
0.9130418300628662 681
0.917255163192749 680
0.921356201171875 680
0.9250867366790771 680
0.9309842586517334 681
0.9346926212310791 679
0.9390051364898682 684
0.9448285102844238 683
0.9491045475006104 681
0.9526913166046143 681
0.956416130065918 682
0.9608731269836426 680
0.9665038585662842 678
0.9711568355560303 683
0.9749255180358887 683
0.979233980178833 685
0.9827706813812256 682
0.9931185245513916 682
0.9972679615020752 679
