0 0 
0.0024056434631347656 0
0.008093833923339844 0
0.014001607894897461 3
0.01751875877380371 8
0.021325111389160156 96
0.0294191837310791 127
0.03678321838378906 160
0.040457725524902344 151
0.044916391372680664 231
0.052072763442993164 259
0.05663108825683594 298
0.06331491470336914 306
0.06745624542236328 325
0.07119941711425781 348
0.07706999778747559 360
0.08084917068481445 379
0.0852198600769043 399
0.09105825424194336 401
0.09579038619995117 415
0.09923887252807617 430
0.10323429107666016 441
0.10736083984375 453
0.11390876770019531 462
0.11788487434387207 469
0.12141036987304688 471
0.12621641159057617 476
0.13194656372070312 487
0.13648581504821777 495
0.14008140563964844 496
0.14457035064697266 505
0.14815640449523926 508
0.15399646759033203 517
0.15798425674438477 521
0.16150879859924316 522
0.16816234588623047 528
0.17206668853759766 530
0.17656445503234863 531
0.18014001846313477 537
0.18467426300048828 538
0.1904163360595703 542
0.19483661651611328 544
0.19843387603759766 551
0.20220017433166504 556
0.20668530464172363 555
0.21234631538391113 555
0.21701455116271973 554
0.22086095809936523 555
0.22519826889038086 554
0.22875523567199707 560
0.2348167896270752 565
0.23836779594421387 562
0.24216151237487793 568
0.24728965759277344 565
0.25107264518737793 566
0.2569425106048584 567
0.26067566871643066 566
0.2650282382965088 569
0.27088212966918945 569
0.2754085063934326 571
0.2789642810821533 572
0.28270435333251953 574
0.28716254234313965 573
0.29280877113342285 570
0.29730772972106934 573
0.30108094215393066 571
0.30538010597229004 571
0.3089287281036377 573
0.3155241012573242 575
0.31923747062683105 576
0.3267199993133545 577
0.3312344551086426 579
0.33713555335998535 576
0.3409998416900635 577
0.3454563617706299 575
0.3513197898864746 578
0.3560647964477539 577
0.3598344326019287 579
0.36412906646728516 583
0.3699610233306885 584
0.37466907501220703 581
0.37830233573913574 580
0.38211727142333984 575
0.38663411140441895 578
0.3923201560974121 575
0.3970470428466797 579
0.4008297920227051 580
0.4051520824432373 585
0.40871620178222656 584
0.41486310958862305 583
0.4184906482696533 579
0.4223191738128662 576
0.42864346504211426 577
0.4324474334716797 580
0.4369337558746338 580
0.4407036304473877 584
0.44501185417175293 582
0.45084404945373535 586
0.45534729957580566 582
0.4588963985443115 582
0.46419739723205566 579
0.4680163860321045 579
0.4746122360229492 578
0.4782218933105469 578
0.48195481300354004 579
0.48644566535949707 580
0.49002814292907715 587
0.4959595203399658 583
0.4995236396789551 587
0.5048270225524902 583
0.5084781646728516 579
0.5146911144256592 575
0.5182883739471436 580
0.5220522880554199 580
0.5283973217010498 583
0.5321893692016602 585
0.5366826057434082 585
0.5402617454528809 585
0.5447466373443604 581
0.550443172454834 580
0.5548524856567383 578
0.5584468841552734 579
0.5622193813323975 583
0.5667040348052979 584
0.5723361968994141 582
0.576984167098999 584
0.5807027816772461 584
0.5851132869720459 581
0.5886750221252441 579
0.5947725772857666 583
0.5983452796936035 579
0.6021101474761963 581
0.6084697246551514 583
0.6122355461120605 582
0.6167311668395996 583
0.620377779006958 584
0.6247897148132324 580
0.6305150985717773 578
0.6350913047790527 581
0.638674259185791 577
0.6424453258514404 579
0.6469395160675049 584
0.6525499820709229 583
0.6570413112640381 584
0.6608104705810547 583
0.6650736331939697 585
0.6686360836029053 581
0.6752171516418457 579
0.6787722110748291 579
0.6826229095458984 582
0.687089204788208 579
0.6908421516418457 584
0.6968855857849121 585
0.7006328105926514 583
0.7049911022186279 583
0.7107968330383301 583
0.7150733470916748 580
0.7186508178710938 580
0.7224018573760986 582
0.7325866222381592 582
0.7372241020202637 583
0.7409734725952148 584
0.7454125881195068 583
0.7489633560180664 581
0.7552440166473389 581
0.7588388919830322 581
0.7625837326049805 580
0.7690532207489014 582
0.7728188037872314 585
0.7772765159606934 583
0.7810053825378418 584
0.7853105068206787 585
0.7911064624786377 582
0.7954001426696777 579
0.7990763187408447 578
0.8032016754150391 582
0.8073110580444336 579
0.8138527870178223 582
0.8178832530975342 583
0.8214099407196045 583
0.8260383605957031 585
0.829552173614502 580
0.8353838920593262 578
0.8389203548431396 581
0.8426742553710938 580
0.8489115238189697 579
0.852684497833252 582
0.8571341037750244 582
0.8608565330505371 585
0.8651707172393799 584
0.8709697723388672 584
0.8754463195800781 581
0.8789925575256348 580
0.8827459812164307 579
0.8872196674346924 582
0.8932170867919922 580
0.8974931240081787 584
0.9012308120727539 587
0.9058399200439453 584
0.9113743305206299 579
0.9160051345825195 581
0.9195210933685303 581
0.9241251945495605 578
0.9279406070709229 580
0.9346907138824463 581
0.938267707824707 582
0.9420299530029297 584
0.9465188980102539 585
0.9501032829284668 584
0.9559707641601562 584
0.9595088958740234 579
0.9640517234802246 579
0.9699409008026123 579
0.9742505550384521 580
0.9780690670013428 582
0.9818282127380371 582
0.9862456321716309 584
0.9919829368591309 584
0.9966366291046143 581
