0 0 
0.002428293228149414 0
0.008983612060546875 0
0.01268625259399414 0
0.01708531379699707 3
0.020859479904174805 3
0.02515697479248047 7
0.030849695205688477 18
0.0381007194519043 55
0.041899681091308594 55
0.04638099670410156 70
0.05320334434509277 93
0.0572657585144043 71
0.06097149848937988 71
0.06550860404968262 99
0.06903886795043945 112
0.07587218284606934 112
0.07943129539489746 121
0.0838618278503418 133
0.09077906608581543 138
0.0950627326965332 142
0.10082221031188965 145
0.10515236854553223 148
0.10869598388671875 152
0.11247372627258301 154
0.11882281303405762 157
0.12269926071166992 159
0.12740707397460938 159
0.13115429878234863 164
0.13547754287719727 165
0.14130711555480957 166
0.1459188461303711 171
0.149428129196167 173
0.1552438735961914 174
0.15880727767944336 174
0.16259050369262695 176
0.16853785514831543 175
0.1723182201385498 175
0.1818222999572754 179
0.18666315078735352 180
0.1903703212738037 180
0.19693684577941895 182
0.20074820518493652 182
0.20517301559448242 181
0.21094703674316406 180
0.21526026725769043 180
0.2188246250152588 182
0.2226543426513672 180
0.22711443901062012 182
0.23274970054626465 181
0.23724889755249023 181
0.24250197410583496 181
0.2471637725830078 182
0.25089359283447266 181
0.2567713260650635 182
0.2603933811187744 183
0.26478052139282227 183
0.27051472663879395 182
0.27492403984069824 186
0.2785511016845703 186
0.2823066711425781 184
0.28679704666137695 185
0.29247426986694336 186
0.2971043586730957 183
0.30083751678466797 185
0.305311918258667 187
0.30883288383483887 187
0.3154451847076416 187
0.3190131187438965 190
0.32273101806640625 190
0.3272261619567871 186
0.33096909523010254 188
0.3368380069732666 186
0.3406789302825928 185
0.3450157642364502 187
0.35085463523864746 185
0.35516953468322754 185
0.35871195793151855 185
0.36245298385620117 185
0.3671083450317383 186
0.3727378845214844 185
0.3772561550140381 184
0.38098955154418945 184
0.3853132724761963 184
0.39109182357788086 182
0.39542126655578613 183
0.3989737033843994 181
0.40273141860961914 182
0.40724778175354004 186
0.4139089584350586 184
0.41742777824401855 184
0.4211850166320801 186
0.4259335994720459 184
0.429440975189209 183
0.4352724552154541 187
0.43882274627685547 188
0.44255828857421875 187
0.4488837718963623 188
0.45264196395874023 189
0.4571051597595215 186
0.460864782333374 187
0.46518683433532715 186
0.47104859352111816 186
0.4753603935241699 187
0.4788970947265625 187
0.48264169692993164 186
0.48726844787597656 185
0.49393129348754883 185
0.49750328063964844 183
0.5012814998626709 184
0.5058574676513672 184
0.5092813968658447 184
0.5159993171691895 185
0.5197784900665283 185
0.5240392684936523 185
0.5278289318084717 185
0.5313513278961182 184
0.5371944904327393 185
0.5409300327301025 187
0.5453743934631348 184
0.5512251853942871 186
0.5559449195861816 188
0.5594651699066162 188
0.5639634132385254 186
0.567481279373169 186
0.5740430355072021 188
0.5817685127258301 185
0.5865249633789062 185
0.5900766849517822 188
0.5962367057800293 186
0.5998818874359131 186
0.6041803359985352 188
0.6103885173797607 186
0.6148097515106201 185
0.6183438301086426 185
0.6220896244049072 184
0.6266129016876221 184
0.6322875022888184 185
0.6367630958557129 185
0.6404063701629639 186
0.6447963714599609 185
0.6483416557312012 186
0.6549007892608643 184
0.6584665775299072 184
0.6622402667999268 185
0.6668694019317627 186
0.6706230640411377 188
0.6764750480651855 185
0.6800496578216553 186
0.6848011016845703 188
0.6906917095184326 188
0.695000410079956 187
0.6985619068145752 187
0.7023067474365234 185
0.7068040370941162 185
0.7124617099761963 187
0.7169375419616699 185
0.7206859588623047 187
0.725147008895874 187
0.7286956310272217 185
0.7352516651153564 184
0.7388274669647217 185
0.7425510883331299 184
0.7470135688781738 184
0.7508010864257812 186
0.7566654682159424 186
0.7602372169494629 184
0.7647051811218262 184
0.7704763412475586 186
0.7748532295227051 186
0.7784748077392578 183
0.7822310924530029 184
0.7868938446044922 184
0.792525053024292 184
0.7970876693725586 186
0.8008265495300293 184
0.8051400184631348 186
0.8087005615234375 185
0.8154134750366211 185
0.8189611434936523 185
0.8227148056030273 188
0.827183723449707 186
0.832789421081543 187
0.8373043537139893 188
0.8410522937774658 186
0.8455216884613037 186
0.8492088317871094 187
0.8551359176635742 184
0.858684778213501 185
0.8624327182769775 184
0.8687970638275146 184
0.8725690841674805 183
0.8770463466644287 185
0.8808002471923828 183
0.8851220607757568 184
0.8908989429473877 183
0.8952562808990479 184
0.8988125324249268 185
0.9025547504425049 183
0.907202959060669 185
0.9132297039031982 185
0.9173440933227539 186
0.9211945533752441 184
0.925757884979248 187
0.9292359352111816 185
0.9351773262023926 185
0.9387216567993164 188
0.9424872398376465 186
0.9483547210693359 186
0.9521293640136719 186
0.956632137298584 187
0.9622688293457031 185
0.9669225215911865 185
0.9706544876098633 185
0.9749984741210938 187
0.9814825057983398 184
0.9874985218048096 186
0.9941120147705078 184
0.9980885982513428 184
