0 0 
0.002378225326538086 0
0.008203506469726562 -2
0.012012004852294922 -2
0.015536069869995117 -6
0.02030205726623535 -13
0.0260469913482666 -17
0.030793428421020508 -17
0.03458428382873535 -189
0.039029836654663086 -178
0.04264187812805176 -216
0.04865598678588867 -294
0.052256107330322266 -300
0.05603647232055664 -352
0.06238436698913574 -379
0.06618356704711914 -419
0.07065987586975098 -452
0.07431459426879883 -479
0.07879066467285156 -545
0.09058666229248047 -564
0.09417510032653809 -584
0.09892082214355469 -598
0.10251879692077637 -613
0.10628771781921387 -641
0.11115407943725586 -664
0.11683130264282227 -678
0.12141180038452148 -692
0.12519502639770508 -698
0.12951159477233887 -707
0.13309001922607422 -722
0.13992881774902344 -726
0.14339303970336914 -742
0.14794325828552246 -749
0.15190458297729492 -760
0.15543627738952637 -767
0.16126537322998047 -777
0.1650981903076172 -783
0.1713414192199707 -790
0.17512917518615723 -798
0.17989802360534668 -801
0.18334460258483887 -805
0.18733811378479004 -810
0.19358110427856445 -815
0.1981217861175537 -814
0.2018887996673584 -821
0.20544791221618652 -827
0.210280179977417 -832
0.21604371070861816 -833
0.22054243087768555 -839
0.224104642868042 -840
0.228743314743042 -842
0.23236870765686035 -851
0.2390003204345703 -850
0.24260234832763672 -851
0.24637866020202637 -850
0.25087475776672363 -853
0.25452351570129395 -855
0.2611119747161865 -857
0.2649085521697998 -862
0.26949143409729004 -863
0.2753615379333496 -862
0.2799417972564697 -864
0.28340983390808105 -863
0.2874143123626709 -866
0.2915334701538086 -873
0.2981593608856201 -871
0.30198073387145996 -870
0.3055083751678467 -869
0.3101015090942383 -869
0.3136289119720459 -874
0.3204832077026367 -876
0.32409000396728516 -880
0.3287191390991211 -876
0.3324089050292969 -873
0.33832764625549316 -873
0.3421778678894043 -877
0.3488154411315918 -880
0.35241079330444336 -879
0.35617780685424805 -876
0.3608698844909668 -878
0.3645212650299072 -878
0.37049317359924316 -880
0.3741161823272705 -879
0.37862181663513184 -881
0.38406991958618164 -882
0.38835668563842773 -879
0.39243483543395996 -880
0.39667272567749023 -883
0.4015793800354004 -886
0.4083092212677002 -885
0.4122624397277832 -884
0.4160475730895996 -879
0.42060065269470215 -880
0.42626190185546875 -881
0.4308042526245117 -885
0.43448328971862793 -886
0.43893933296203613 -883
0.44251465797424316 -882
0.4483668804168701 -882
0.45238590240478516 -884
0.4561498165130615 -887
0.46253228187561035 -888
0.46634554862976074 -885
0.47084593772888184 -886
0.47451043128967285 -882
0.47890448570251465 -886
0.4893515110015869 -887
0.4942629337310791 -888
0.4989302158355713 -887
0.5025360584259033 -884
0.506317138671875 -887
0.5112433433532715 -888
0.5168945789337158 -887
0.5214405059814453 -883
0.525242805480957 -882
0.5295276641845703 -884
0.5353620052337646 -890
0.5399818420410156 -887
0.543510913848877 -888
0.5479674339294434 -885
0.5515336990356445 -885
0.5582032203674316 -886
0.5620071887969971 -887
0.56553053855896 -887
0.5703766345977783 -887
0.574054479598999 -887
0.5799369812011719 -883
0.5835399627685547 -883
0.5880274772644043 -888
0.5939266681671143 -890
0.5982327461242676 -887
0.6020848751068115 -887
0.605614423751831 -885
0.6103181838989258 -887
0.6160573959350586 -884
0.6207513809204102 -889
0.6243429183959961 -890
0.629011869430542 -885
0.6325898170471191 -887
0.6392130851745605 -884
0.6428060531616211 -887
0.6465697288513184 -888
0.6510558128356934 -889
0.6547970771789551 -888
0.6607065200805664 -886
0.6642696857452393 -886
0.6688270568847656 -886
0.6746382713317871 -887
0.6790544986724854 -887
0.6827330589294434 -887
0.6865251064300537 -886
0.6911852359771729 -887
0.6968786716461182 -890
0.7013726234436035 -889
0.7051405906677246 -889
0.7094874382019043 -886
0.7152907848358154 -886
0.7196197509765625 -885
0.7233350276947021 -884
0.7273898124694824 -891
0.7315051555633545 -889
0.7364039421081543 -883
0.7408814430236816 -886
0.7445616722106934 -886
0.7491376399993896 -889
0.7527623176574707 -885
0.7565908432006836 -889
0.7620632648468018 -888
0.7655901908874512 -888
0.7701659202575684 -885
0.7738969326019287 -887
0.7782304286956787 -889
0.7820260524749756 -891
0.7865726947784424 -887
0.7911889553070068 -885
0.7949690818786621 -883
0.7992944717407227 -886
0.802842378616333 -891
0.8110811710357666 -892
0.8148519992828369 -887
0.8192853927612305 -885
0.8228447437286377 -886
0.8266036510467529 -888
0.8312385082244873 -887
0.8349883556365967 -888
0.8407740592956543 -890
0.8444900512695312 -886
0.8489105701446533 -887
0.8525006771087646 -885
0.8562588691711426 -890
0.8607723712921143 -887
0.8643412590026855 -890
0.8690452575683594 -888
0.8726255893707275 -887
0.8763871192932129 -885
0.8810482025146484 -887
0.8900365829467773 -892
0.8936254978179932 -892
0.8981139659881592 -890
0.9020686149597168 -885
0.9056041240692139 -888
0.9105072021484375 -888
0.9142212867736816 -890
0.9188699722290039 -888
0.9224913120269775 -889
0.9262478351593018 -885
0.9308900833129883 -885
0.9345567226409912 -888
0.9396116733551025 -888
0.9433424472808838 -889
0.947354793548584 -890
0.9514596462249756 -887
0.9552350044250488 -887
0.959528923034668 -885
0.9630722999572754 -886
0.9668383598327637 -890
0.9712986946105957 -890
0.9750697612762451 -890
0.9793784618377686 -886
0.9829716682434082 -887
0.9867286682128906 -886
0.9922704696655273 -887
0.9960448741912842 -890
