0 0 
0.002578258514404297 0
0.008372306823730469 0
0.012057065963745117 -2
0.01645183563232422 -7
0.020087003707885742 -7
0.02639174461364746 -15
0.02996087074279785 -39
0.033710479736328125 -32
0.04035449028015137 -63
0.04413962364196777 -151
0.0486292839050293 -188
0.05238962173461914 -169
0.05669546127319336 -210
0.06250619888305664 -224
0.06685733795166016 -242
0.07042551040649414 -253
0.07461118698120117 -271
0.07872891426086426 -293
0.08531022071838379 -292
0.0892949104309082 -305
0.09286141395568848 -319
0.0974576473236084 -335
0.10606074333190918 -347
0.10972881317138672 -353
0.11555242538452148 -359
0.11965227127075195 -362
0.12342333793640137 -367
0.12997150421142578 -375
0.13377833366394043 -380
0.13823819160461426 -384
0.1419377326965332 -389
0.14647889137268066 -396
0.15235590934753418 -399
0.15666985511779785 -402
0.16023683547973633 -401
0.16409754753112793 -409
0.16873860359191895 -410
0.1753063201904297 -411
0.17890286445617676 -413
0.18266963958740234 -413
0.18727326393127441 -416
0.19073128700256348 -417
0.19664573669433594 -418
0.20019245147705078 -421
0.20395946502685547 -422
0.20987606048583984 -425
0.21372127532958984 -427
0.21821975708007812 -430
0.22389984130859375 -432
0.2283797264099121 -433
0.23213529586791992 -431
0.23646283149719238 -431
0.2400655746459961 -430
0.24666857719421387 -427
0.2502410411834717 -431
0.25399160385131836 -432
0.2584855556488037 -434
0.26223325729370117 -436
0.26832079887390137 -440
0.27208781242370605 -437
0.27643728256225586 -439
0.2823011875152588 -439
0.2866237163543701 -439
0.2901592254638672 -437
0.2939448356628418 -437
0.3004934787750244 -435
0.3046603202819824 -438
0.3087649345397949 -436
0.3125267028808594 -436
0.3168318271636963 -441
0.3226613998413086 -441
0.32744550704956055 -439
0.3312504291534424 -442
0.3355536460876465 -441
0.3393576145172119 -440
0.34600067138671875 -441
0.3495965003967285 -442
0.35338449478149414 -442
0.3578646183013916 -439
0.36147403717041016 -438
0.36736130714416504 -440
0.37088441848754883 -442
0.3753688335418701 -440
0.38132262229919434 -445
0.38562750816345215 -448
0.38957953453063965 -440
0.39336204528808594 -443
0.39786839485168457 -443
0.40361547470092773 -441
0.40813612937927246 -440
0.4118344783782959 -441
0.4168126583099365 -438
0.42038869857788086 -440
0.4273853302001953 -440
0.43091368675231934 -443
0.4354264736175537 -444
0.43924403190612793 -443
0.44277310371398926 -444
0.44879698753356934 -446
0.45255422592163086 -441
0.4568641185760498 -438
0.4626927375793457 -439
0.4672856330871582 -438
0.4708116054534912 -441
0.4752988815307617 -440
0.481187105178833 -443
0.4855501651763916 -445
0.4893615245819092 -443
0.49290013313293457 -444
0.4976232051849365 -443
0.5076515674591064 -442
0.5113694667816162 -441
0.5156848430633545 -441
0.5196676254272461 -440
0.5264327526092529 -439
0.5300159454345703 -440
0.5337653160095215 -441
0.5382452011108398 -441
0.541935920715332 -443
0.5478613376617432 -443
0.5514421463012695 -444
0.5573232173919678 -443
0.5609304904937744 -441
0.5654594898223877 -443
0.5714244842529297 -439
0.5759398937225342 -440
0.5796267986297607 -440
0.5833935737609863 -441
0.5878872871398926 -440
0.5935430526733398 -443
0.5981264114379883 -443
0.6017928123474121 -440
0.6062195301055908 -445
0.6097753047943115 -443
0.615631103515625 -445
0.6194324493408203 -444
0.6229288578033447 -440
0.6283507347106934 -438
0.6321091651916504 -440
0.6380159854888916 -438
0.6416079998016357 -440
0.6460962295532227 -443
0.651885986328125 -444
0.6562850475311279 -444
0.6599154472351074 -446
0.6636795997619629 -445
0.6681487560272217 -443
0.6737909317016602 -442
0.6783909797668457 -440
0.6821749210357666 -441
0.6866424083709717 -440
0.6901919841766357 -439
0.6968097686767578 -440
0.700401782989502 -442
0.704139232635498 -443
0.7086081504821777 -443
0.712371826171875 -444
0.7182354927062988 -443
0.7219281196594238 -443
0.7282810211181641 -443
0.7320857048034668 -440
0.7365963459014893 -440
0.7401502132415771 -442
0.743910551071167 -440
0.7504222393035889 -443
0.7541828155517578 -443
0.758704423904419 -444
0.7624378204345703 -444
0.7667348384857178 -443
0.7725369930267334 -443
0.776867151260376 -444
0.7804243564605713 -441
0.7841761112213135 -441
0.7888147830963135 -441
0.7954301834106445 -440
0.799243688583374 -441
0.8027663230895996 -442
0.8076009750366211 -444
0.8112332820892334 -442
0.8173060417175293 -444
0.8208520412445068 -441
0.8253214359283447 -443
0.831204891204834 -441
0.8354778289794922 -443
0.8392703533172607 -441
0.8427896499633789 -441
0.8474352359771729 -441
0.85325026512146 -441
0.857649564743042 -445
0.8612895011901855 -441
0.8655984401702881 -445
0.8715829849243164 -446
0.8761606216430664 -444
0.8797199726104736 -442
0.8834903240203857 -444
0.8880138397216797 -441
0.893683671951294 -442
0.8981869220733643 -441
0.9018712043762207 -439
0.9097208976745605 -440
0.9135134220123291 -440
0.920184850692749 -444
0.9239606857299805 -442
0.9287412166595459 -444
0.9325132369995117 -446
0.9368250370025635 -445
0.9426310062408447 -442
0.9474015235900879 -442
0.9509396553039551 -440
0.9554505348205566 -438
0.9592933654785156 -442
0.9658825397491455 -439
0.969496488571167 -440
0.9732422828674316 -445
0.9776897430419922 -443
0.9813523292541504 -443
0.9874532222747803 -447
0.9911763668060303 -443
0.9954814910888672 -443
