0 0 
0.0031585693359375 0
0.006674051284790039 0
0.010886192321777344 2
0.014640092849731445 7
0.018207788467407227 7
0.02480316162109375 15
0.028559446334838867 12
0.033399105072021484 19
0.03702259063720703 63
0.04163551330566406 164
0.045623064041137695 184
0.052596330642700195 233
0.0560297966003418 257
0.05999469757080078 276
0.06408214569091797 289
0.0700831413269043 306
0.07421398162841797 322
0.07796430587768555 335
0.08226776123046875 349
0.08581018447875977 367
0.09282040596008301 377
0.09651803970336914 385
0.10080552101135254 397
0.1048126220703125 397
0.10829544067382812 415
0.11455249786376953 419
0.1180870532989502 429
0.12462258338928223 439
0.12819910049438477 447
0.13280940055847168 454
0.13652968406677246 456
0.14079499244689941 461
0.14655447006225586 467
0.15093088150024414 467
0.15491271018981934 471
0.15873098373413086 476
0.16324615478515625 481
0.16891074180603027 489
0.1734466552734375 491
0.17702889442443848 494
0.18212151527404785 496
0.18566083908081055 499
0.19173192977905273 501
0.1952955722808838 501
0.19902443885803223 503
0.20826077461242676 508
0.2141590118408203 508
0.2181713581085205 510
0.22303509712219238 512
0.2266683578491211 512
0.2328038215637207 517
0.23628997802734375 518
0.24276185035705566 517
0.24659132957458496 518
0.2508518695831299 517
0.25464391708374023 514
0.2581641674041748 516
0.2647576332092285 521
0.2686300277709961 521
0.2732992172241211 522
0.27687788009643555 528
0.28138160705566406 525
0.2870175838470459 524
0.2915332317352295 524
0.2950899600982666 524
0.2988553047180176 523
0.3033559322357178 525
0.30904364585876465 526
0.313582181930542 527
0.3172636032104492 532
0.3216409683227539 531
0.32521605491638184 527
0.3315269947052002 529
0.3351593017578125 530
0.33891916275024414 527
0.3453094959259033 527
0.34907960891723633 530
0.3535490036010742 529
0.35719943046569824 531
0.36176586151123047 533
0.36760592460632324 531
0.37195515632629395 531
0.3755004405975342 531
0.3792533874511719 529
0.3837728500366211 529
0.3894064426422119 528
0.39406251907348633 530
0.3978383541107178 530
0.40220022201538086 531
0.4057631492614746 531
0.41260504722595215 529
0.41605615615844727 534
0.4200749397277832 529
0.4241750240325928 531
0.4279201030731201 531
0.4337756633758545 528
0.43752551078796387 528
0.44179201126098633 532
0.4476485252380371 530
0.4521455764770508 531
0.45569348335266113 533
0.4594540596008301 531
0.4639410972595215 533
0.46955037117004395 529
0.47402358055114746 532
0.47779130935668945 530
0.48221302032470703 531
0.48576951026916504 533
0.49277448654174805 533
0.4962799549102783 533
0.5007688999176025 535
0.5042963027954102 532
0.5080902576446533 531
0.5140624046325684 532
0.5177841186523438 531
0.5220868587493896 528
0.5278968811035156 531
0.5321829319000244 533
0.5357334613800049 532
0.5395100116729736 534
0.54583740234375 538
0.5499773025512695 535
0.5540857315063477 536
0.5578358173370361 532
0.5621349811553955 531
0.5678985118865967 528
0.5726804733276367 532
0.5761840343475342 530
0.5806059837341309 531
0.5841655731201172 535
0.5907495021820068 534
0.5942821502685547 536
0.5980677604675293 536
0.6026186943054199 536
0.6060633659362793 531
0.6163170337677002 529
0.6207666397094727 529
0.6248652935028076 530
0.6285867691040039 535
0.6333346366882324 533
0.638953685760498 538
0.6434378623962402 538
0.6470174789428711 533
0.6515283584594727 533
0.655083417892456 531
0.6616489887237549 530
0.6652450561523438 531
0.6690092086791992 535
0.6735920906066895 534
0.6772692203521729 536
0.6832258701324463 535
0.6867940425872803 535
0.6918766498565674 530
0.6954455375671387 532
0.7014999389648438 530
0.7050583362579346 531
0.7087969779968262 529
0.715142011642456 533
0.7189087867736816 531
0.7234165668487549 535
0.726996898651123 538
0.7314705848693848 537
0.7371511459350586 533
0.7416012287139893 536
0.7451431751251221 529
0.7488832473754883 529
0.7535450458526611 530
0.7591586112976074 532
0.7636528015136719 534
0.7674343585968018 535
0.7717812061309814 538
0.7753379344940186 536
0.7813951969146729 533
0.7850842475891113 531
0.7888576984405518 532
0.795102596282959 530
0.7988777160644531 532
0.8033819198608398 532
0.8069231510162354 531
0.8115768432617188 535
0.81742262840271 538
0.8217110633850098 539
0.825263500213623 537
0.8290283679962158 535
0.8335056304931641 530
0.839116096496582 528
0.8435595035552979 532
0.8472113609313965 527
0.8515794277191162 530
0.8551599979400635 537
0.8617124557495117 535
0.8652811050415039 537
0.8690328598022461 536
0.8736720085144043 534
0.8774197101593018 529
0.8834781646728516 528
0.8871545791625977 531
0.8935034275054932 531
0.89715576171875 535
0.9015576839447021 535
0.9051103591918945 538
0.9089736938476562 535
0.9153316020965576 535
0.9191052913665771 533
0.923572301864624 534
0.9272000789642334 531
0.9317448139190674 532
0.9375276565551758 533
0.9418425559997559 532
0.9453990459442139 533
0.9491481781005859 538
0.9536287784576416 534
0.9592716693878174 530
0.9637207984924316 535
0.9674594402313232 531
0.9717855453491211 530
0.9753451347351074 530
0.981938362121582 532
0.9854905605316162 534
0.9892458915710449 534
0.9938912391662598 535
0.9976146221160889 536
