0 0 
0.0024030208587646484 0
0.007061481475830078 0
0.012054681777954102 0
0.016503572463989258 3
0.02022695541381836 3
0.024874210357666016 3
0.030653715133666992 3
0.03519463539123535 3
0.03874993324279785 3
0.04242753982543945 3
0.04703521728515625 6
0.052664995193481445 6
0.057125091552734375 13
0.060858964920043945 13
0.06516861915588379 31
0.06870555877685547 31
0.07531380653381348 35
0.07886052131652832 35
0.08258342742919922 35
0.08702373504638672 52
0.09075593948364258 56
0.0967702865600586 56
0.10039401054382324 59
0.10474395751953125 62
0.11049532890319824 62
0.11493611335754395 62
0.1185002326965332 65
0.12221693992614746 66
0.12668728828430176 67
0.13232707977294922 68
0.13683485984802246 68
0.14050507545471191 68
0.14489102363586426 68
0.1513690948486328 70
0.15744304656982422 72
0.16417360305786133 72
0.168121337890625 72
0.17179489135742188 73
0.1766338348388672 73
0.1801760196685791 74
0.18602824211120605 74
0.18954229354858398 75
0.196061372756958 75
0.19981646537780762 75
0.2040708065032959 75
0.20785951614379883 75
0.2114267349243164 76
0.2182602882385254 76
0.22205638885498047 76
0.22656488418579102 76
0.2301645278930664 76
0.23462557792663574 76
0.24027061462402344 77
0.24539899826049805 77
0.24895668029785156 77
0.25275230407714844 75
0.25723862648010254 76
0.26331305503845215 76
0.26746487617492676 76
0.271259069442749 76
0.27594971656799316 76
0.2795145511627197 78
0.2853820323944092 78
0.2889118194580078 77
0.29267024993896484 78
0.29909634590148926 78
0.3032522201538086 77
0.30750417709350586 78
0.311312198638916 78
0.3158435821533203 78
0.32142043113708496 78
0.32602691650390625 78
0.3298513889312744 77
0.33411455154418945 77
0.33814334869384766 77
0.3447551727294922 78
0.3483138084411621 78
0.35207533836364746 79
0.35668230056762695 79
0.36037278175354004 78
0.3663768768310547 78
0.369962215423584 78
0.37422847747802734 78
0.38012075424194336 77
0.38462352752685547 77
0.3882317543029785 78
0.39200854301452637 77
0.3986048698425293 77
0.4024617671966553 77
0.4069333076477051 78
0.41066956520080566 77
0.4150228500366211 78
0.4208343029022217 78
0.42519450187683105 78
0.4287598133087158 78
0.4325120449066162 78
0.43715429306030273 78
0.4428067207336426 78
0.4473073482513428 78
0.4510478973388672 78
0.45555663108825684 78
0.4592607021331787 79
0.4651765823364258 79
0.4687023162841797 79
0.4724411964416504 78
0.47877025604248047 78
0.4826183319091797 78
0.48711299896240234 78
0.4908711910247803 78
0.4951741695404053 79
0.5009481906890869 79
0.5052497386932373 79
0.5088019371032715 78
0.5125465393066406 78
0.5171773433685303 78
0.5227904319763184 78
0.5272715091705322 78
0.5310211181640625 79
0.5353405475616455 79
0.538886547088623 79
0.544921875 79
0.5484669208526611 79
0.5570874214172363 78
0.5627002716064453 79
0.5674505233764648 78
0.5711805820465088 78
0.5760629177093506 78
0.5795557498931885 79
0.5862257480621338 79
0.5898118019104004 79
0.5940370559692383 79
0.5978043079376221 78
0.6013200283050537 78
0.607125997543335 78
0.6108462810516357 78
0.615123987197876 78
0.6208808422088623 78
0.625199556350708 78
0.6287267208099365 78
0.6324334144592285 77
0.6370339393615723 78
0.6426522731781006 77
0.6471149921417236 77
0.6508388519287109 76
0.6551659107208252 76
0.6586956977844238 76
0.6652388572692871 75
0.6687495708465576 76
0.6725726127624512 76
0.6770298480987549 77
0.6826362609863281 77
0.687140703201294 78
0.6908631324768066 79
0.6953322887420654 78
0.6988611221313477 78
0.7048747539520264 78
0.708446741104126 78
0.7121906280517578 77
0.7185461521148682 77
0.7222938537597656 77
0.7267434597015381 78
0.7303767204284668 78
0.7347443103790283 78
0.7404229640960693 78
0.7448387145996094 78
0.7483770847320557 78
0.7521066665649414 78
0.7567496299743652 78
0.7623584270477295 78
0.7668135166168213 78
0.7704575061798096 78
0.7748181819915771 78
0.7783358097076416 77
0.7842698097229004 77
0.7880446910858154 78
0.7915158271789551 78
0.798119306564331 78
0.8019096851348877 78
0.806389570236206 78
0.8099198341369629 78
0.8141660690307617 78
0.8201746940612793 79
0.8248019218444824 78
0.8283412456512451 79
0.8320977687835693 79
0.8365805149078369 79
0.8421947956085205 79
0.8466672897338867 79
0.8502349853515625 79
0.8546962738037109 78
0.8582949638366699 78
0.8648664951324463 78
0.8684298992156982 78
0.8721721172332764 79
0.8767867088317871 79
0.8804118633270264 79
0.886272668838501 79
0.8899314403533936 79
0.8941800594329834 79
0.9000067710876465 79
0.9042613506317139 79
0.9081497192382812 79
0.9119179248809814 79
0.9163990020751953 79
0.9220242500305176 78
0.926476001739502 79
0.930016279220581 79
0.9342460632324219 79
0.940223217010498 79
0.944756031036377 79
0.948275089263916 78
0.9566776752471924 78
0.9602463245391846 78
0.9650702476501465 79
0.9708788394927979 78
0.9753596782684326 78
0.9788851737976074 77
0.9825770854949951 77
0.9870326519012451 78
0.9926555156707764 78
0.9972877502441406 78
