0 0 
0.004579782485961914 0
0.008300304412841797 0
0.011756658554077148 -2
0.0162813663482666 -7
0.01975393295288086 -16
0.02566981315612793 -45
0.029206037521362305 -20
0.032952308654785156 -34
0.03881096839904785 -136
0.042551517486572266 -193
0.047379255294799805 -186
0.05443882942199707 -229
0.05838465690612793 -254
0.061901092529296875 -272
0.06682372093200684 -289
0.0704045295715332 -299
0.07651209831237793 -318
0.0802302360534668 -331
0.0844724178314209 -349
0.09036493301391602 -364
0.09467101097106934 -374
0.0984640121459961 -382
0.10195565223693848 -395
0.10686516761779785 -402
0.11251258850097656 -412
0.11708974838256836 -415
0.12067270278930664 -423
0.12518620491027832 -427
0.12874698638916016 -437
0.13535046577453613 -439
0.1389906406402588 -447
0.14272809028625488 -451
0.14720630645751953 -452
0.15087485313415527 -462
0.15683269500732422 -466
0.1605079174041748 -469
0.16634297370910645 -477
0.1699061393737793 -479
0.17434215545654297 -477
0.17789149284362793 -481
0.1844635009765625 -480
0.18799304962158203 -484
0.19175958633422852 -483
0.19630122184753418 -487
0.1997509002685547 -493
0.2068159580230713 -495
0.2104930877685547 -496
0.2149496078491211 -500
0.2185676097869873 -500
0.22376441955566406 -500
0.22837138175964355 -502
0.2318732738494873 -501
0.23848795890808105 -500
0.24226975440979004 -502
0.24672889709472656 -503
0.25037169456481934 -504
0.25464296340942383 -506
0.2605597972869873 -507
0.2651362419128418 -508
0.26874804496765137 -510
0.2725210189819336 -511
0.2771151065826416 -507
0.2827885150909424 -508
0.28742218017578125 -510
0.29117774963378906 -508
0.29550981521606445 -510
0.2990741729736328 -514
0.3056912422180176 -516
0.30924296379089355 -514
0.3130021095275879 -516
0.31749582290649414 -514
0.3212411403656006 -513
0.3271973133087158 -513
0.33084869384765625 -510
0.33541297912597656 -513
0.3412785530090332 -514
0.34911179542541504 -515
0.352952241897583 -516
0.3575732707977295 -516
0.3613138198852539 -516
0.36733460426330566 -515
0.37108922004699707 -515
0.3769996166229248 -514
0.3806321620941162 -514
0.38511061668395996 -513
0.39081835746765137 -515
0.3952617645263672 -516
0.3988187313079834 -519
0.4026651382446289 -519
0.40732550621032715 -519
0.41298770904541016 -517
0.41748929023742676 -517
0.4212629795074463 -513
0.4255790710449219 -514
0.42914438247680664 -514
0.4356977939605713 -515
0.43930506706237793 -517
0.44303393363952637 -519
0.4474787712097168 -518
0.45124268531799316 -518
0.4571089744567871 -519
0.46069931983947754 -516
0.46538805961608887 -515
0.47119832038879395 -513
0.47548437118530273 -512
0.4790668487548828 -512
0.4829399585723877 -518
0.487410306930542 -519
0.49301743507385254 -517
0.49751710891723633 -520
0.5012662410736084 -518
0.5055732727050781 -516
0.5091426372528076 -517
0.515728235244751 -515
0.5192856788635254 -516
0.5230395793914795 -514
0.5276901721954346 -515
0.5314490795135498 -516
0.5373120307922363 -516
0.5410776138305664 -519
0.5453851222991943 -517
0.5511982440948486 -520
0.5555422306060791 -520
0.5591137409210205 -517
0.562875509262085 -513
0.5692627429962158 -516
0.5731263160705566 -515
0.5775766372680664 -517
0.5813186168670654 -519
0.5858118534088135 -522
0.5916156768798828 -517
0.5963842868804932 -520
0.599921703338623 -516
0.6043641567230225 -513
0.6079092025756836 -515
0.6145975589752197 -516
0.6184041500091553 -517
0.6219272613525391 -518
0.6265168190002441 -518
0.6302385330200195 -520
0.6358449459075928 -519
0.6393988132476807 -518
0.6431663036346436 -514
0.6499943733215332 -517
0.6544885635375977 -515
0.6582851409912109 -516
0.6617982387542725 -514
0.666348934173584 -513
0.6722426414489746 -516
0.6766774654388428 -518
0.6803271770477295 -519
0.6846106052398682 -519
0.6884286403656006 -519
0.695021390914917 -515
0.698601245880127 -518
0.7023591995239258 -514
0.7070424556732178 -515
0.7106142044067383 -516
0.716667890548706 -517
0.7223258018493652 -519
0.7270798683166504 -519
0.7306995391845703 -519
0.7351949214935303 -517
0.738753080368042 -515
0.7445745468139648 -517
0.7519853115081787 -514
0.7569272518157959 -516
0.7625646591186523 -516
0.7673327922821045 -519
0.7710897922515869 -519
0.7755799293518066 -520
0.7791438102722168 -521
0.7857668399810791 -519
0.7894277572631836 -514
0.7931768894195557 -514
0.7976458072662354 -514
0.8013753890991211 -515
0.8072283267974854 -520
0.8108773231506348 -517
0.8153018951416016 -520
0.8211488723754883 -520
0.8256313800811768 -517
0.829169511795044 -518
0.8329174518585205 -517
0.8373966217041016 -515
0.8430547714233398 -514
0.8475246429443359 -516
0.851292610168457 -515
0.8557841777801514 -517
0.8593297004699707 -518
0.8659241199493408 -518
0.869481086730957 -520
0.8732120990753174 -520
0.8777093887329102 -515
0.8814659118652344 -515
0.8875155448913574 -513
0.8912665843963623 -514
0.8955926895141602 -514
0.901421070098877 -519
0.9057338237762451 -518
0.9092988967895508 -519
0.9131581783294678 -516
0.9176323413848877 -519
0.9232285022735596 -515
0.9277396202087402 -515
0.9315218925476074 -515
0.9358322620391846 -514
0.939382791519165 -511
0.9463732242584229 -514
0.949878454208374 -515
0.9543342590332031 -517
0.9578912258148193 -520
0.9616756439208984 -520
0.9675421714782715 -517
0.9713149070739746 -517
0.977545976638794 -517
0.9813084602355957 -515
0.9858005046844482 -513
0.9893817901611328 -516
0.9931519031524658 -518
0.9994866847991943 -516
