0 0 
0.004505157470703125 0
0.008756875991821289 0
0.014541387557983398 0
0.01938462257385254 0
0.024023056030273438 -3
0.02984762191772461 -8
0.034380435943603516 -8
0.037999629974365234 -19
0.04185342788696289 -19
0.04652047157287598 -19
0.05352663993835449 -64
0.057663917541503906 -76
0.061452627182006836 -87
0.06784987449645996 -87
0.07161116600036621 -79
0.07608866691589355 -89
0.07980608940124512 -98
0.08422255516052246 -98
0.09001445770263672 -115
0.09433722496032715 -118
0.09791088104248047 -118
0.10166358947753906 -123
0.10613465309143066 -126
0.11187314987182617 -130
0.11653733253479004 -137
0.1203618049621582 -138
0.12470388412475586 -139
0.12824034690856934 -145
0.13446354866027832 -147
0.1380443572998047 -146
0.14182186126708984 -148
0.148179292678833 -148
0.15195775032043457 -149
0.15642285346984863 -150
0.1601707935333252 -150
0.16456246376037598 -151
0.17044734954833984 -153
0.17520380020141602 -154
0.17873787879943848 -154
0.1831974983215332 -154
0.18675804138183594 -156
0.19336938858032227 -154
0.19713616371154785 -156
0.2006840705871582 -155
0.205247163772583 -155
0.20874810218811035 -156
0.2155930995941162 -155
0.2192535400390625 -155
0.22353625297546387 -155
0.227308988571167 -157
0.23082304000854492 -157
0.2368471622467041 -158
0.24061942100524902 -158
0.24722695350646973 -159
0.25081944465637207 -159
0.25556111335754395 -160
0.25923848152160645 -159
0.2635209560394287 -160
0.2695636749267578 -159
0.27410459518432617 -161
0.2776925563812256 -159
0.281430721282959 -162
0.28595614433288574 -162
0.29163575172424316 -158
0.29628562927246094 -160
0.3000364303588867 -160
0.3043556213378906 -160
0.3079378604888916 -159
0.3139643669128418 -159
0.31757354736328125 -161
0.3213474750518799 -162
0.32772207260131836 -162
0.3316013813018799 -161
0.3368380069732666 -163
0.34059834480285645 -163
0.3452126979827881 -161
0.35077738761901855 -162
0.355710506439209 -162
0.3592803478240967 -162
0.3635680675506592 -161
0.3673567771911621 -162
0.3739476203918457 -161
0.3775522708892822 -161
0.3813135623931885 -160
0.3857700824737549 -161
0.38933396339416504 -159
0.39550256729125977 -160
0.40398168563842773 -161
0.40985727310180664 -161
0.41454219818115234 -160
0.41811490058898926 -163
0.4218573570251465 -162
0.4265127182006836 -160
0.4325258731842041 -161
0.43663716316223145 -161
0.44037699699401855 -161
0.4447145462036133 -160
0.44824671745300293 -161
0.4543290138244629 -161
0.4579000473022461 -161
0.4616692066192627 -162
0.46801185607910156 -162
0.47180771827697754 -161
0.47649121284484863 -162
0.4802405834197998 -162
0.48456239700317383 -160
0.490445613861084 -160
0.49476051330566406 -161
0.4983341693878174 -160
0.5020763874053955 -159
0.5065646171569824 -159
0.5126049518585205 -161
0.5166947841644287 -160
0.5204439163208008 -159
0.5251367092132568 -160
0.5285687446594238 -160
0.5346477031707764 -162
0.5382132530212402 -161
0.5420041084289551 -161
0.5483477115631104 -163
0.5520949363708496 -163
0.5565774440765381 -162
0.5603208541870117 -163
0.5645923614501953 -166
0.5704460144042969 -165
0.5747342109680176 -164
0.5783581733703613 -162
0.5820941925048828 -163
0.5865943431854248 -162
0.5926196575164795 -161
0.5968503952026367 -160
0.6006495952606201 -161
0.6052114963531494 -163
0.6087205410003662 -163
0.6153693199157715 -163
0.6191201210021973 -161
0.6233901977539062 -161
0.6272079944610596 -161
0.6307451725006104 -160
0.6366481781005859 -159
0.6404139995574951 -161
0.6447203159332275 -161
0.6505551338195801 -160
0.6553258895874023 -161
0.6590790748596191 -159
0.6633801460266113 -159
0.6691670417785645 -158
0.6735117435455322 -159
0.6774003505706787 -159
0.6811652183532715 -158
0.6856124401092529 -160
0.6913459300994873 -159
0.6958651542663574 -160
0.6994595527648926 -161
0.7045419216156006 -162
0.7080919742584229 -161
0.7148370742797852 -161
0.7185585498809814 -162
0.7225775718688965 -161
0.7266707420349121 -161
0.7304277420043945 -162
0.7363147735595703 -163
0.7400679588317871 -166
0.7443926334381104 -165
0.7502024173736572 -165
0.754528284072876 -163
0.7580623626708984 -164
0.7618231773376465 -164
0.7662851810455322 -162
0.7719228267669678 -161
0.7765822410583496 -160
0.7803425788879395 -161
0.7848720550537109 -160
0.788750171661377 -161
0.7953901290893555 -158
0.8032481670379639 -159
0.807265043258667 -158
0.8107700347900391 -158
0.8166735172271729 -159
0.820465087890625 -158
0.8252918720245361 -158
0.8308770656585693 -158
0.8357951641082764 -160
0.8393797874450684 -159
0.8438432216644287 -159
0.8474640846252441 -159
0.8540990352630615 -161
0.8576695919036865 -160
0.8614709377288818 -159
0.8659884929656982 -162
0.8695788383483887 -162
0.8755817413330078 -162
0.8792405128479004 -162
0.8857021331787109 -165
0.8893489837646484 -164
0.8939776420593262 -164
0.8976023197174072 -164
0.9013819694519043 -164
0.9077560901641846 -161
0.9115586280822754 -161
0.9162662029266357 -160
0.9201333522796631 -162
0.924480676651001 -160
0.9302849769592285 -162
0.9345979690551758 -162
0.9381752014160156 -160
0.9419159889221191 -160
0.9464068412780762 -159
0.9521036148071289 -159
0.9567728042602539 -158
0.960545539855957 -158
0.964853048324585 -158
0.9683883190155029 -159
0.9744818210601807 -159
0.9780471324920654 -159
0.9818127155303955 -160
0.9881753921508789 -159
0.9919631481170654 -161
0.996462345123291 -159
