0 0 
0.0034575462341308594 0
0.007100582122802734 0
0.011273384094238281 0
0.01597428321838379 2
0.02145075798034668 7
0.028708934783935547 15
0.0339198112487793 18
0.04382467269897461 31
0.04947018623352051 132
0.05710148811340332 144
0.06139540672302246 168
0.06524538993835449 179
0.06873774528503418 190
0.07363319396972656 190
0.0772862434387207 199
0.08171343803405762 207
0.0854036808013916 220
0.08916878700256348 227
0.09368610382080078 236
0.09726381301879883 242
0.10316324234008789 250
0.10665726661682129 252
0.11108589172363281 264
0.11674284934997559 267
0.12125778198242188 271
0.12514710426330566 276
0.12871861457824707 278
0.13361549377441406 283
0.13926362991333008 286
0.14376592636108398 293
0.1473371982574463 292
0.15191936492919922 292
0.15551018714904785 297
0.16211318969726562 295
0.16571307182312012 298
0.16955089569091797 299
0.17404770851135254 300
0.17770814895629883 304
0.18365883827209473 305
0.18726778030395508 306
0.19309234619140625 308
0.19668221473693848 308
0.20114994049072266 309
0.2046973705291748 311
0.21128082275390625 315
0.2151203155517578 315
0.21868109703063965 317
0.22326350212097168 318
0.22678041458129883 319
0.23352360725402832 316
0.23716211318969727 315
0.24145722389221191 317
0.24527621269226074 318
0.24876713752746582 315
0.255021333694458 317
0.2585434913635254 319
0.2650916576385498 318
0.2686939239501953 316
0.2734642028808594 319
0.2771174907684326 320
0.28137779235839844 320
0.28739213943481445 324
0.29189109802246094 321
0.29549264907836914 323
0.3039238452911377 322
0.30748772621154785 320
0.31386780738830566 321
0.3174567222595215 320
0.32204675674438477 321
0.3279421329498291 320
0.33223795890808105 322
0.33579111099243164 323
0.33959507942199707 322
0.34406208992004395 321
0.3497161865234375 323
0.35418033599853516 325
0.3579280376434326 325
0.36223769187927246 325
0.3657960891723633 327
0.37254905700683594 327
0.37612342834472656 324
0.37986254692077637 324
0.38434386253356934 320
0.38811373710632324 322
0.39400529861450195 323
0.39765143394470215 323
0.4020650386810303 321
0.4078958034515381 322
0.4124445915222168 325
0.41599297523498535 323
0.4197723865509033 323
0.4242594242095947 325
0.4299008846282959 327
0.43453454971313477 327
0.43831634521484375 325
0.442610502243042 326
0.4483625888824463 327
0.4526529312133789 324
0.45618152618408203 324
0.45993471145629883 323
0.4644167423248291 321
0.4700281620025635 321
0.47454166412353516 323
0.47830820083618164 322
0.4826219081878662 322
0.4861476421356201 324
0.4924485683441162 324
0.4959893226623535 325
0.49973630905151367 326
0.5060842037200928 325
0.5098397731781006 324
0.5142946243286133 324
0.5180478096008301 325
0.5223414897918701 326
0.5281212329864502 324
0.532468318939209 324
0.5360181331634521 324
0.5397641658782959 324
0.5443768501281738 324
0.5499763488769531 323
0.554673433303833 324
0.5584239959716797 323
0.5627367496490479 322
0.5663013458251953 324
0.5731353759765625 323
0.5766308307647705 325
0.5811417102813721 326
0.584714412689209 327
0.5884664058685303 325
0.5943539142608643 325
0.5980808734893799 327
0.60239577293396 322
0.608203649520874 323
0.6126358509063721 325
0.6161947250366211 322
0.6215009689331055 321
0.6273014545440674 322
0.632624626159668 323
0.6361727714538574 322
0.639930248260498 322
0.6443958282470703 325
0.6500246524810791 326
0.6545155048370361 326
0.6582505702972412 324
0.662555456161499 327
0.6660962104797363 325
0.6722967624664307 327
0.6758971214294434 324
0.6797800064086914 324
0.6861319541931152 322
0.6899151802062988 322
0.6943702697753906 322
0.7024657726287842 325
0.7060503959655762 325
0.7127685546875 325
0.7163190841674805 326
0.7204258441925049 325
0.724708080291748 325
0.7284693717956543 325
0.7345590591430664 325
0.7383246421813965 326
0.7426266670227051 327
0.7484209537506104 326
0.7527599334716797 322
0.7563197612762451 323
0.7604706287384033 323
0.7645537853240967 322
0.7710740566253662 322
0.7746374607086182 324
0.7783780097961426 322
0.7826862335205078 323
0.788494348526001 323
0.7932267189025879 323
0.7970614433288574 324
0.8013269901275635 325
0.8052728176116943 327
0.8118817806243896 327
0.8154706954956055 326
0.8192694187164307 327
0.8237512111663818 326
0.8273372650146484 324
0.833184003829956 324
0.8366966247558594 322
0.8411626815795898 322
0.8470296859741211 321
0.8513288497924805 321
0.855299711227417 322
0.8587760925292969 323
0.8634533882141113 322
0.8691649436950684 325
0.8736507892608643 325
0.8772647380828857 327
0.8817050457000732 327
0.8853158950805664 325
0.8919110298156738 325
0.8954887390136719 325
0.8992230892181396 326
0.9037206172943115 323
0.9073159694671631 322
0.9134547710418701 323
0.9170968532562256 324
0.9235990047454834 323
0.9271926879882812 324
0.931476354598999 325
0.9354629516601562 325
0.9392056465148926 325
0.9455745220184326 323
0.9493789672851562 326
0.9539079666137695 324
0.957617998123169 325
0.9620158672332764 325
0.9677004814147949 326
0.9722819328308105 325
0.9758648872375488 324
0.979590892791748 322
0.9840426445007324 320
0.9897201061248779 321
0.9942648410797119 322
0.9980392456054688 320
