0 0 
0.002398252487182617 0
0.007030487060546875 0
0.012038230895996094 -3
0.016712427139282227 -3
0.020434856414794922 -25
0.025127649307250977 -15
0.030958175659179688 -50
0.035289764404296875 -184
0.03891324996948242 -70
0.04266643524169922 -200
0.047384023666381836 -242
0.05689096450805664 -284
0.06140637397766113 -312
0.06624412536621094 -331
0.06989383697509766 -351
0.07476234436035156 -370
0.08068227767944336 -392
0.08517742156982422 -403
0.08872866630554199 -417
0.09398126602172852 -430
0.09776115417480469 -453
0.10417461395263672 -465
0.10817313194274902 -474
0.1119694709777832 -481
0.11649441719055176 -490
0.1201620101928711 -497
0.12617135047912598 -500
0.12984728813171387 -509
0.13414430618286133 -518
0.14005661010742188 -523
0.1447582244873047 -533
0.14832258224487305 -536
0.1520853042602539 -540
0.1565842628479004 -549
0.16222667694091797 -553
0.16699624061584473 -554
0.1707746982574463 -558
0.1750795841217041 -561
0.17865514755249023 -564
0.1852564811706543 -570
0.1888258457183838 -575
0.19255900382995605 -576
0.19701123237609863 -581
0.2007887363433838 -580
0.20667457580566406 -580
0.2103409767150879 -579
0.2167508602142334 -584
0.22040486335754395 -582
0.2249755859375 -585
0.22858452796936035 -589
0.23233866691589355 -594
0.23871898651123047 -594
0.24250388145446777 -592
0.24698519706726074 -597
0.2507340908050537 -594
0.2550227642059326 -595
0.26091814041137695 -594
0.2652442455291748 -599
0.26886439323425293 -599
0.27263855934143066 -600
0.277296781539917 -603
0.2838435173034668 -603
0.28785109519958496 -601
0.29137492179870605 -599
0.2959785461425781 -597
0.2994859218597412 -598
0.30536484718322754 -601
0.308931827545166 -604
0.3126652240753174 -607
0.31927037239074707 -605
0.3232896327972412 -604
0.3274233341217041 -603
0.3312492370605469 -606
0.3380451202392578 -602
0.3418443202972412 -604
0.3465847969055176 -603
0.3501737117767334 -605
0.35469913482666016 -607
0.36043667793273926 -608
0.3648507595062256 -609
0.3684673309326172 -607
0.3722341060638428 -606
0.37674713134765625 -602
0.3823564052581787 -606
0.3868684768676758 -608
0.39064788818359375 -611
0.3949859142303467 -610
0.3985607624053955 -612
0.4048922061920166 -607
0.4084928035736084 -605
0.41226887702941895 -605
0.41863489151000977 -605
0.4224262237548828 -609
0.4269382953643799 -612
0.4306972026824951 -610
0.4350254535675049 -612
0.4408531188964844 -612
0.4451775550842285 -607
0.44873809814453125 -609
0.4524881839752197 -607
0.4608004093170166 -608
0.4669191837310791 -609
0.47066593170166016 -610
0.4751582145690918 -611
0.4809882640838623 -608
0.485454797744751 -607
0.4892561435699463 -607
0.49326491355895996 -607
0.4973607063293457 -605
0.5038981437683105 -609
0.5074641704559326 -609
0.5112447738647461 -612
0.5158472061157227 -610
0.5192933082580566 -610
0.5263562202453613 -610
0.5299546718597412 -605
0.5346031188964844 -604
0.5382394790649414 -606
0.5440595149993896 -609
0.5479326248168945 -608
0.5514755249023438 -609
0.5581400394439697 -608
0.5619449615478516 -610
0.5664212703704834 -606
0.5700168609619141 -605
0.5745148658752441 -610
0.580233097076416 -609
0.5849347114562988 -613
0.5885007381439209 -610
0.5922484397888184 -609
0.5967426300048828 -610
0.602423906326294 -609
0.6069304943084717 -608
0.6106836795806885 -608
0.614997148513794 -606
0.6185433864593506 -608
0.625150203704834 -608
0.6287038326263428 -611
0.6324739456176758 -612
0.6369988918304443 -612
0.6407692432403564 -610
0.6468079090118408 -605
0.6504926681518555 -608
0.6548848152160645 -610
0.6607379913330078 -611
0.6652319431304932 -608
0.6688084602355957 -611
0.6725575923919678 -612
0.677119255065918 -612
0.6827430725097656 -610
0.6872391700744629 -609
0.6910288333892822 -608
0.6953532695770264 -610
0.6988961696624756 -609
0.7059273719787598 -611
0.7094454765319824 -613
0.7139327526092529 -611
0.7174925804138184 -610
0.7213013172149658 -609
0.7271387577056885 -608
0.730888843536377 -608
0.7351779937744141 -607
0.7409863471984863 -609
0.7453022003173828 -613
0.7488658428192139 -612
0.7526743412017822 -610
0.7571423053741455 -613
0.7627766132354736 -607
0.7674424648284912 -605
0.7712140083312988 -607
0.775524377822876 -607
0.7813117504119873 -609
0.7859091758728027 -611
0.7897472381591797 -611
0.7940413951873779 -612
0.7980105876922607 -610
0.8046162128448486 -606
0.8082568645477295 -607
0.8120217323303223 -609
0.8165085315704346 -608
0.8200809955596924 -609
0.8262290954589844 -611
0.8298907279968262 -613
0.8341596126556396 -610
0.840038537979126 -611
0.8444888591766357 -608
0.8480978012084961 -608
0.8518402576446533 -608
0.8622229099273682 -609
0.8668899536132812 -608
0.8706395626068115 -612
0.8751523494720459 -609
0.8787126541137695 -610
0.8850212097167969 -606
0.8886334896087646 -608
0.8924477100372314 -609
0.8988182544708252 -608
0.9025905132293701 -610
0.9070603847503662 -613
0.9108383655548096 -611
0.9151654243469238 -611
0.9210085868835449 -609
0.925527811050415 -605
0.9290709495544434 -608
0.9332008361816406 -610
0.9373087882995605 -611
0.9410691261291504 -610
0.945519208908081 -613
0.9490599632263184 -610
0.9532361030578613 -613
0.9573493003845215 -610
0.9611024856567383 -609
0.9654009342193604 -608
0.9689691066741943 -606
0.9746856689453125 -607
0.9782934188842773 -609
0.9820947647094727 -609
0.9866435527801514 -612
0.9902441501617432 -611
0.994748592376709 -609
0.9983217716217041 -608
