0 0 
0.0047266483306884766 0
0.010407686233520508 2
0.01641845703125 2
0.01979970932006836 7
0.025591611862182617 42
0.03142547607421875 12
0.03586292266845703 19
0.039414167404174805 67
0.04318380355834961 129
0.04766440391540527 184
0.05325460433959961 194
0.05794978141784668 199
0.06168222427368164 209
0.06598401069641113 235
0.06951904296875 257
0.07608151435852051 264
0.07984519004821777 279
0.08384394645690918 288
0.08793044090270996 298
0.09168744087219238 304
0.09758234024047852 314
0.10134172439575195 321
0.10565948486328125 335
0.11148357391357422 339
0.11594033241271973 351
0.11959052085876465 355
0.12334632873535156 364
0.12995433807373047 369
0.1344618797302246 375
0.1384289264678955 375
0.141937255859375 379
0.1465139389038086 382
0.1520676612854004 387
0.15677809715270996 388
0.16043996810913086 394
0.16501092910766602 393
0.16863679885864258 397
0.17536425590515137 396
0.17895793914794922 399
0.18276286125183105 406
0.1872549057006836 409
0.1909036636352539 411
0.19681596755981445 412
0.20048975944519043 413
0.20478129386901855 412
0.210662841796875 415
0.21522927284240723 413
0.21882939338684082 416
0.2226102352142334 415
0.22710776329040527 417
0.23275113105773926 419
0.23784637451171875 422
0.24237608909606934 424
0.2468252182006836 425
0.25249648094177246 427
0.2570488452911377 428
0.26062512397766113 428
0.26529693603515625 424
0.2689800262451172 424
0.27480101585388184 424
0.27864813804626465 422
0.28240323066711426 426
0.2887997627258301 427
0.2925865650177002 429
0.2972853183746338 430
0.30094408988952637 433
0.3053584098815918 431
0.3111889362335205 430
0.3155543804168701 432
0.31914258003234863 430
0.3228890895843506 429
0.3273940086364746 430
0.3331339359283447 429
0.33763766288757324 429
0.3413963317871094 431
0.34569621086120605 432
0.3492569923400879 433
0.3554813861846924 433
0.35904455184936523 430
0.36280298233032227 434
0.3690931797027588 433
0.3728513717651367 430
0.3773338794708252 429
0.38098740577697754 429
0.385422945022583 430
0.39125895500183105 428
0.39572572708129883 433
0.39928412437438965 435
0.40787172317504883 438
0.41167521476745605 434
0.4178168773651123 433
0.4215681552886963 432
0.4274923801422119 434
0.43127965927124023 433
0.4355611801147461 430
0.4413750171661377 431
0.4457218647003174 429
0.44925451278686523 430
0.45301389694213867 431
0.45749592781066895 433
0.4631199836730957 430
0.46759700775146484 434
0.4713718891143799 439
0.47584962844848633 436
0.4794020652770996 433
0.4859623908996582 432
0.4895927906036377 434
0.4937398433685303 428
0.49791383743286133 429
0.5016684532165527 430
0.5075178146362305 431
0.5112619400024414 432
0.5155601501464844 433
0.521385669708252 433
0.5258805751800537 435
0.5294191837310791 433
0.5331392288208008 433
0.5377321243286133 432
0.5433285236358643 433
0.5477995872497559 432
0.551546573638916 433
0.555884599685669 431
0.5594146251678467 433
0.5659520626068115 435
0.5694985389709473 435
0.573265790939331 436
0.5778768062591553 433
0.5844621658325195 436
0.588031530380249 434
0.591829776763916 431
0.5965495109558105 430
0.6000750064849854 431
0.6063582897186279 430
0.6098177433013916 431
0.6138596534729004 432
0.6200253963470459 433
0.6245498657226562 435
0.628319263458252 434
0.6318609714508057 433
0.6364095211029053 434
0.6419656276702881 434
0.6472997665405273 434
0.6509473323822021 433
0.6555366516113281 432
0.659116268157959 430
0.6656816005706787 432
0.6692276000976562 430
0.6730077266693115 433
0.6776108741760254 434
0.6813774108886719 435
0.687251091003418 437
0.69091796875 434
0.6953155994415283 436
0.7010741233825684 434
0.7054471969604492 432
0.7090182304382324 431
0.7127785682678223 430
0.7174456119537354 429
0.7230589389801025 429
0.7275326251983643 431
0.7312870025634766 433
0.7355597019195557 435
0.741358757019043 436
0.7456936836242676 437
0.7492311000823975 437
0.7529964447021484 435
0.7574996948242188 435
0.7631113529205322 432
0.7675876617431641 433
0.7713379859924316 430
0.7757906913757324 430
0.7793619632720947 432
0.785578727722168 434
0.7892868518829346 434
0.7930278778076172 435
0.7993614673614502 435
0.8076632022857666 435
0.8113970756530762 434
0.815887451171875 435
0.8194119930267334 432
0.8260865211486816 431
0.8297634124755859 433
0.833733081817627 433
0.8380222320556641 431
0.8417847156524658 433
0.8476159572601318 434
0.8513739109039307 435
0.8556947708129883 432
0.8615090847015381 433
0.8657979965209961 434
0.8693618774414062 434
0.8731429576873779 433
0.8775911331176758 435
0.8832247257232666 433
0.8876664638519287 432
0.8913772106170654 433
0.8958706855773926 434
0.8994042873382568 431
0.905935525894165 435
0.9094765186309814 434
0.9132275581359863 433
0.9179584980010986 435
0.921717643737793 435
0.9275484085083008 433
0.9313430786132812 432
0.9358730316162109 434
0.9416413307189941 430
0.9459807872772217 429
0.9495358467102051 432
0.9532661437988281 433
0.9579014778137207 433
0.9644885063171387 437
0.9680399894714355 438
0.9718029499053955 436
0.9763362407684326 437
0.9797616004943848 433
0.985680103302002 434
0.989262580871582 430
0.9930810928344727 428
0.9994175434112549 431
