0 0 
0.002409219741821289 0
0.0070438385009765625 0
0.012048482894897461 -2
0.016513347625732422 -7
0.020188570022583008 -15
0.025143146514892578 -12
0.0309450626373291 -32
0.03522896766662598 -164
0.03881406784057617 -47
0.0425412654876709 -209
0.047051191329956055 -264
0.052721261978149414 -298
0.05717873573303223 -298
0.06093144416809082 -327
0.06538271903991699 -353
0.0689096450805664 -382
0.07581925392150879 -389
0.0792546272277832 -407
0.08323931694030762 -424
0.08747577667236328 -437
0.09122252464294434 -460
0.0970604419708252 -474
0.10079407691955566 -488
0.10506987571716309 -499
0.11088180541992188 -507
0.11528539657592773 -516
0.11886954307556152 -523
0.12260770797729492 -533
0.1270430088043213 -540
0.1327073574066162 -550
0.13719773292541504 -560
0.14093494415283203 -564
0.14539527893066406 -574
0.14894723892211914 -581
0.1555328369140625 -583
0.15927481651306152 -584
0.16330742835998535 -590
0.1673882007598877 -594
0.17114686965942383 -597
0.17701339721679688 -601
0.18075871467590332 -604
0.185042142868042 -612
0.19091534614562988 -616
0.19539403915405273 -618
0.19894027709960938 -618
0.20270085334777832 -619
0.2073674201965332 -620
0.21391510963439941 -622
0.2174530029296875 -626
0.2212517261505127 -629
0.2255570888519287 -631
0.23137164115905762 -635
0.23595356941223145 -635
0.2394392490386963 -634
0.24388337135314941 -636
0.24744415283203125 -637
0.2541193962097168 -638
0.2579159736633301 -641
0.2615067958831787 -641
0.2664322853088379 -641
0.26999855041503906 -644
0.2758455276489258 -643
0.27932286262512207 -642
0.2833220958709717 -644
0.2895228862762451 -642
0.29404473304748535 -645
0.2978076934814453 -647
0.3013591766357422 -649
0.3059196472167969 -653
0.3115262985229492 -650
0.3162565231323242 -649
0.3241879940032959 -649
0.32835984230041504 -651
0.3341982364654541 -651
0.3381674289703369 -656
0.3419175148010254 -652
0.3484659194946289 -653
0.3522770404815674 -650
0.35677528381347656 -650
0.3604240417480469 -652
0.3648402690887451 -649
0.3705410957336426 -656
0.3749675750732422 -655
0.3785276412963867 -657
0.3822755813598633 -658
0.3869132995605469 -652
0.39254188537597656 -652
0.39704370498657227 -652
0.40088343620300293 -655
0.40520405769348145 -652
0.4087347984313965 -657
0.41475963592529297 -658
0.4183197021484375 -658
0.4221222400665283 -658
0.4285013675689697 -655
0.4322841167449951 -653
0.43679308891296387 -653
0.44043779373168945 -656
0.44501352310180664 -657
0.4508359432220459 -656
0.45535826683044434 -658
0.45889735221862793 -654
0.46263837814331055 -652
0.467087984085083 -656
0.47274255752563477 -654
0.47724366188049316 -656
0.48113417625427246 -658
0.4854700565338135 -658
0.48902416229248047 -661
0.49504852294921875 -655
0.49860215187072754 -653
0.502354621887207 -655
0.5074472427368164 -655
0.5112462043762207 -655
0.51708984375 -660
0.5208280086517334 -657
0.5251262187957764 -657
0.5309617519378662 -657
0.535252571105957 -655
0.538841724395752 -653
0.5425710678100586 -656
0.5470659732818604 -656
0.5527262687683105 -658
0.5572035312652588 -656
0.560950756072998 -661
0.5654158592224121 -658
0.5690710544586182 -656
0.5759479999542236 -658
0.5794439315795898 -658
0.5839083194732666 -654
0.5878777503967285 -656
0.5913825035095215 -662
0.5972602367401123 -659
0.6010146141052246 -658
0.605288028717041 -657
0.6111271381378174 -657
0.6154141426086426 -657
0.6189701557159424 -656
0.6227185726165771 -656
0.6273767948150635 -659
0.6339397430419922 -660
0.6375045776367188 -658
0.6412725448608398 -656
0.6458323001861572 -654
0.6513791084289551 -654
0.6560022830963135 -650
0.6594998836517334 -654
0.6639909744262695 -660
0.6678798198699951 -663
0.6745004653930664 -661
0.6781175136566162 -656
0.6818697452545166 -659
0.6865313053131104 -652
0.6901159286499023 -655
0.6959962844848633 -658
0.6995139122009277 -660
0.70401930809021 -660
0.7099347114562988 -656
0.7142620086669922 -658
0.7182614803314209 -652
0.7266478538513184 -650
0.7302486896514893 -660
0.7365303039550781 -655
0.7401103973388672 -661
0.7459657192230225 -662
0.7495267391204834 -660
0.7540192604064941 -655
0.7599236965179443 -652
0.7642335891723633 -653
0.7680320739746094 -654
0.771531343460083 -657
0.7762153148651123 -661
0.7819421291351318 -661
0.7865688800811768 -660
0.7901489734649658 -658
0.7952890396118164 -653
0.7988488674163818 -652
0.8058114051818848 -656
0.8092765808105469 -658
0.8132522106170654 -658
0.8173348903656006 -660
0.821099042892456 -655
0.8269674777984619 -657
0.8307061195373535 -658
0.8350415229797363 -655
0.8408715724945068 -657
0.8453516960144043 -660
0.8488929271697998 -663
0.8526403903961182 -662
0.8571333885192871 -658
0.8627510070800781 -657
0.8673806190490723 -655
0.8711366653442383 -653
0.8754434585571289 -654
0.8789944648742676 -658
0.8858470916748047 -658
0.8892989158630371 -659
0.8932914733886719 -659
0.8973984718322754 -657
0.9011480808258057 -657
0.9064502716064453 -656
0.9101426601409912 -654
0.9146466255187988 -655
0.918255090713501 -660
0.9219887256622314 -660
0.9266829490661621 -659
0.930269718170166 -657
0.9354832172393799 -656
0.939028263092041 -655
0.9427797794342041 -651
0.9472842216491699 -651
0.9510197639465332 -658
0.955308198928833 -658
0.9588711261749268 -659
0.9626142978668213 -659
0.9670693874359131 -661
0.9708869457244873 -654
0.9753639698028564 -657
0.9789073467254639 -654
0.9826803207397461 -652
0.9881820678710938 -655
0.9919538497924805 -656
0.9964351654052734 -659
