0 0 
0.002633810043334961 0
0.007383823394775391 0
0.011983633041381836 0
0.015223979949951172 0
0.019353866577148438 0
0.023401737213134766 0
0.029392004013061523 0
0.03340792655944824 0
0.03715920448303223 0
0.04140520095825195 0
0.047126054763793945 0
0.05161762237548828 0
0.055149078369140625 0
0.05882763862609863 0
0.0632319450378418 0
0.06879377365112305 0
0.07332110404968262 0
0.07697796821594238 0
0.08121752738952637 0
0.08475518226623535 0
0.09074544906616211 0
0.09427762031555176 0
0.0979304313659668 0
0.10422635078430176 0
0.10768246650695801 0
0.11270403861999512 0
0.11620640754699707 0
0.1207578182220459 0
0.12633490562438965 0
0.13082385063171387 0
0.1343538761138916 0
0.1380300521850586 0
0.14242315292358398 0
0.14805006980895996 0
0.15253543853759766 0
0.1561279296875 0
0.16033101081848145 0
0.16407179832458496 0
0.16753411293029785 0
0.17356014251708984 0
0.17726993560791016 0
0.18152761459350586 0
0.1872866153717041 0
0.19150996208190918 0
0.19499707221984863 0
0.19869232177734375 0
0.20511865615844727 0
0.2088162899017334 0
0.2132396697998047 0
0.21690034866333008 0
0.22116947174072266 0
0.22693443298339844 0
0.2314307689666748 0
0.23492884635925293 0
0.23862242698669434 0
0.2430431842803955 0
0.24863696098327637 0
0.25324344635009766 0
0.2570066452026367 0
0.26127076148986816 0
0.2647838592529297 0
0.27074480056762695 0
0.2742800712585449 0
0.27792811393737793 0
0.284271240234375 0
0.2879965305328369 0
0.292586088180542 0
0.2960653305053711 0
0.30028200149536133 0
0.30605149269104004 0
0.3103365898132324 0
0.31406307220458984 0
0.3176560401916504 0
0.32215142250061035 0
0.32561397552490234 0
0.3359394073486328 0
0.34022998809814453 0
0.3441505432128906 0
0.34759068489074707 0
0.3534383773803711 0
0.357119083404541 0
0.3614931106567383 0
0.36725759506225586 0
0.37154221534729004 0
0.37506961822509766 0
0.37877511978149414 0
0.3833751678466797 0
0.38895320892333984 0
0.3934767246246338 0
0.397183895111084 0
0.4014101028442383 0
0.40490126609802246 0
0.411590576171875 0
0.4150831699371338 0
0.41877031326293945 0
0.4232003688812256 0
0.42688488960266113 0
0.4327201843261719 0
0.4362027645111084 0
0.4403986930847168 0
0.44615983963012695 0
0.4503934383392334 0
0.45410704612731934 0
0.45757389068603516 0
0.46213316917419434 0
0.467623233795166 0
0.47255706787109375 0
0.47608232498168945 0
0.4803001880645752 0
0.48400187492370605 0
0.4903244972229004 0
0.4940342903137207 0
0.49747395515441895 0
0.5019733905792236 0
0.5052149295806885 0
0.5121555328369141 0
0.5155723094940186 0
0.5194520950317383 0
0.5234313011169434 0
0.5271222591400146 0
0.5330348014831543 0
0.5366461277008057 0
0.5409336090087891 0
0.5466315746307373 0
0.5509822368621826 0
0.5544710159301758 0
0.558239221572876 0
0.5626349449157715 0
0.5681850910186768 0
0.5725946426391602 0
0.576106071472168 0
0.5803027153015137 0
0.5840206146240234 0
0.5903148651123047 0
0.5942099094390869 0
0.5976476669311523 0
0.6021468639373779 0
0.6056275367736816 0
0.611412525177002 0
0.61492919921875 0
0.6186056137084961 0
0.6249186992645264 0
0.6286211013793945 0
0.633094310760498 0
0.6366851329803467 0
0.642733097076416 0
0.6462130546569824 0
0.6504039764404297 0
0.6565594673156738 0
0.6609218120574951 0
0.6644129753112793 0
0.6680769920349121 0
0.6724333763122559 0
0.6780602931976318 0
0.6824216842651367 0
0.6859664916992188 0
0.6901845932006836 0
0.693671703338623 0
0.7010905742645264 0
0.70461106300354 0
0.7083010673522949 0
0.712883710861206 0
0.7163662910461426 0
0.7222163677215576 0
0.7256877422332764 0
0.7300798892974854 0
0.7400474548339844 0
0.743687629699707 0
0.7474143505096436 0
0.752077579498291 0
0.7554612159729004 0
0.7614634037017822 0
0.7649574279785156 0
0.7687757015228271 0
0.7746517658233643 0
0.7783553600311279 0
0.782787561416626 0
0.7883589267730713 0
0.7927830219268799 0
0.7963073253631592 0
0.8007218837738037 0
0.804267406463623 0
0.8109273910522461 0
0.814441442489624 0
0.8181173801422119 0
0.8226971626281738 0
0.826207160949707 0
0.8330469131469727 0
0.8366734981536865 0
0.8409988880157471 0
0.8467583656311035 0
0.8510305881500244 0
0.8545479774475098 0
0.8582549095153809 0
0.862687349319458 0
0.8682594299316406 0
0.8726680278778076 0
0.8761799335479736 0
0.8803799152374268 0
0.8840799331665039 0
0.8903713226318359 0
0.8943977355957031 0
0.8980898857116699 0
0.902705192565918 0
0.9062047004699707 0
0.9120113849639893 0
0.9153835773468018 0
0.9189193248748779 0
0.9253861904144287 0
0.9293336868286133 0
0.93337082862854 0
0.9370512962341309 0
0.9412839412689209 0
0.9470205307006836 0
0.951470136642456 0
0.9549686908721924 0
0.9586513042449951 0
0.963036298751831 0
0.9686346054077148 0
0.9730362892150879 0
0.9766395092010498 0
0.9809787273406982 0
0.9844632148742676 0
0.9909906387329102 0
0.9944825172424316 0
0.9981734752655029 0
