0 0 
0.0022101402282714844 0
0.00595402717590332 0
0.01037454605102539 0
0.014055013656616211 3
0.018350839614868164 9
0.021841049194335938 26
0.02558135986328125 15
0.033663034439086914 185
0.03856945037841797 182
0.04210972785949707 199
0.04584360122680664 202
0.05028057098388672 242
0.05585956573486328 291
0.06516265869140625 301
0.06995487213134766 307
0.07363390922546387 331
0.07843995094299316 355
0.08426833152770996 364
0.08897209167480469 376
0.09240865707397461 388
0.09638261795043945 398
0.10047364234924316 406
0.1070396900177002 427
0.11717009544372559 441
0.12294912338256836 447
0.12732934951782227 451
0.1311357021331787 462
0.13777947425842285 466
0.14140605926513672 469
0.14516735076904297 475
0.14969110488891602 479
0.15535235404968262 479
0.15986418724060059 488
0.16353297233581543 493
0.16796135902404785 495
0.17160367965698242 498
0.17782330513000488 502
0.18141674995422363 508
0.18517351150512695 506
0.19154644012451172 508
0.19535136222839355 510
0.20003771781921387 508
0.20379161834716797 511
0.20811820030212402 515
0.2139279842376709 519
0.21822905540466309 524
0.22188758850097656 525
0.22564148902893066 523
0.23015522956848145 524
0.23580431938171387 523
0.24045348167419434 526
0.24420905113220215 528
0.24852538108825684 527
0.25208044052124023 530
0.2581498622894287 532
0.26172852516174316 533
0.2654993534088135 535
0.2718515396118164 535
0.27566981315612793 533
0.2801659107208252 532
0.2839069366455078 534
0.28823256492614746 532
0.29406118392944336 535
0.29855775833129883 533
0.30211710929870605 536
0.3058629035949707 535
0.31031250953674316 538
0.3159596920013428 537
0.3204491138458252 539
0.3241710662841797 537
0.3286702632904053 538
0.3322288990020752 538
0.338360071182251 535
0.34191012382507324 539
0.3456859588623047 542
0.3520536422729492 541
0.35581088066101074 544
0.3604588508605957 544
0.3642005920410156 541
0.3685188293457031 540
0.3743133544921875 540
0.37865757942199707 539
0.3822157382965088 537
0.38634252548217773 539
0.3904581069946289 542
0.3970167636871338 541
0.40058040618896484 543
0.4043591022491455 545
0.408984899520874 543
0.412447452545166 540
0.4195127487182617 541
0.42310476303100586 541
0.42739105224609375 541
0.43123817443847656 541
0.43643736839294434 542
0.44058847427368164 544
0.44435834884643555 546
0.4486820697784424 544
0.4544987678527832 547
0.46315836906433105 542
0.4677598476409912 539
0.47138261795043945 539
0.4772148132324219 539
0.48128843307495117 541
0.48509812355041504 542
0.49100565910339355 548
0.4946169853210449 543
0.49921250343322754 542
0.5049831867218018 542
0.5094058513641357 543
0.513047456741333 541
0.5173509120941162 540
0.5211303234100342 543
0.527642011642456 544
0.5312356948852539 543
0.5349712371826172 542
0.5396275520324707 548
0.5452535152435303 544
0.5497777462005615 542
0.5533444881439209 542
0.5578632354736328 541
0.5614278316497803 540
0.5671751499176025 540
0.5709478855133057 543
0.5745062828063965 545
0.5810811519622803 547
0.5846869945526123 542
0.5895912647247314 541
0.5931670665740967 543
0.5977611541748047 542
0.6033823490142822 540
0.607877254486084 542
0.6114516258239746 544
0.6152288913726807 544
0.6197118759155273 546
0.6258625984191895 545
0.6303853988647461 546
0.6341226100921631 543
0.6383993625640869 541
0.6419575214385986 539
0.6485276222229004 543
0.6520688533782959 544
0.6558175086975098 544
0.6604516506195068 544
0.6642007827758789 546
0.6700713634490967 543
0.6738090515136719 543
0.6781265735626221 543
0.6840322017669678 541
0.6883699893951416 540
0.6919021606445312 540
0.6956508159637451 541
0.7000906467437744 542
0.7056913375854492 547
0.7101752758026123 543
0.7139079570770264 545
0.7183763980865479 544
0.7219247817993164 540
0.7284691333770752 540
0.7319998741149902 544
0.7357313632965088 544
0.7401793003082275 539
0.7439322471618652 543
0.749828577041626 547
0.7535161972045898 543
0.7579219341278076 542
0.7636475563049316 545
0.7680239677429199 542
0.7716207504272461 537
0.775388240814209 540
0.78188157081604 540
0.7856252193450928 543
0.790090799331665 543
0.7939314842224121 542
0.7982082366943359 542
0.8040242195129395 543
0.808401346206665 542
0.8119540214538574 544
0.8156857490539551 543
0.8201825618743896 541
0.8258118629455566 539
0.8302996158599854 542
0.8340437412261963 543
0.8384923934936523 544
0.8420357704162598 545
0.8482251167297363 543
0.851780891418457 543
0.8555688858032227 541
0.864161491394043 540
0.8691239356994629 543
0.8746516704559326 542
0.8795742988586426 541
0.883141040802002 545
0.8874011039733887 545
0.8933923244476318 544
0.8980915546417236 542
0.9016635417938232 544
0.9054198265075684 539
0.9099087715148926 540
0.9155049324035645 541
0.9200096130371094 542
0.9238772392272949 539
0.928168535232544 545
0.931743860244751 545
0.9377670288085938 545
0.9413824081420898 546
0.9451353549957275 543
0.9515142440795898 542
0.9552948474884033 540
0.9599442481994629 539
0.9635992050170898 541
0.9679973125457764 544
0.9737868309020996 545
0.9783191680908203 545
0.9818708896636963 548
0.9856300354003906 544
0.9901561737060547 541
0.9957902431488037 543
