0 0 
0.0024442672729492188 0
0.007516145706176758 3
0.012166261672973633 8
0.015887975692749023 21
0.02025604248046875 14
0.026038646697998047 42
0.030328750610351562 167
0.03390383720397949 61
0.037676334381103516 289
0.048894405364990234 337
0.057327985763549805 380
0.061827659606933594 393
0.06550836563110352 417
0.07011055946350098 442
0.07373905181884766 490
0.08450770378112793 503
0.08909082412719727 520
0.0930330753326416 539
0.0965263843536377 554
0.1034400463104248 573
0.1072397232055664 586
0.11185240745544434 594
0.11553835868835449 609
0.11992287635803223 614
0.12577223777770996 636
0.13035893440246582 639
0.13392186164855957 648
0.13767194747924805 654
0.1421489715576172 664
0.14777255058288574 670
0.1522977352142334 680
0.15607666969299316 687
0.16042184829711914 690
0.16395926475524902 698
0.17000579833984375 697
0.1736149787902832 703
0.1773693561553955 709
0.18362998962402344 710
0.18742823600769043 717
0.19205951690673828 723
0.19580793380737305 725
0.2001044750213623 729
0.20592617988586426 732
0.21023917198181152 733
0.21382355690002441 735
0.21756243705749512 738
0.22214794158935547 744
0.22780537605285645 744
0.2324674129486084 741
0.2362079620361328 746
0.24049830436706543 745
0.24410319328308105 745
0.25123000144958496 751
0.254880428314209 754
0.2591378688812256 757
0.2629210948944092 757
0.2664332389831543 756
0.27229738235473633 758
0.27609968185424805 759
0.2804291248321533 762
0.28627490997314453 764
0.2908935546875 762
0.29431843757629395 764
0.2983286380767822 764
0.30455756187438965 765
0.30908775329589844 763
0.3130626678466797 764
0.316556453704834 772
0.3212244510650635 772
0.3269474506378174 768
0.33147716522216797 770
0.33507227897644043 767
0.3396570682525635 765
0.3432497978210449 771
0.3498530387878418 771
0.3534092903137207 773
0.35715675354003906 773
0.3618471622467041 773
0.3655374050140381 769
0.37166500091552734 769
0.3752443790435791 771
0.37974071502685547 775
0.3855419158935547 777
0.3899414539337158 778
0.39353322982788086 777
0.3973073959350586 776
0.4017801284790039 772
0.4074106216430664 779
0.4119608402252197 777
0.41569948196411133 777
0.42004990577697754 775
0.4236299991607666 776
0.43037843704223633 777
0.4339313507080078 776
0.43767881393432617 776
0.4421393871307373 780
0.44592857360839844 777
0.4517943859100342 776
0.45545148849487305 775
0.461820125579834 772
0.46546435356140137 776
0.46985602378845215 780
0.47339940071105957 779
0.47719836235046387 781
0.48450493812561035 778
0.49164867401123047 776
0.4973866939544678 779
0.5020351409912109 782
0.5057754516601562 781
0.5102217197418213 779
0.5137641429901123 774
0.5203206539154053 777
0.5238850116729736 777
0.5276229381561279 778
0.532097339630127 780
0.5358529090881348 783
0.5416989326477051 784
0.5452744960784912 782
0.5499305725097656 777
0.5557243824005127 777
0.5600669384002686 778
0.5636179447174072 778
0.5673654079437256 782
0.571824312210083 783
0.5774579048156738 781
0.5819499492645264 777
0.585749626159668 776
0.5900845527648926 780
0.5958981513977051 782
0.6002237796783447 783
0.6045567989349365 780
0.6090621948242188 783
0.6131112575531006 778
0.6182751655578613 781
0.6225996017456055 777
0.6263527870178223 781
0.632598876953125 781
0.6363677978515625 777
0.6409366130828857 779
0.6443731784820557 779
0.6483540534973145 777
0.6545021533966064 780
0.6589689254760742 782
0.6625144481658936 783
0.6662716865539551 782
0.6709911823272705 780
0.6765203475952148 781
0.6818361282348633 780
0.6855909824371338 784
0.6899807453155518 779
0.6935465335845947 781
0.7000768184661865 781
0.703646183013916 779
0.7074105739593506 777
0.7118568420410156 778
0.7155046463012695 779
0.7214529514312744 779
0.7250256538391113 786
0.7301173210144043 782
0.7337331771850586 776
0.7397708892822266 780
0.7433149814605713 781
0.7470433712005615 778
0.7535617351531982 781
0.7573294639587402 778
0.7618508338928223 783
0.7654762268066406 778
0.769860029220581 776
0.7755353450775146 779
0.7799315452575684 780
0.7835173606872559 782
0.7872934341430664 783
0.791966438293457 780
0.7976837158203125 779
0.8022005558013916 779
0.8059320449829102 780
0.81026291847229 782
0.8137772083282471 783
0.8198947906494141 780
0.8234655857086182 779
0.8272280693054199 778
0.8335695266723633 779
0.8373217582702637 782
0.8418083190917969 782
0.8454582691192627 783
0.8500440120697021 780
0.8558776378631592 777
0.8601968288421631 778
0.8637409210205078 780
0.8675055503845215 781
0.8719861507415771 784
0.8776051998138428 781
0.8860812187194824 780
0.8905701637268066 783
0.8941080570220947 775
0.8978190422058105 782
0.9049484729766846 781
0.9092721939086914 783
0.9133472442626953 783
0.9171090126037598 780
0.9215855598449707 778
0.9273087978363037 776
0.931786298751831 780
0.9354517459869385 782
0.93984055519104 783
0.9433884620666504 780
0.9499380588531494 780
0.9535343647003174 778
0.957350492477417 779
0.9618086814880371 783
0.9654595851898193 783
0.9715690612792969 785
0.9751265048980713 782
0.9795839786529541 778
0.9852135181427002 780
0.9897305965423584 781
0.9933614730834961 782
0.9971203804016113 783
