0 0 
0.0026056766510009766 0
0.006842136383056641 0
0.010312318801879883 0
0.014005184173583984 0
0.018621444702148438 0
0.021893024444580078 0
0.027837038040161133 0
0.034049034118652344 0
0.0386052131652832 -2
0.04186725616455078 -2
0.04599642753601074 -2
0.05385541915893555 -2
0.0600581169128418 -2
0.0637826919555664 -2
0.06831145286560059 -2
0.07416558265686035 -2
0.07905960083007812 -5
0.08270740509033203 -5
0.08698725700378418 -5
0.09279346466064453 -10
0.0973048210144043 -10
0.10091495513916016 -10
0.10462379455566406 -18
0.10904812812805176 -18
0.11474180221557617 -25
0.11953926086425781 -25
0.1231997013092041 -25
0.12758803367614746 -25
0.13116192817687988 -25
0.136962890625 -25
0.14076972007751465 -32
0.14429521560668945 -32
0.15092086791992188 -33
0.15470051765441895 -33
0.15923571586608887 -36
0.16289925575256348 -36
0.167374849319458 -36
0.1729733943939209 -37
0.17763352394104004 -37
0.1812121868133545 -37
0.18494939804077148 -37
0.18948698043823242 -37
0.1951158046722412 -37
0.19974899291992188 -37
0.20348262786865234 -38
0.20780706405639648 -38
0.21142840385437012 -37
0.2174971103668213 -37
0.2210555076599121 -38
0.22478890419006348 -38
0.23114681243896484 -38
0.23490166664123535 -38
0.2395784854888916 -38
0.24320220947265625 -38
0.24760842323303223 -38
0.25331759452819824 -38
0.2577371597290039 -38
0.26127004623413086 -38
0.26509904861450195 -39
0.26958274841308594 -39
0.2752399444580078 -38
0.27971816062927246 -38
0.28345274925231934 -38
0.28774142265319824 -38
0.2913024425506592 -41
0.2979888916015625 -41
0.301516056060791 -41
0.30527639389038086 -39
0.31322240829467773 -39
0.3188595771789551 -39
0.32459497451782227 -39
0.3292827606201172 -39
0.3329446315765381 -39
0.33742451667785645 -39
0.343019962310791 -39
0.347536563873291 -39
0.35111165046691895 -39
0.3548707962036133 -41
0.3595588207244873 -41
0.3651463985443115 -40
0.36962437629699707 -40
0.3733086585998535 -40
0.37767696380615234 -40
0.38128232955932617 -40
0.3873405456542969 -40
0.3909416198730469 -40
0.3946704864501953 -39
0.4010782241821289 -39
0.404954195022583 -38
0.4094564914703369 -38
0.4130244255065918 -39
0.4176614284515381 -39
0.4234626293182373 -39
0.42778968811035156 -39
0.43132948875427246 -39
0.43506622314453125 -39
0.4395487308502197 -39
0.44516825675964355 -39
0.4496924877166748 -39
0.45812559127807617 -39
0.461688756942749 -39
0.4669804573059082 -39
0.47205042839050293 -40
0.47603631019592285 -40
0.48267674446105957 -40
0.48703837394714355 -40
0.49100232124328613 -40
0.4947476387023926 -39
0.4992241859436035 -39
0.5048613548278809 -39
0.5093913078308105 -39
0.5129444599151611 -39
0.5174129009246826 -39
0.5209865570068359 -39
0.5275511741638184 -38
0.5311131477355957 -38
0.5348870754241943 -38
0.5395512580871582 -38
0.5432066917419434 -40
0.5490946769714355 -40
0.5527098178863525 -40
0.5569655895233154 -39
0.5628581047058105 -39
0.567345142364502 -39
0.5709292888641357 -39
0.5746564865112305 -40
0.5791864395141602 -40
0.5848023891448975 -40
0.5895438194274902 -40
0.593198299407959 -40
0.5977215766906738 -38
0.6013391017913818 -39
0.6078636646270752 -39
0.6114315986633301 -39
0.615161657333374 -39
0.6196186542510986 -39
0.6232950687408447 -38
0.6292154788970947 -38
0.6327817440032959 -38
0.6370413303375244 -38
0.642927885055542 -38
0.647437334060669 -39
0.6510031223297119 -39
0.6547355651855469 -39
0.659398078918457 -39
0.6649954319000244 -40
0.6694715023040771 -40
0.6730546951293945 -40
0.6776859760284424 -41
0.6835052967071533 -41
0.6878190040588379 -41
0.6913728713989258 -41
0.6951179504394531 -40
0.699578046798706 -40
0.7051630020141602 -39
0.7096800804138184 -39
0.7133471965789795 -39
0.7179169654846191 -39
0.7214715480804443 -39
0.7275435924530029 -40
0.7311005592346191 -40
0.7348990440368652 -40
0.7402987480163574 -40
0.7440783977508545 -40
0.7491726875305176 -40
0.754826545715332 -39
0.7594928741455078 -39
0.7632031440734863 -40
0.7677934169769287 -40
0.7713336944580078 -38
0.7780683040618896 -38
0.7816226482391357 -38
0.7853672504425049 -38
0.7899322509765625 -38
0.7937002182006836 -39
0.7995567321777344 -39
0.803194522857666 -39
0.8075931072235107 -39
0.8134281635284424 -38
0.8177664279937744 -38
0.8212990760803223 -38
0.8250644207000732 -39
0.8295547962188721 -39
0.8352067470550537 -39
0.8398675918579102 -39
0.8436241149902344 -39
0.8480885028839111 -39
0.8577175140380859 -40
0.8613123893737793 -40
0.865056037902832 -40
0.8699288368225098 -40
0.8755488395690918 -39
0.8801906108856201 -39
0.8839385509490967 -39
0.8882017135620117 -39
0.8917341232299805 -39
0.8987438678741455 -39
0.9022290706634521 -39
0.9066755771636963 -38
0.9102134704589844 -38
0.913956880569458 -40
0.91990065574646 -40
0.9236123561859131 -40
0.9279406070709229 -40
0.9337947368621826 -40
0.9380855560302734 -40
0.9416306018829346 -40
0.9453873634338379 -39
0.9498310089111328 -39
0.9554874897003174 -39
0.960087776184082 -39
0.9638397693634033 -39
0.9681620597839355 -38
0.9716877937316895 -38
0.9786326885223389 -39
0.9820542335510254 -39
0.9860389232635498 -39
0.9901313781738281 -39
0.9939181804656982 -39
0.9997873306274414 -38
