0 0 
0.00223541259765625 0
0.008142948150634766 0
0.01168680191040039 0
0.015379905700683594 -3
0.01992321014404297 -24
0.02555108070373535 -14
0.030237197875976562 -24
0.03391075134277344 -162
0.03851747512817383 -67
0.042093753814697266 -184
0.04622006416320801 -235
0.053620338439941406 -273
0.05836033821105957 -281
0.06196928024291992 -297
0.06572508811950684 -342
0.07022309303283691 -359
0.07594990730285645 -391
0.0804452896118164 -399
0.08417820930480957 -409
0.08852100372314453 -425
0.0920875072479248 -442
0.09867644309997559 -459
0.10224103927612305 -458
0.1060025691986084 -471
0.1104743480682373 -483
0.11429953575134277 -496
0.12038588523864746 -499
0.1241445541381836 -508
0.12846803665161133 -523
0.13428711891174316 -527
0.13859152793884277 -533
0.14216303825378418 -535
0.14596915245056152 -543
0.15047812461853027 -544
0.15611839294433594 -551
0.16060972213745117 -553
0.16437029838562012 -560
0.1686851978302002 -570
0.17449092864990234 -569
0.18276023864746094 -576
0.18678736686706543 -578
0.19102811813354492 -578
0.1948108673095703 -581
0.1999349594116211 -582
0.2055978775024414 -588
0.21025872230529785 -590
0.21399450302124023 -595
0.21841788291931152 -599
0.22200679779052734 -598
0.22858357429504395 -598
0.23218512535095215 -599
0.23593807220458984 -598
0.24061822891235352 -599
0.24436068534851074 -603
0.25038695335388184 -603
0.2541534900665283 -606
0.26046180725097656 -606
0.26422834396362305 -608
0.268571138381958 -605
0.27214789390563965 -607
0.2758967876434326 -605
0.28228092193603516 -609
0.2860550880432129 -609
0.2905557155609131 -611
0.294295072555542 -613
0.2987215518951416 -615
0.3045036792755127 -614
0.308821439743042 -610
0.3123664855957031 -612
0.31611180305480957 -611
0.3206210136413574 -611
0.3262643814086914 -613
0.3308560848236084 -616
0.3346242904663086 -617
0.33891916275024414 -617
0.3424654006958008 -617
0.3485395908355713 -613
0.3521549701690674 -614
0.3559274673461914 -610
0.3618738651275635 -613
0.3656322956085205 -617
0.37019991874694824 -621
0.37589454650878906 -620
0.3805501461029053 -617
0.38432765007019043 -616
0.38863325119018555 -613
0.3922109603881836 -611
0.39878177642822266 -616
0.40242934226989746 -618
0.4062180519104004 -619
0.41067957878112793 -619
0.416304349899292 -621
0.42098140716552734 -616
0.4247426986694336 -617
0.4292941093444824 -616
0.4327571392059326 -615
0.43874263763427734 -616
0.44231319427490234 -619
0.44606828689575195 -619
0.4524228572845459 -620
0.4562065601348877 -619
0.46068501472473145 -621
0.46445560455322266 -616
0.4687497615814209 -615
0.4745502471923828 -616
0.47904348373413086 -621
0.48280811309814453 -616
0.48679399490356445 -621
0.49091029167175293 -622
0.49755072593688965 -620
0.5013670921325684 -619
0.504913330078125 -621
0.5097861289978027 -615
0.5134310722351074 -617
0.5193002223968506 -615
0.5227830410003662 -621
0.526806116104126 -620
0.532973051071167 -621
0.5374619960784912 -620
0.5414443016052246 -619
0.544968843460083 -617
0.5495650768280029 -616
0.5553696155548096 -616
0.5599443912506104 -619
0.5635371208190918 -621
0.5680058002471924 -621
0.5716948509216309 -621
0.5783329010009766 -618
0.5858747959136963 -617
0.5905251502990723 -616
0.5942819118499756 -619
0.5995702743530273 -618
0.6033186912536621 -622
0.6093571186065674 -620
0.612823486328125 -621
0.6168079376220703 -616
0.62302565574646 -617
0.6283764839172363 -615
0.631981372833252 -615
0.635767936706543 -619
0.6404078006744385 -620
0.6460638046264648 -620
0.6505630016326904 -623
0.6543247699737549 -623
0.6588225364685059 -616
0.6623711585998535 -614
0.6690247058868408 -614
0.6725943088531494 -616
0.6768157482147217 -617
0.6809041500091553 -623
0.6846582889556885 -624
0.6905484199523926 -619
0.6943607330322266 -620
0.698688268661499 -616
0.7045011520385742 -617
0.7087991237640381 -615
0.7123658657073975 -619
0.7161064147949219 -619
0.7207503318786621 -622
0.7267658710479736 -621
0.7308690547943115 -620
0.7346212863922119 -617
0.7389121055603027 -618
0.7424840927124023 -616
0.7493219375610352 -615
0.7528140544891357 -617
0.756821870803833 -618
0.760915994644165 -620
0.7646663188934326 -621
0.7706959247589111 -619
0.774456262588501 -616
0.7803361415863037 -618
0.7840433120727539 -616
0.7885727882385254 -616
0.7944262027740479 -620
0.7987525463104248 -623
0.8023166656494141 -620
0.8060827255249023 -622
0.8105943202972412 -618
0.8162796497344971 -616
0.8208014965057373 -613
0.8245682716369629 -617
0.8289003372192383 -616
0.8324642181396484 -617
0.8386807441711426 -621
0.8422517776489258 -618
0.8460547924041748 -617
0.8522891998291016 -618
0.8560323715209961 -616
0.8605396747589111 -613
0.864311695098877 -615
0.868675947189331 -617
0.8744862079620361 -620
0.878791332244873 -624
0.8823518753051758 -618
0.8861067295074463 -618
0.8905892372131348 -615
0.8962359428405762 -615
0.9008958339691162 -614
0.9046645164489746 -616
0.9089581966400146 -620
0.914886474609375 -621
0.9194915294647217 -620
0.9230086803436279 -623
0.9275388717651367 -617
0.9313316345214844 -616
0.9377272129058838 -615
0.9415218830108643 -616
0.9450230598449707 -616
0.9497208595275879 -614
0.9534075260162354 -618
0.9577200412750244 -618
0.9616572856903076 -617
0.965430736541748 -621
0.9698820114135742 -615
0.9734771251678467 -614
0.9777538776397705 -614
0.98441481590271 -619
0.9906206130981445 -619
0.994375467300415 -621
0.9988372325897217 -620
