0 0 
0.0027663707733154297 0
0.006528139114379883 0
0.01108694076538086 0
0.014592409133911133 3
0.024434804916381836 79
0.02835226058959961 13
0.034659624099731445 40
0.041240692138671875 105
0.044859886169433594 151
0.04898643493652344 173
0.05306386947631836 178
0.05907320976257324 219
0.06687712669372559 237
0.07156801223754883 248
0.07503080368041992 271
0.08095312118530273 284
0.08458471298217773 291
0.09067940711975098 299
0.09427618980407715 306
0.0980234146118164 318
0.10439372062683105 321
0.10817575454711914 331
0.11273026466369629 333
0.1164693832397461 341
0.12081170082092285 348
0.13098978996276855 360
0.1345987319946289 366
0.1383373737335205 366
0.14293646812438965 371
0.14672017097473145 376
0.1528465747833252 381
0.1566007137298584 384
0.16092944145202637 389
0.16676712036132812 393
0.17107057571411133 394
0.17465424537658691 394
0.17997193336486816 396
0.18582868576049805 397
0.19050812721252441 395
0.19408798217773438 398
0.19786453247070312 401
0.2023758888244629 401
0.20804929733276367 408
0.21255898475646973 407
0.2162008285522461 408
0.22059416770935059 411
0.22424793243408203 410
0.23038434982299805 412
0.23400640487670898 411
0.23777270317077637 412
0.24417400360107422 412
0.2479546070098877 413
0.25258803367614746 412
0.25626420974731445 414
0.2608926296234131 414
0.26755642890930176 417
0.27205920219421387 419
0.2756950855255127 417
0.2800171375274658 418
0.2839779853820801 421
0.2897658348083496 422
0.2933166027069092 419
0.29708075523376465 420
0.3035917282104492 418
0.30712223052978516 417
0.3119621276855469 417
0.31562232971191406 417
0.3199448585510254 421
0.32583189010620117 421
0.33031201362609863 422
0.3339066505432129 420
0.3376476764678955 425
0.34223294258117676 426
0.34794092178344727 421
0.35245418548583984 420
0.35617613792419434 421
0.36063313484191895 420
0.3642265796661377 418
0.3709571361541748 420
0.37448859214782715 424
0.378267765045166 424
0.38273119926452637 424
0.38648080825805664 424
0.392409086227417 424
0.3959677219390869 425
0.40045642852783203 423
0.4062764644622803 423
0.4108083248138428 423
0.41446661949157715 424
0.4182436466217041 422
0.4246201515197754 420
0.428377628326416 423
0.43300962448120117 424
0.4367687702178955 422
0.44106030464172363 422
0.44686055183410645 422
0.4511857032775879 425
0.45474863052368164 423
0.45850348472595215 425
0.46298861503601074 424
0.46904540061950684 423
0.4731616973876953 422
0.4769163131713867 422
0.4811999797821045 423
0.48473405838012695 421
0.49092650413513184 424
0.49462175369262695 423
0.4983851909637451 424
0.5047154426574707 424
0.5084779262542725 425
0.5129261016845703 427
0.5166811943054199 425
0.5209648609161377 422
0.526740312576294 422
0.5346419811248779 421
0.5383679866790771 422
0.5430920124053955 423
0.5468389987945557 423
0.5529565811157227 424
0.5566928386688232 426
0.561143159866333 424
0.566981315612793 427
0.5713050365447998 426
0.5748465061187744 422
0.5789916515350342 423
0.5830724239349365 425
0.5896697044372559 423
0.5932157039642334 421
0.5969886779785156 421
0.6012938022613525 421
0.6048471927642822 422
0.6119441986083984 425
0.6155927181243896 424
0.6198849678039551 427
0.6236698627471924 426
0.6302447319030762 424
0.6338651180267334 425
0.6376392841339111 425
0.6421332359313965 425
0.645681619644165 420
0.6513111591339111 422
0.6548421382904053 420
0.6589694023132324 421
0.6651861667633057 421
0.6696572303771973 424
0.6736493110656738 426
0.6771602630615234 427
0.6817581653594971 425
0.6876175403594971 427
0.6920204162597656 426
0.6956794261932373 422
0.699939489364624 420
0.703737735748291 419
0.7102973461151123 421
0.7138776779174805 423
0.7176039218902588 422
0.7220287322998047 422
0.7256677150726318 426
0.7317028045654297 423
0.7351937294006348 427
0.7415754795074463 424
0.7451560497283936 425
0.7490806579589844 426
0.7531745433807373 421
0.756922721862793 419
0.7612261772155762 424
0.767052173614502 422
0.7715775966644287 421
0.7749943733215332 422
0.7789652347564697 425
0.7830724716186523 424
0.7896087169647217 424
0.7935550212860107 425
0.7971718311309814 427
0.8021225929260254 426
0.807746410369873 422
0.8122875690460205 422
0.8158650398254395 422
0.820364236831665 422
0.8239593505859375 422
0.8305695056915283 421
0.8341243267059326 423
0.8378665447235107 423
0.8424029350280762 423
0.845984935760498 425
0.8522131443023682 426
0.8557946681976318 425
0.860231876373291 424
0.8658828735351562 423
0.8704092502593994 421
0.8739781379699707 422
0.8777260780334473 420
0.882194995880127 423
0.8878252506256104 425
0.8923037052154541 425
0.8958578109741211 424
0.9003775119781494 426
0.9039773941040039 429
0.9107143878936768 424
0.914278507232666 425
0.9180188179016113 424
0.9225831031799316 422
0.9263865947723389 421
0.9360191822052002 421
0.9406492710113525 420
0.9464831352233887 422
0.9509439468383789 425
0.9544951915740967 427
0.958247184753418 428
0.9628727436065674 426
0.9684967994689941 426
0.9731378555297852 425
0.976891279220581 423
0.9811973571777344 421
0.9847519397735596 421
0.9907839298248291 421
0.9943456649780273 421
0.9981012344360352 421
