0 0 
0.0024187564849853516 0
0.007027387619018555 0
0.010675668716430664 2
0.018361806869506836 6
0.02535247802734375 14
0.028894424438476562 14
0.03263449668884277 95
0.037325382232666016 28
0.04298877716064453 54
0.04805779457092285 137
0.05290675163269043 169
0.0576174259185791 196
0.06548166275024414 195
0.07125282287597656 216
0.0755927562713623 223
0.07913517951965332 238
0.08293843269348145 242
0.08740067481994629 259
0.09301090240478516 267
0.09749388694763184 272
0.10123372077941895 281
0.10557794570922852 293
0.11298203468322754 293
0.1202249526977539 301
0.1248769760131836 304
0.12855219841003418 308
0.13231396675109863 316
0.13707375526428223 315
0.14272451400756836 320
0.14724445343017578 322
0.15103554725646973 324
0.15535712242126465 329
0.15891122817993164 326
0.16492152214050293 329
0.16849350929260254 332
0.1723172664642334 335
0.17742037773132324 340
0.1811838150024414 340
0.18702340126037598 345
0.19071555137634277 345
0.19508719444274902 348
0.20090508460998535 349
0.20524168014526367 349
0.20880556106567383 348
0.21255850791931152 352
0.21704792976379395 353
0.22277545928955078 353
0.22725343704223633 353
0.23101496696472168 353
0.23552417755126953 352
0.24130940437316895 355
0.24562883377075195 356
0.2491745948791504 358
0.2529008388519287 358
0.2573432922363281 358
0.26297855377197266 357
0.2676370143890381 357
0.2713756561279297 359
0.27570676803588867 360
0.2792801856994629 359
0.28531765937805176 359
0.2888917922973633 357
0.29275059700012207 359
0.29929041862487793 357
0.30344247817993164 359
0.30753040313720703 360
0.3112921714782715 359
0.31557297706604004 362
0.3213691711425781 364
0.32566404342651367 363
0.32921409606933594 364
0.332960844039917 364
0.3375563621520996 363
0.34407734870910645 361
0.3476274013519287 363
0.3514292240142822 365
0.35616397857666016 362
0.35968470573425293 359
0.365556001663208 361
0.3690931797027588 361
0.3728652000427246 363
0.3791368007659912 363
0.38289499282836914 362
0.3873581886291504 364
0.39109253883361816 361
0.39701056480407715 361
0.40072178840637207 363
0.41269707679748535 364
0.41944384574890137 362
0.42345118522644043 364
0.42768096923828125 360
0.4353044033050537 360
0.44437551498413086 360
0.4503045082092285 363
0.45500898361206055 363
0.4590766429901123 366
0.4651007652282715 368
0.46874070167541504 365
0.4754750728607178 367
0.48131775856018066 363
0.48603105545043945 362
0.4894697666168213 361
0.4942314624786377 360
0.5002636909484863 360
0.5064337253570557 364
0.5148470401763916 362
0.520667314529419 364
0.5253491401672363 365
0.5311713218688965 364
0.5356976985931396 366
0.5392546653747559 366
0.5453221797943115 366
0.5489060878753662 366
0.5554685592651367 362
0.5612974166870117 363
0.5655801296234131 362
0.5691256523132324 362
0.5728785991668701 360
0.5775954723358154 362
0.5855467319488525 363
0.5890767574310303 362
0.5927934646606445 364
0.6021096706390381 366
0.6071281433105469 367
0.6122887134552002 365
0.6209025382995605 363
0.6252682209014893 365
0.6288690567016602 361
0.6326265335083008 360
0.6371200084686279 361
0.645035982131958 363
0.6485917568206787 362
0.6523478031158447 365
0.6629443168640137 364
0.6697072982788086 362
0.6766889095306396 365
0.6802718639373779 363
0.68491530418396 361
0.6885080337524414 363
0.6953346729278564 361
0.7011406421661377 364
0.705441951751709 363
0.708977222442627 363
0.7127094268798828 361
0.7186069488525391 362
0.7263743877410889 364
0.732060432434082 365
0.7366034984588623 364
0.742354154586792 364
0.7468581199645996 363
0.750434398651123 365
0.7554993629455566 363
0.7590641975402832 364
0.7656712532043457 364
0.7715277671813965 362
0.776278018951416 363
0.7800118923187256 364
0.7842915058135986 364
0.7953553199768066 365
0.8011441230773926 364
0.8055887222290039 367
0.8113789558410645 365
0.8161134719848633 362
0.8196172714233398 361
0.8254272937774658 360
0.8289608955383301 361
0.8356590270996094 363
0.8492846488952637 365
0.8555159568786621 366
0.8613231182098389 364
0.8680729866027832 366
0.8749048709869385 366
0.8784959316253662 362
0.8823692798614502 361
0.8874619007110596 360
0.8934895992279053 362
0.900449275970459 359
0.9066596031188965 362
0.9164896011352539 366
0.9201889038085938 367
0.928457498550415 365
0.935269832611084 364
0.9388425350189209 366
0.945561408996582 362
0.9491007328033447 363
0.955397367477417 365
0.9613144397735596 361
0.9679775238037109 362
0.9767322540283203 363
0.9802947044372559 365
0.985384464263916 364
0.9889428615570068 365
0.994971752166748 366
