0 0 
0.0022134780883789062 0
0.005956411361694336 0
0.010370731353759766 0
0.014059066772460938 -2
0.018450498580932617 -2
0.02365899085998535 -2
0.02859020233154297 -6
0.0343632698059082 -6
0.03868699073791504 -6
0.04222726821899414 -6
0.045937299728393555 -12
0.050467729568481445 -26
0.05651068687438965 -50
0.0610806941986084 -66
0.06459355354309082 -66
0.06914901733398438 -87
0.0772554874420166 -89
0.08105826377868652 -94
0.08456707000732422 -94
0.08910393714904785 -89
0.09255790710449219 -97
0.0986323356628418 -97
0.10217523574829102 -100
0.10592174530029297 -105
0.11233377456665039 -109
0.11655187606811523 -110
0.12102055549621582 -110
0.12457585334777832 -113
0.12914371490478516 -116
0.13474726676940918 -117
0.13949370384216309 -117
0.14316129684448242 -118
0.14746856689453125 -120
0.15128493309020996 -121
0.15789175033569336 -123
0.16157078742980957 -122
0.16538357734680176 -122
0.16991138458251953 -124
0.1736011505126953 -124
0.17973995208740234 -125
0.1841428279876709 -125
0.1886460781097412 -127
0.19454312324523926 -128
0.19911837577819824 -128
0.20263981819152832 -129
0.20709872245788574 -130
0.21077656745910645 -130
0.21738243103027344 -130
0.22122454643249512 -132
0.22475934028625488 -132
0.22968459129333496 -133
0.23534488677978516 -133
0.24004912376403809 -133
0.24370193481445312 -134
0.24810218811035156 -134
0.25173354148864746 -133
0.2578005790710449 -131
0.26138758659362793 -131
0.2651948928833008 -133
0.27156686782836914 -133
0.2753746509552002 -132
0.27992820739746094 -132
0.28360724449157715 -132
0.28806018829345703 -134
0.29387760162353516 -131
0.29839634895324707 -132
0.30196690559387207 -132
0.305741548538208 -132
0.3102600574493408 -132
0.31591200828552246 -131
0.3203914165496826 -131
0.32412171363830566 -132
0.32849812507629395 -131
0.33208632469177246 -131
0.3381516933441162 -131
0.3417348861694336 -130
0.35012125968933105 -129
0.3558011054992676 -131
0.36057138442993164 -131
0.36437010765075684 -131
0.3690488338470459 -130
0.37250518798828125 -132
0.379260778427124 -133
0.3827781677246094 -133
0.387284517288208 -131
0.3910536766052246 -132
0.39461278915405273 -133
0.40048718452453613 -133
0.4043130874633789 -132
0.40862536430358887 -132
0.41442251205444336 -134
0.41914796829223633 -135
0.4227120876312256 -135
0.42717766761779785 -135
0.430743932723999 -134
0.43732118606567383 -136
0.4411470890045166 -136
0.4446687698364258 -136
0.4492311477661133 -134
0.452770471572876 -134
0.45948147773742676 -135
0.4631471633911133 -135
0.46741819381713867 -134
0.47121405601501465 -133
0.47474002838134766 -133
0.4807925224304199 -133
0.4846382141113281 -133
0.4900338649749756 -132
0.4936661720275879 -132
0.4996457099914551 -132
0.5032365322113037 -132
0.507509708404541 -132
0.513416051864624 -133
0.5178959369659424 -133
0.5215053558349609 -132
0.5252377986907959 -132
0.5297403335571289 -132
0.535372257232666 -132
0.5400762557983398 -132
0.5437793731689453 -130
0.548163652420044 -130
0.5517153739929199 -131
0.5582759380340576 -131
0.5618829727172852 -131
0.5656194686889648 -131
0.5701260566711426 -131
0.5739650726318359 -132
0.5798695087432861 -132
0.583446741104126 -132
0.5881457328796387 -133
0.5939743518829346 -133
0.5984640121459961 -134
0.6020143032073975 -134
0.6057624816894531 -134
0.6102480888366699 -134
0.6158788204193115 -134
0.6205298900604248 -134
0.6242709159851074 -134
0.628624677658081 -133
0.632148265838623 -134
0.6381993293762207 -134
0.6417624950408936 -134
0.6455230712890625 -136
0.6518845558166504 -136
0.6557166576385498 -137
0.6603565216064453 -136
0.6641085147857666 -135
0.6742253303527832 -134
0.6801884174346924 -132
0.6839673519134521 -131
0.6882870197296143 -130
0.6941454410552979 -130
0.6985330581665039 -131
0.7020807266235352 -131
0.7058334350585938 -130
0.7102959156036377 -130
0.7159368991851807 -132
0.7205774784088135 -132
0.7243366241455078 -131
0.7286324501037598 -131
0.7321875095367432 -132
0.7387471199035645 -132
0.7423298358917236 -131
0.7507691383361816 -131
0.7545421123504639 -132
0.7599201202392578 -132
0.7636544704437256 -132
0.7698156833648682 -133
0.7733993530273438 -133
0.7781431674957275 -134
0.7839794158935547 -135
0.7882776260375977 -136
0.7918531894683838 -136
0.7957069873809814 -135
0.8002192974090576 -134
0.8058395385742188 -135
0.8103122711181641 -134
0.8140685558319092 -134
0.8184115886688232 -134
0.8219649791717529 -136
0.8306255340576172 -136
0.8343925476074219 -136
0.8390991687774658 -135
0.8426251411437988 -134
0.8473186492919922 -134
0.8532121181488037 -134
0.857750415802002 -132
0.8613495826721191 -131
0.8650953769683838 -132
0.8695998191833496 -131
0.875260591506958 -132
0.8799858093261719 -132
0.8836829662322998 -131
0.8880903720855713 -131
0.8916821479797363 -132
0.8979082107543945 -131
0.901538610458374 -131
0.9052774906158447 -132
0.9116621017456055 -131
0.9154469966888428 -132
0.9199435710906982 -133
0.9237275123596191 -132
0.9281275272369385 -133
0.9340155124664307 -134
0.9383499622344971 -133
0.9419326782226562 -133
0.9457123279571533 -134
0.950214147567749 -133
0.9558553695678711 -135
0.9605414867401123 -134
0.9643137454986572 -133
0.9686250686645508 -133
0.9722061157226562 -132
0.9790356159210205 -132
0.9824819564819336 -132
0.9865007400512695 -133
0.990631103515625 -132
0.9943978786468506 -132
