0 0 
0.003350496292114258 0
0.0068645477294921875 0
0.010600805282592773 2
0.015030622482299805 6
0.022792339324951172 36
0.02655482292175293 12
0.0300295352935791 63
0.0366060733795166 46
0.0404202938079834 197
0.04482316970825195 289
0.04847097396850586 295
0.05273604393005371 341
0.058786869049072266 387
0.0633232593536377 402
0.0668787956237793 435
0.07063102722167969 463
0.07521510124206543 489
0.08087420463562012 525
0.08533143997192383 539
0.08898735046386719 570
0.0933692455291748 577
0.0969533920288086 602
0.10350871086120605 616
0.1070871353149414 622
0.11082315444946289 641
0.11553692817687988 656
0.11928367614746094 677
0.12528491020202637 682
0.12894868850708008 699
0.13335585594177246 702
0.13916802406311035 712
0.14350676536560059 715
0.1470644474029541 722
0.15080761909484863 731
0.155287504196167 742
0.1609814167022705 753
0.1654672622680664 760
0.16921257972717285 763
0.173691987991333 767
0.1818075180053711 777
0.1883389949798584 786
0.19272899627685547 789
0.19669437408447266 793
0.2004547119140625 791
0.2051398754119873 793
0.2107856273651123 799
0.2153482437133789 804
0.2190403938293457 811
0.22345662117004395 812
0.2270345687866211 813
0.23331212997436523 816
0.2368936538696289 816
0.24063992500305176 817
0.24705958366394043 822
0.25089049339294434 825
0.2556145191192627 829
0.25937938690185547 830
0.26371145248413086 829
0.26957058906555176 832
0.2739272117614746 834
0.27745580673217773 836
0.28124260902404785 838
0.28571057319641113 838
0.2913672924041748 837
0.29602742195129395 838
0.29981493949890137 837
0.3043844699859619 840
0.30785202980041504 844
0.313753604888916 842
0.31728696823120117 842
0.3225221633911133 841
0.32842230796813965 844
0.3328070640563965 845
0.33663439750671387 848
0.3403964042663574 845
0.344806432723999 846
0.3505210876464844 845
0.3552134037017822 847
0.35878610610961914 848
0.36328601837158203 850
0.36689114570617676 852
0.37348008155822754 848
0.37704944610595703 850
0.3808097839355469 851
0.38546133041381836 853
0.38921213150024414 853
0.3951277732849121 854
0.3986949920654297 854
0.40325212478637695 852
0.4090602397918701 848
0.41358518600463867 853
0.41718268394470215 851
0.4209308624267578 856
0.42543721199035645 857
0.4310948848724365 855
0.4355957508087158 852
0.4393324851989746 850
0.44357848167419434 854
0.44718360900878906 857
0.4538283348083496 858
0.4573850631713867 854
0.4611086845397949 856
0.46558570861816406 855
0.46935176849365234 859
0.47539639472961426 858
0.4791722297668457 856
0.48360323905944824 857
0.4894719123840332 856
0.4937455654144287 855
0.4972691535949707 857
0.5010232925415039 856
0.5073747634887695 856
0.5111470222473145 855
0.5157930850982666 855
0.5195255279541016 854
0.5237941741943359 857
0.5295610427856445 860
0.5340240001678467 861
0.5375709533691406 859
0.5413253307342529 854
0.5458071231842041 857
0.5518128871917725 859
0.555901288986206 856
0.5596520900726318 859
0.5639355182647705 859
0.5674850940704346 860
0.5736157894134521 859
0.577181339263916 854
0.5858211517333984 860
0.591850996017456 858
0.5964994430541992 858
0.600017786026001 859
0.6048214435577393 858
0.6084616184234619 860
0.6140909194946289 860
0.6177840232849121 860
0.6217474937438965 859
0.627875566482544 859
0.6318507194519043 858
0.6359236240386963 858
0.6396670341491699 862
0.6463217735290527 863
0.6499156951904297 858
0.6547958850860596 856
0.6584384441375732 858
0.662710428237915 857
0.6684830188751221 857
0.6728079319000244 860
0.6766941547393799 859
0.6804683208465576 859
0.6849746704101562 857
0.6905739307403564 858
0.6951031684875488 857
0.698674201965332 859
0.7031469345092773 857
0.7067432403564453 862
0.7125592231750488 858
0.716524600982666 859
0.7200255393981934 861
0.7266249656677246 857
0.7304229736328125 862
0.7349624633789062 859
0.738541841506958 857
0.7430179119110107 857
0.7486696243286133 858
0.7531533241271973 863
0.7567298412322998 862
0.760500431060791 860
0.764970064163208 856
0.7706153392791748 856
0.7752971649169922 859
0.7789480686187744 859
0.7833280563354492 862
0.7870147228240967 859
0.7935764789581299 856
0.7971229553222656 856
0.8008966445922852 859
0.8053412437438965 859
0.8089745044708252 860
0.8149023056030273 861
0.818497896194458 862
0.8227782249450684 860
0.8286585807800293 858
0.8333096504211426 859
0.8368911743164062 861
0.8406493663787842 862
0.8470277786254883 859
0.8508052825927734 854
0.8552939891815186 857
0.8589720726013184 859
0.8633558750152588 860
0.8690261840820312 862
0.8734228610992432 859
0.8770060539245605 862
0.880760669708252 858
0.8852427005767822 859
0.890906810760498 863
0.8955168724060059 858
0.899249792098999 857
0.9037091732025146 858
0.9072678089141846 858
0.9134101867675781 859
0.9170334339141846 858
0.9208409786224365 860
0.9271857738494873 861
0.9309577941894531 862
0.9354398250579834 861
0.9391844272613525 859
0.9435443878173828 861
0.949343204498291 863
0.9538333415985107 864
0.9573917388916016 860
0.9611234664916992 859
0.9655721187591553 859
0.9712140560150146 859
0.9756872653961182 862
0.9837319850921631 859
0.9872794151306152 858
0.9910256862640381 859
0.9958648681640625 862
