0 0 
0.0025949478149414062 0
0.008622407913208008 -2
0.012332677841186523 -2
0.016742944717407227 -6
0.020385026931762695 -33
0.026452064514160156 -11
0.030057668685913086 -18
0.03382444381713867 -43
0.04025673866271973 -78
0.0440213680267334 -274
0.048491716384887695 -278
0.052234649658203125 -314
0.056565284729003906 -389
0.06237936019897461 -394
0.06687188148498535 -429
0.07042384147644043 -459
0.07421684265136719 -489
0.07870650291442871 -505
0.08434033393859863 -532
0.0888371467590332 -551
0.0925893783569336 -568
0.09812045097351074 -583
0.10170197486877441 -604
0.10776400566101074 -617
0.11140179634094238 -634
0.11576342582702637 -655
0.12165355682373047 -669
0.12629413604736328 -680
0.1298809051513672 -688
0.1336503028869629 -690
0.13817691802978516 -705
0.14380097389221191 -719
0.148451566696167 -720
0.15211892127990723 -738
0.1565394401550293 -744
0.1601715087890625 -750
0.1667613983154297 -750
0.17029166221618652 -760
0.17556333541870117 -763
0.17913055419921875 -773
0.18291378021240234 -781
0.1888895034790039 -780
0.19263553619384766 -783
0.19695520401000977 -783
0.20279240608215332 -791
0.2071232795715332 -794
0.21087002754211426 -801
0.21487784385681152 -805
0.22106432914733887 -806
0.22558140754699707 -810
0.22912383079528809 -806
0.2328789234161377 -808
0.23743653297424316 -815
0.24299120903015137 -819
0.24785923957824707 -821
0.2515294551849365 -824
0.2558166980743408 -823
0.25961947441101074 -819
0.26627278327941895 -824
0.2698986530303955 -826
0.27367663383483887 -830
0.27835607528686523 -830
0.28201794624328613 -832
0.28795933723449707 -829
0.29154276847839355 -831
0.29583287239074707 -832
0.30170226097106934 -832
0.3063530921936035 -839
0.3099350929260254 -837
0.3136873245239258 -839
0.31821656227111816 -836
0.32385826110839844 -837
0.32846736907958984 -839
0.3322291374206543 -842
0.336566686630249 -844
0.3400990962982178 -841
0.34676623344421387 -841
0.3541586399078369 -842
0.3587989807128906 -844
0.36255717277526855 -847
0.36841630935668945 -844
0.3721146583557129 -843
0.37666797637939453 -842
0.38248467445373535 -846
0.3868260383605957 -848
0.39041972160339355 -849
0.3941521644592285 -850
0.3986186981201172 -845
0.40375232696533203 -846
0.4085206985473633 -846
0.41562867164611816 -846
0.4196009635925293 -851
0.42308926582336426 -847
0.4281120300292969 -845
0.4316840171813965 -845
0.437549352645874 -844
0.4410550594329834 -847
0.44560790061950684 -851
0.4514923095703125 -849
0.4558084011077881 -846
0.4596090316772461 -848
0.4631171226501465 -847
0.467822790145874 -850
0.47355151176452637 -850
0.47802066802978516 -849
0.4816093444824219 -849
0.4863471984863281 -851
0.49208855628967285 -849
0.4967663288116455 -848
0.5003385543823242 -850
0.5040929317474365 -850
0.5085821151733398 -851
0.5130813121795654 -845
0.5197691917419434 -845
0.5235519409179688 -849
0.5280575752258301 -849
0.5316450595855713 -856
0.5362551212310791 -851
0.5419859886169434 -848
0.5466017723083496 -846
0.5501818656921387 -848
0.5539202690124512 -851
0.5583977699279785 -851
0.5640833377838135 -850
0.568579912185669 -848
0.572321891784668 -850
0.5766549110412598 -847
0.5802254676818848 -850
0.5863132476806641 -850
0.5898873805999756 -852
0.5936458110809326 -854
0.6000268459320068 -848
0.603827953338623 -848
0.6084702014923096 -850
0.6122279167175293 -853
0.6165783405303955 -852
0.6223855018615723 -850
0.6267573833465576 -849
0.6303024291992188 -851
0.6340572834014893 -852
0.6385338306427002 -851
0.6441776752471924 -854
0.6497378349304199 -851
0.6535100936889648 -850
0.6579997539520264 -850
0.6615657806396484 -850
0.6676235198974609 -851
0.6713995933532715 -854
0.6757900714874268 -852
0.6816864013671875 -849
0.6862044334411621 -847
0.6897933483123779 -849
0.6935341358184814 -850
0.6999387741088867 -853
0.7037324905395508 -853
0.7082672119140625 -852
0.7119407653808594 -850
0.7163553237915039 -851
0.7220468521118164 -851
0.7266190052032471 -852
0.7302291393280029 -852
0.7340030670166016 -852
0.7384929656982422 -853
0.7441034317016602 -849
0.7485911846160889 -850
0.7569470405578613 -855
0.7604937553405762 -853
0.7642576694488525 -852
0.7688615322113037 -851
0.7726061344146729 -850
0.7770586013793945 -851
0.7806282043457031 -851
0.7847762107849121 -855
0.7893826961517334 -852
0.7929160594940186 -851
0.7985880374908447 -850
0.8023474216461182 -850
0.8066263198852539 -853
0.8102006912231445 -849
0.8139982223510742 -853
0.8184859752655029 -852
0.8222432136535645 -849
0.8265690803527832 -850
0.8301312923431396 -849
0.8338990211486816 -851
0.83835768699646 -854
0.8420100212097168 -855
0.8476059436798096 -854
0.8513422012329102 -851
0.8556382656097412 -851
0.8594188690185547 -850
0.8629322052001953 -852
0.8674876689910889 -853
0.871023416519165 -854
0.8754627704620361 -853
0.8790285587310791 -850
0.8827710151672363 -851
0.8870799541473389 -853
0.890627384185791 -850
0.8943600654602051 -855
0.8998301029205322 -853
0.903695821762085 -850
0.9083755016326904 -848
0.9120101928710938 -849
0.916409969329834 -848
0.9199390411376953 -850
0.9236950874328613 -856
0.9283649921417236 -854
0.9320175647735596 -851
0.936398983001709 -849
0.9399356842041016 -851
0.9436874389648438 -854
0.9489109516143799 -852
0.9526803493499756 -855
0.9569780826568604 -852
0.9605677127838135 -852
0.9643054008483887 -849
0.9689342975616455 -850
0.9726924896240234 -852
0.9769730567932129 -850
0.9805173873901367 -856
0.9842836856842041 -849
0.9887580871582031 -852
0.99251389503479 -851
0.9979889392852783 -852
