0 0 
0.002605438232421875 0
0.007393836975097656 2
0.012293815612792969 2
0.015855789184570312 2
0.02018117904663086 6
0.025925159454345703 6
0.030254602432250977 12
0.03402829170227051 26
0.03757953643798828 68
0.04215049743652344 98
0.04762625694274902 44
0.05257153511047363 92
0.05611753463745117 119
0.06055307388305664 149
0.06412267684936523 162
0.07078194618225098 180
0.07442760467529297 187
0.07820534706115723 196
0.0827035903930664 192
0.08626389503479004 204
0.0922539234161377 214
0.09588098526000977 220
0.10015153884887695 228
0.1060185432434082 233
0.11032390594482422 237
0.11418628692626953 244
0.11791491508483887 245
0.12234354019165039 249
0.12804484367370605 254
0.13271856307983398 255
0.13634252548217773 258
0.14082551002502441 260
0.1443922519683838 265
0.15096187591552734 262
0.15456938743591309 266
0.1584148406982422 269
0.16287994384765625 268
0.1665952205657959 271
0.17258691787719727 275
0.17615389823913574 277
0.18124699592590332 279
0.18482398986816406 284
0.19103145599365234 281
0.19461727142333984 284
0.19838261604309082 288
0.20476341247558594 286
0.20860719680786133 284
0.2130887508392334 283
0.21680545806884766 283
0.22110462188720703 282
0.22698020935058594 285
0.23133540153503418 288
0.23490047454833984 289
0.24022388458251953 289
0.24402666091918945 289
0.2507336139678955 290
0.25441765785217285 288
0.2581520080566406 291
0.2627224922180176 294
0.266312837600708 296
0.2722952365875244 290
0.27593994140625 293
0.28021717071533203 293
0.28611230850219727 291
0.2905750274658203 290
0.2941765785217285 291
0.3025674819946289 289
0.30614709854125977 291
0.312511682510376 292
0.31607675552368164 290
0.320920467376709 292
0.32674694061279297 292
0.33114147186279297 292
0.3347480297088623 294
0.33853697776794434 294
0.3430042266845703 296
0.34863948822021484 294
0.35312724113464355 296
0.3568899631500244 297
0.361191987991333 297
0.3647620677947998 297
0.37102246284484863 293
0.37459611892700195 293
0.37836241722106934 290
0.38472843170166016 290
0.38852858543395996 294
0.393007755279541 291
0.39676570892333984 292
0.4011709690093994 295
0.40700578689575195 295
0.4113175868988037 293
0.41487789154052734 293
0.41860175132751465 293
0.42308712005615234 292
0.42874646186828613 291
0.4333984851837158 296
0.437114953994751 297
0.4415769577026367 296
0.44510602951049805 298
0.4520256519317627 297
0.45556187629699707 292
0.46004724502563477 292
0.46360278129577637 292
0.4673647880554199 290
0.4731919765472412 293
0.4769434928894043 293
0.4813268184661865 294
0.4871103763580322 295
0.4916036128997803 295
0.495145320892334 293
0.49891138076782227 294
0.5033671855926514 293
0.50937819480896 295
0.5134716033935547 296
0.5172152519226074 295
0.5215003490447998 297
0.5272650718688965 295
0.5316162109375 295
0.5351746082305908 293
0.5393311977386475 293
0.5434346199035645 291
0.5500130653381348 294
0.553978443145752 290
0.5574843883514404 291
0.5620427131652832 291
0.5655553340911865 290
0.5716218948364258 294
0.5753219127655029 293
0.5792880058288574 295
0.5854041576385498 295
0.5894045829772949 294
0.5934762954711914 296
0.5972385406494141 296
0.6015422344207764 293
0.6072957515716553 292
0.6120216846466064 295
0.6155266761779785 293
0.619981050491333 294
0.6234855651855469 293
0.6300549507141113 292
0.6335940361022949 293
0.6373651027679443 293
0.6418952941894531 294
0.6453325748443604 292
0.6520304679870605 293
0.6555242538452148 292
0.6600122451782227 293
0.6635348796844482 294
0.6673977375030518 297
0.673393726348877 296
0.6771361827850342 297
0.6814706325531006 295
0.6872811317443848 296
0.6915872097015381 296
0.6951367855072021 297
0.7035810947418213 293
0.7073352336883545 290
0.7133519649505615 291
0.7170970439910889 291
0.7229361534118652 290
0.7266123294830322 291
0.7325334548950195 292
0.7382128238677979 292
0.7427268028259277 294
0.7463102340698242 294
0.750786542892456 296
0.7543566226959229 294
0.7609283924102783 296
0.764503002166748 294
0.7682850360870361 295
0.7727797031402588 294
0.7764475345611572 297
0.7823367118835449 294
0.786116361618042 294
0.791942834854126 294
0.7955112457275391 291
0.7999782562255859 293
0.8035178184509277 294
0.8101093769073486 293
0.8136353492736816 291
0.8173749446868896 294
0.8219137191772461 293
0.8253345489501953 296
0.8323237895965576 296
0.83597731590271 297
0.8402519226074219 298
0.8440537452697754 298
0.8475747108459473 298
0.8535976409912109 298
0.8573722839355469 297
0.8639130592346191 293
0.867499828338623 292
0.8720812797546387 293
0.875596284866333 293
0.8800890445709229 293
0.8859703540802002 294
0.8902533054351807 294
0.8940625190734863 294
0.8975543975830078 295
0.90212082862854 295
0.9076395034790039 295
0.9126944541931152 293
0.9162702560424805 295
0.9207448959350586 295
0.9243404865264893 298
0.9309244155883789 298
0.9344685077667236 296
0.9381875991821289 295
0.9427227973937988 295
0.9462981224060059 297
0.9522747993469238 292
0.9559035301208496 292
0.9601490497589111 293
0.965076208114624 291
0.9687974452972412 294
0.9734737873077393 293
0.9800124168395996 296
0.9835543632507324 295
0.9873278141021729 294
0.991633415222168 295
0.9951705932617188 298
