0 0 
0.002604961395263672 0
0.008399248123168945 0
0.012092113494873047 2
0.016546964645385742 15
0.02015233039855957 38
0.02619457244873047 12
0.029761314392089844 32
0.03351163864135742 48
0.03992629051208496 213
0.04367661476135254 256
0.048085689544677734 274
0.051740169525146484 359
0.0561680793762207 389
0.06194329261779785 435
0.06627392768859863 473
0.06982707977294922 487
0.07364344596862793 513
0.07826900482177734 555
0.08389806747436523 595
0.09279251098632812 608
0.09769582748413086 625
0.10126495361328125 642
0.10555171966552734 671
0.11072111129760742 689
0.11462903022766113 695
0.12119936943054199 712
0.1255476474761963 723
0.12952589988708496 739
0.1333019733428955 752
0.1380140781402588 755
0.14363646507263184 775
0.14812970161437988 781
0.15181970596313477 790
0.15622973442077637 797
0.15981531143188477 799
0.16597437858581543 808
0.16959905624389648 817
0.1733551025390625 823
0.1797037124633789 832
0.18349862098693848 839
0.1880173683166504 838
0.19168472290039062 844
0.1962897777557373 855
0.20212483406066895 855
0.2064824104309082 859
0.21003508567810059 861
0.21387147903442383 864
0.21835684776306152 868
0.224029541015625 872
0.22853803634643555 877
0.2323155403137207 881
0.23659014701843262 883
0.24017119407653809 882
0.2467787265777588 886
0.2503204345703125 887
0.2540731430053711 892
0.25878000259399414 892
0.2625441551208496 896
0.26845717430114746 891
0.2722034454345703 896
0.2765183448791504 900
0.2823300361633301 901
0.28664088249206543 904
0.29018735885620117 905
0.2939426898956299 904
0.2983996868133545 905
0.30400657653808594 909
0.3084716796875 908
0.31223559379577637 913
0.3167150020599365 911
0.3202700614929199 914
0.3268613815307617 911
0.3306429386138916 913
0.3346259593963623 913
0.3387265205383301 917
0.34249329566955566 911
0.3483750820159912 915
0.3521239757537842 916
0.35642385482788086 919
0.3622415065765381 921
0.36652350425720215 921
0.3700728416442871 923
0.3738274574279785 919
0.3784613609313965 920
0.38406991958618164 923
0.38872575759887695 924
0.39248156547546387 922
0.3967776298522949 922
0.4026823043823242 925
0.4072728157043457 920
0.4107661247253418 926
0.41521716117858887 927
0.41878366470336914 928
0.42543458938598633 924
0.429257869720459 927
0.43277573585510254 924
0.43768787384033203 926
0.4412813186645508 926
0.4471418857574463 926
0.45058631896972656 927
0.4545867443084717 926
0.4607880115509033 928
0.46527838706970215 929
0.4688386917114258 931
0.472606897354126 926
0.47714734077453613 926
0.4827749729156494 924
0.48748159408569336 928
0.4964563846588135 930
0.5000030994415283 926
0.5037665367126465 930
0.5086374282836914 928
0.5152130126953125 927
0.5193328857421875 932
0.522817850112915 928
0.5274817943572998 926
0.5331540107727051 928
0.5377075672149658 927
0.5413002967834473 929
0.545792818069458 931
0.5494275093078613 934
0.5561323165893555 927
0.5597105026245117 930
0.5634551048278809 929
0.5679795742034912 929
0.5715799331665039 932
0.5777080059051514 928
0.5812969207763672 930
0.5865492820739746 928
0.5923244953155518 928
0.5966427326202393 932
0.6002051830291748 934
0.6039984226226807 930
0.6084556579589844 930
0.6140820980072021 929
0.6187350749969482 933
0.6224954128265381 933
0.6267979145050049 930
0.6303527355194092 928
0.6371383666992188 926
0.6405773162841797 933
0.6445724964141846 929
0.6488308906555176 930
0.6526074409484863 928
0.658484935760498 927
0.6622374057769775 932
0.6665294170379639 931
0.6723248958587646 931
0.6771457195281982 933
0.6806330680847168 929
0.6846015453338623 926
0.6887221336364746 930
0.6952660083770752 933
0.6987917423248291 929
0.7025456428527832 933
0.7068476676940918 930
0.7103931903839111 929
0.7172436714172363 932
0.7207357883453369 932
0.7251708507537842 933
0.7287695407867432 932
0.7353677749633789 930
0.739323616027832 928
0.7428169250488281 932
0.7475447654724121 929
0.7511787414550781 932
0.7567811012268066 934
0.7603154182434082 931
0.7640485763549805 932
0.7703778743743896 930
0.7745342254638672 935
0.7788181304931641 935
0.7825677394866943 928
0.7872495651245117 928
0.7928121089935303 929
0.7977287769317627 929
0.8013031482696533 933
0.8058412075042725 935
0.8094403743743896 931
0.8160526752471924 929
0.8196213245391846 930
0.8233842849731445 931
0.8278729915618896 934
0.8314158916473389 932
0.8372776508331299 930
0.8407833576202393 933
0.8452415466308594 930
0.851083517074585 933
0.8553571701049805 934
0.8593010902404785 934
0.862830400466919 930
0.8694491386413574 928
0.8732459545135498 929
0.8777384757995605 932
0.8813292980194092 930
0.8857834339141846 928
0.892301082611084 932
0.8982930183410645 929
0.9039275646209717 937
0.9086813926696777 932
0.9124507904052734 929
0.9174835681915283 933
0.9231905937194824 930
0.9277286529541016 934
0.9313039779663086 933
0.9355754852294922 933
0.9393529891967773 930
0.9428355693817139 931
0.9487037658691406 928
0.9524552822113037 934
0.9567761421203613 934
0.9625999927520752 929
0.9671478271484375 934
0.970590353012085 931
0.9745686054229736 929
0.9788341522216797 933
0.9854226112365723 932
0.9892230033874512 932
0.9927554130554199 929
0.9973394870758057 932
