0 0 
0.002596139907836914 0
0.008328914642333984 0
0.012032508850097656 -2
0.01652359962463379 -2
0.020145416259765625 -13
0.026201486587524414 -11
0.02984023094177246 -11
0.0335845947265625 -146
0.03999662399291992 -146
0.04379558563232422 -74
0.04825758934020996 -203
0.051991939544677734 -233
0.05657458305358887 -261
0.062408447265625 -289
0.06673550605773926 -304
0.07406973838806152 -321
0.07878637313842773 -331
0.08255147933959961 -355
0.08858108520507812 -363
0.09235024452209473 -379
0.09685683250427246 -391
0.10269308090209961 -396
0.10726308822631836 -408
0.11078763008117676 -413
0.11531233787536621 -420
0.1213834285736084 -431
0.12593793869018555 -437
0.12956500053405762 -440
0.13333368301391602 -449
0.1378631591796875 -455
0.14354944229125977 -463
0.14824700355529785 -470
0.15198755264282227 -475
0.1563127040863037 -476
0.15987777709960938 -478
0.166001558303833 -482
0.1696009635925293 -484
0.17337441444396973 -483
0.17845487594604492 -487
0.18221402168273926 -491
0.18807721138000488 -494
0.19173502922058105 -498
0.19617724418640137 -499
0.2020721435546875 -503
0.20638751983642578 -508
0.2099752426147461 -503
0.21380186080932617 -507
0.21827936172485352 -507
0.22391343116760254 -508
0.22841453552246094 -507
0.23216795921325684 -510
0.2366621494293213 -509
0.24243474006652832 -514
0.24774384498596191 -514
0.25136232376098633 -519
0.25583910942077637 -515
0.2594630718231201 -516
0.2660689353942871 -515
0.26969361305236816 -516
0.2734663486480713 -517
0.2781825065612793 -518
0.2819540500640869 -519
0.28786563873291016 -520
0.29145050048828125 -521
0.29610276222229004 -522
0.30198097229003906 -524
0.3063316345214844 -524
0.3099024295806885 -522
0.31366395950317383 -520
0.31819868087768555 -519
0.32386112213134766 -521
0.3283820152282715 -520
0.3322262763977051 -521
0.33655691146850586 -525
0.34014010429382324 -526
0.34677648544311523 -526
0.3503577709197998 -528
0.35411930084228516 -525
0.3587932586669922 -520
0.36258578300476074 -522
0.36849308013916016 -521
0.37224507331848145 -522
0.37658119201660156 -524
0.38246679306030273 -528
0.386810302734375 -525
0.39035654067993164 -528
0.3941352367401123 -526
0.39862751960754395 -525
0.405292272567749 -524
0.40926194190979004 -522
0.412792444229126 -524
0.41768646240234375 -524
0.4233283996582031 -521
0.4278733730316162 -526
0.4314839839935303 -530
0.43598413467407227 -529
0.4395925998687744 -528
0.4454500675201416 -530
0.4492921829223633 -523
0.4528236389160156 -522
0.45937323570251465 -521
0.46319079399108887 -521
0.4676995277404785 -527
0.47624683380126953 -526
0.4798402786254883 -527
0.4866037368774414 -529
0.49024367332458496 -528
0.4940202236175537 -523
0.49866318702697754 -525
0.502450704574585 -526
0.5082910060882568 -525
0.5120387077331543 -529
0.518322229385376 -528
0.5220756530761719 -527
0.5263690948486328 -528
0.5299737453460693 -528
0.5337626934051514 -526
0.5403141975402832 -524
0.5440754890441895 -524
0.5486187934875488 -525
0.5523905754089355 -525
0.556706428527832 -527
0.562507152557373 -525
0.5668294429779053 -530
0.5704066753387451 -529
0.5745818614959717 -527
0.5787642002105713 -526
0.5853817462921143 -526
0.5891895294189453 -522
0.5927166938781738 -525
0.5975818634033203 -525
0.6033463478088379 -526
0.607933521270752 -524
0.6115083694458008 -527
0.6160452365875244 -528
0.6196315288543701 -527
0.625481128692627 -524
0.6292934417724609 -525
0.6328377723693848 -525
0.639531135559082 -523
0.6433348655700684 -523
0.6478221416473389 -524
0.6513950824737549 -526
0.6560623645782471 -527
0.661839485168457 -533
0.6664218902587891 -528
0.6700124740600586 -526
0.6737816333770752 -525
0.6783926486968994 -522
0.6840834617614746 -522
0.6885843276977539 -524
0.6923935413360596 -526
0.6967029571533203 -525
0.7002687454223633 -530
0.7063241004943848 -530
0.7099177837371826 -527
0.7136745452880859 -527
0.719592809677124 -527
0.7233521938323975 -524
0.727839469909668 -522
0.7334856986999512 -525
0.7380094528198242 -520
0.7417166233062744 -525
0.7461416721343994 -527
0.7497618198394775 -528
0.7563588619232178 -527
0.7599692344665527 -527
0.7637600898742676 -524
0.7682638168334961 -525
0.772017240524292 -523
0.778069019317627 -523
0.7817308902740479 -523
0.786135196685791 -526
0.7921147346496582 -529
0.7966506481170654 -528
0.8002157211303711 -529
0.8039867877960205 -527
0.8105499744415283 -525
0.8146073818206787 -524
0.8186988830566406 -525
0.8224680423736572 -525
0.8267905712127686 -526
0.8326420783996582 -525
0.83754563331604 -528
0.8411941528320312 -527
0.8454995155334473 -526
0.8493199348449707 -527
0.855931282043457 -524
0.8595330715179443 -523
0.8633019924163818 -524
0.8678348064422607 -526
0.8761904239654541 -525
0.8820219039916992 -529
0.8865015506744385 -525
0.8900556564331055 -531
0.8938374519348145 -529
0.8985886573791504 -527
0.9051637649536133 -523
0.908757209777832 -526
0.9125080108642578 -525
0.916832447052002 -523
0.9206995964050293 -526
0.9276950359344482 -526
0.9313113689422607 -527
0.9357819557189941 -528
0.9394094944000244 -527
0.9446048736572266 -528
0.9487819671630859 -526
0.9525802135467529 -524
0.9579935073852539 -524
0.9617047309875488 -524
0.9676878452301025 -524
0.9712851047515869 -527
0.9755744934082031 -527
0.9814324378967285 -529
0.9859793186187744 -528
0.9895873069763184 -531
0.9933395385742188 -526
0.997854471206665 -522
