0 0 
0.004869699478149414 0
0.008530616760253906 0
0.01286458969116211 0
0.016531705856323242 0
0.02039027214050293 3
0.026714801788330078 3
0.030452251434326172 21
0.03491616249084473 21
0.03870368003845215 81
0.0429840087890625 81
0.048748016357421875 93
0.05307435989379883 39
0.056649208068847656 93
0.060387372970581055 94
0.0650937557220459 114
0.07068300247192383 122
0.0752267837524414 133
0.07893848419189453 142
0.08323550224304199 146
0.08678698539733887 146
0.09278392791748047 159
0.09635472297668457 161
0.1001136302947998 169
0.10479974746704102 172
0.11041927337646484 176
0.11500215530395508 181
0.1187593936920166 183
0.12321901321411133 186
0.12676191329956055 192
0.13335657119750977 194
0.13692545890808105 194
0.14067864418029785 195
0.14518046379089355 196
0.14892315864562988 199
0.15479421615600586 200
0.15850567817687988 200
0.16287589073181152 203
0.16873908042907715 204
0.1766510009765625 204
0.1804497241973877 204
0.18516898155212402 204
0.19080519676208496 204
0.1955876350402832 204
0.19936323165893555 204
0.20408892631530762 205
0.207808256149292 205
0.21352100372314453 205
0.2171170711517334 208
0.22122979164123535 208
0.22745037078857422 209
0.23190879821777344 211
0.23547863960266113 211
0.2392432689666748 211
0.2439591884613037 213
0.24951863288879395 213
0.2542095184326172 213
0.25789451599121094 213
0.2621731758117676 214
0.2660038471221924 215
0.27258920669555664 216
0.2761662006378174 218
0.2799074649810791 218
0.2844364643096924 218
0.28800320625305176 215
0.2938668727874756 216
0.29730749130249023 215
0.3012979030609131 213
0.3067810535430908 212
0.31052565574645996 212
0.3150637149810791 213
0.32071685791015625 213
0.32537841796875 212
0.329195499420166 214
0.33352208137512207 214
0.3371100425720215 215
0.3439915180206299 217
0.3475017547607422 216
0.35196685791015625 217
0.35553669929504395 216
0.3593010902404785 216
0.36531972885131836 216
0.36907148361206055 216
0.3733980655670166 215
0.37921690940856934 215
0.3835468292236328 217
0.38709115982055664 218
0.3908114433288574 217
0.397357702255249 216
0.402010440826416 217
0.40555429458618164 217
0.40932321548461914 215
0.4138612747192383 216
0.4194037914276123 214
0.42426228523254395 216
0.4279046058654785 216
0.4322066307067871 214
0.43599867820739746 216
0.4425785541534424 215
0.44616103172302246 216
0.44991636276245117 217
0.4546360969543457 216
0.4581935405731201 217
0.4641082286834717 217
0.46781134605407715 216
0.47208499908447266 217
0.47795748710632324 217
0.482668399810791 218
0.48628854751586914 218
0.49006175994873047 217
0.4945659637451172 217
0.5001811981201172 215
0.5047342777252197 215
0.5083026885986328 213
0.5127720832824707 214
0.516331672668457 215
0.5229060649871826 214
0.5264930725097656 213
0.5302612781524658 214
0.5347826480865479 216
0.5384426116943359 214
0.5445730686187744 214
0.5481750965118408 214
0.5545966625213623 215
0.558199405670166 215
0.5628643035888672 215
0.566443920135498 216
0.5708441734313965 216
0.58052659034729 216
0.5852649211883545 216
0.5890204906463623 216
0.5939426422119141 217
0.5994865894317627 216
0.6045413017272949 216
0.608128547668457 217
0.6126480102539062 219
0.6162574291229248 217
0.6228160858154297 217
0.626380205154419 217
0.6301331520080566 217
0.6346616744995117 216
0.6382403373718262 214
0.6442704200744629 214
0.6479175090789795 215
0.6542816162109375 213
0.6579592227935791 213
0.66227126121521 214
0.666240930557251 215
0.6699826717376709 216
0.676424503326416 215
0.6802380084991455 217
0.6847262382507324 217
0.6884160041809082 218
0.6928730010986328 217
0.6986582279205322 217
0.7030072212219238 218
0.7065699100494385 219
0.7102997303009033 217
0.7149512767791748 216
0.7206156253814697 218
0.7252798080444336 219
0.7290058135986328 217
0.7332959175109863 217
0.7368819713592529 218
0.7428896427154541 218
0.7464773654937744 217
0.7502889633178711 215
0.7549831867218018 215
0.7606189250946045 215
0.7650856971740723 214
0.7688438892364502 213
0.7731666564941406 214
0.7767484188079834 213
0.7834618091583252 214
0.7872600555419922 213
0.7912731170654297 213
0.7953593730926514 213
0.7991209030151367 215
0.8049962520599365 216
0.8087427616119385 215
0.8149843215942383 216
0.8187398910522461 216
0.823045015335083 217
0.8265998363494873 217
0.8303737640380859 216
0.8367311954498291 216
0.840526819229126 217
0.8452053070068359 216
0.8489696979522705 217
0.853271484375 216
0.8590574264526367 216
0.86342453956604 215
0.8684525489807129 215
0.8728559017181396 216
0.8764088153839111 214
0.8829343318939209 214
0.8865258693695068 215
0.8903417587280273 215
0.8948671817779541 215
0.8985447883605957 215
0.9046638011932373 217
0.9082469940185547 217
0.9128403663635254 217
0.9186561107635498 216
0.9230227470397949 218
0.9265828132629395 218
0.9303467273712158 217
0.9367434978485107 217
0.9405195713043213 215
0.9449849128723145 218
0.9487504959106445 215
0.953059196472168 215
0.958831787109375 215
0.9633388519287109 214
0.9668819904327393 216
0.9706192016601562 214
0.9792835712432861 215
0.9844608306884766 213
0.9901108741760254 215
0.9947690963745117 213
0.9984312057495117 216
