0 0 
0.003437519073486328 0
0.008392810821533203 2
0.012704610824584961 2
0.016216754913330078 2
0.019986867904663086 17
0.026591777801513672 51
0.03104424476623535 13
0.03458070755004883 35
0.0383455753326416 131
0.04306459426879883 182
0.04811859130859375 152
0.053182363510131836 208
0.058737754821777344 231
0.0634145736694336 250
0.06701302528381348 268
0.07125544548034668 275
0.07512307167053223 294
0.0817270278930664 299
0.08531999588012695 311
0.08904385566711426 322
0.09369945526123047 338
0.09727668762207031 352
0.10346245765686035 360
0.10710287094116211 369
0.11139178276062012 379
0.1173393726348877 383
0.12181591987609863 391
0.12541937828063965 394
0.1291794776916504 399
0.13364005088806152 402
0.13927841186523438 406
0.14376449584960938 408
0.14735174179077148 411
0.15186357498168945 420
0.1576080322265625 425
0.16225957870483398 430
0.16585159301757812 431
0.16967391967773438 435
0.17414307594299316 440
0.17977070808410645 442
0.18428587913513184 440
0.1880185604095459 444
0.19231295585632324 443
0.1958911418914795 444
0.20195960998535156 444
0.20552349090576172 450
0.20935416221618652 455
0.21956682205200195 460
0.224320650100708 458
0.22804570198059082 460
0.23253631591796875 458
0.23609566688537598 458
0.24225926399230957 458
0.2458491325378418 458
0.24956607818603516 459
0.255939245223999 461
0.2597055435180664 460
0.2641456127166748 463
0.26792359352111816 467
0.2722139358520508 468
0.27802157402038574 469
0.28255248069763184 471
0.28612208366394043 468
0.2898843288421631 466
0.29433608055114746 465
0.299976110458374 466
0.30443668365478516 467
0.30819106101989746 464
0.31252098083496094 469
0.31607532501220703 472
0.32263660430908203 472
0.32619309425354004 470
0.3299987316131592 474
0.334460973739624 470
0.33818936347961426 467
0.3442349433898926 467
0.34796786308288574 469
0.3524012565612793 468
0.3582296371459961 471
0.3625626564025879 472
0.3661048412322998 473
0.3698749542236328 474
0.3743398189544678 471
0.37996411323547363 474
0.3844485282897949 470
0.3881998062133789 470
0.3924984931945801 470
0.39606332778930664 470
0.40318942070007324 470
0.4067072868347168 472
0.4111967086791992 474
0.4147181510925293 471
0.4184725284576416 472
0.42432427406311035 474
0.4280822277069092 475
0.435283899307251 474
0.4390401840209961 475
0.4434628486633301 473
0.44710445404052734 470
0.4513731002807617 473
0.45719480514526367 472
0.4618570804595947 472
0.4654667377471924 473
0.4692409038543701 473
0.4737367630004883 474
0.47937560081481934 476
0.4841277599334717 474
0.4878709316253662 473
0.4922008514404297 471
0.49573588371276855 471
0.5022828578948975 470
0.5058495998382568 471
0.509613037109375 473
0.5141396522521973 474
0.5178718566894531 474
0.5239048004150391 476
0.5275774002075195 476
0.5321536064147949 474
0.5379467010498047 477
0.5422298908233643 472
0.5458228588104248 474
0.5495352745056152 471
0.5540008544921875 472
0.5596432685852051 470
0.564150333404541 473
0.5678822994232178 475
0.5722713470458984 475
0.5758528709411621 475
0.5825798511505127 473
0.5861315727233887 474
0.5898828506469727 474
0.5943353176116943 471
0.5980639457702637 472
0.6039540767669678 469
0.6076030731201172 471
0.6156015396118164 475
0.621051549911499 474
0.6271417140960693 476
0.6314337253570557 475
0.6353805065155029 474
0.6391305923461914 476
0.6439051628112793 469
0.6495311260223389 468
0.6539857387542725 471
0.6576430797576904 472
0.6620304584503174 468
0.6656136512756348 470
0.6721799373626709 474
0.6758146286010742 474
0.6795549392700195 475
0.6839871406555176 476
0.6876242160797119 472
0.6935632228851318 474
0.6971302032470703 474
0.7013900279998779 473
0.7064735889434814 470
0.7104575634002686 470
0.714592695236206 473
0.7211143970489502 472
0.7246553897857666 475
0.7283890247344971 476
0.732694149017334 476
0.7385044097900391 476
0.7433786392211914 474
0.7470211982727051 474
0.7512555122375488 471
0.7549965381622314 472
0.7613894939422607 468
0.7653293609619141 471
0.7690646648406982 473
0.7735631465911865 474
0.7771430015563965 475
0.7829902172088623 476
0.7866120338439941 475
0.7905130386352539 475
0.7966547012329102 474
0.8011202812194824 471
0.8046679496765137 471
0.8084049224853516 473
0.8127000331878662 472
0.818490743637085 470
0.8232142925262451 474
0.8266916275024414 477
0.8312296867370605 477
0.8350193500518799 475
0.8413825035095215 474
0.8451657295227051 473
0.8486778736114502 473
0.8532533645629883 474
0.8567521572113037 473
0.8625891208648682 472
0.8661270141601562 471
0.8698694705963135 474
0.8752644062042236 472
0.878748893737793 474
0.8847572803497314 479
0.8885166645050049 477
0.8950815200805664 474
0.8986539840698242 474
0.9032483100891113 472
0.9067461490631104 470
0.9113583564758301 467
0.9171547889709473 473
0.9216930866241455 476
0.9252991676330566 472
0.929025411605835 475
0.9334356784820557 476
0.9391064643859863 475
0.9438252449035645 473
0.9474208354949951 477
0.9519350528717041 472
0.9554755687713623 473
0.9612650871276855 470
0.9650747776031494 471
0.9685797691345215 472
0.9751472473144531 473
0.9787113666534424 474
0.9833848476409912 474
0.9870226383209229 478
0.9912810325622559 475
0.9971585273742676 475
