0 0 
0.004650592803955078 0
0.008214950561523438 0
0.01189112663269043 0
0.016278743743896484 3
0.019971132278442383 24
0.02463078498840332 9
0.030405282974243164 48
0.03495669364929199 38
0.03857922554016113 68
0.04230642318725586 254
0.04711580276489258 262
0.053328514099121094 384
0.062339067459106445 406
0.06695985794067383 458
0.07259011268615723 487
0.07723355293273926 493
0.08104777336120605 519
0.08555364608764648 540
0.08927607536315918 571
0.0951836109161377 585
0.09872579574584961 596
0.10248374938964844 613
0.10839390754699707 630
0.11214804649353027 648
0.11668205261230469 663
0.12239813804626465 679
0.12684321403503418 682
0.13051795959472656 698
0.13490533828735352 700
0.14073681831359863 721
0.14505338668823242 728
0.14867091178894043 734
0.15245676040649414 743
0.15696430206298828 749
0.16259765625 758
0.16728425025939941 764
0.17104530334472656 771
0.17539024353027344 775
0.17893695831298828 785
0.18519210815429688 786
0.18877148628234863 789
0.19252538681030273 798
0.19888806343078613 800
0.2026681900024414 804
0.2071840763092041 809
0.2109391689300537 811
0.21532154083251953 813
0.2211446762084961 815
0.22589111328125 818
0.22936010360717773 821
0.2339000701904297 825
0.23745298385620117 828
0.24410200119018555 831
0.24790525436401367 831
0.2514302730560303 833
0.25600624084472656 838
0.2595181465148926 837
0.2653779983520508 839
0.2689530849456787 841
0.2727203369140625 839
0.2790844440460205 844
0.28325819969177246 845
0.28752732276916504 845
0.291318416595459 851
0.29590535163879395 851
0.3014681339263916 849
0.3061025142669678 848
0.30980396270751953 850
0.31408143043518066 851
0.32004594802856445 855
0.32463955879211426 851
0.32825255393981934 854
0.3321254253387451 853
0.3366129398345947 856
0.34229540824890137 857
0.3469679355621338 860
0.3507347106933594 862
0.35503268241882324 860
0.35860586166381836 860
0.3646416664123535 859
0.36824822425842285 863
0.3720121383666992 862
0.37836122512817383 867
0.38218069076538086 858
0.3867003917694092 863
0.3902781009674072 864
0.3947157859802246 860
0.4004175662994385 867
0.4051089286804199 866
0.40871310234069824 865
0.41248226165771484 863
0.41695427894592285 861
0.42261838912963867 862
0.4270763397216797 867
0.43080973625183105 868
0.4350776672363281 866
0.438687801361084 867
0.44490766525268555 867
0.4485154151916504 866
0.4522855281829834 866
0.4628336429595947 870
0.46785664558410645 867
0.471393346786499 865
0.4761056900024414 864
0.4798305034637451 867
0.4855690002441406 870
0.4893317222595215 870
0.49337315559387207 867
0.49958300590515137 866
0.5040814876556396 863
0.5078318119049072 870
0.5113499164581299 872
0.5159025192260742 873
0.5214664936065674 869
0.5264139175415039 870
0.5299966335296631 863
0.534266471862793 868
0.5380513668060303 868
0.5446348190307617 871
0.5482354164123535 872
0.5519967079162598 866
0.5564694404602051 864
0.5600314140319824 866
0.5658764839172363 868
0.569319486618042 869
0.5732965469360352 872
0.5799479484558105 865
0.5842256546020508 867
0.5881805419921875 864
0.5919365882873535 867
0.5964295864105225 868
0.6020658016204834 868
0.606532096862793 868
0.610145092010498 866
0.6146297454833984 864
0.6182208061218262 871
0.6248104572296143 871
0.6283695697784424 870
0.6321234703063965 872
0.6366195678710938 869
0.6402044296264648 867
0.6464059352874756 865
0.6499893665313721 868
0.6564197540283203 870
0.660027265548706 870
0.6642892360687256 870
0.6681127548217773 866
0.6718297004699707 868
0.6783053874969482 872
0.6820852756500244 875
0.6865503787994385 871
0.6901028156280518 868
0.6945431232452393 871
0.7001795768737793 869
0.7048718929290771 871
0.7084565162658691 873
0.7122242450714111 870
0.7166998386383057 870
0.7223272323608398 866
0.7269120216369629 870
0.7306580543518066 870
0.734966516494751 870
0.7385740280151367 870
0.7451012134552002 868
0.7486662864685059 868
0.7524023056030273 865
0.7570786476135254 871
0.7608563899993896 872
0.7668497562408447 869
0.770524263381958 868
0.7748856544494629 866
0.7806956768035889 870
0.7850496768951416 872
0.7887401580810547 874
0.7939903736114502 875
0.7975435256958008 868
0.8041183948516846 866
0.8078837394714355 870
0.8113846778869629 868
0.8160185813903809 873
0.8195135593414307 869
0.8264901638031006 868
0.8300619125366211 868
0.8346664905548096 866
0.8382759094238281 870
0.8441159725189209 872
0.8479185104370117 870
0.8514130115509033 870
0.8600938320159912 870
0.8660199642181396 869
0.8698034286499023 872
0.8740761280059814 872
0.8800148963928223 871
0.8847506046295166 870
0.888357400894165 869
0.89212965965271 867
0.8966803550720215 870
0.9023158550262451 871
0.9068300724029541 874
0.9104671478271484 869
0.9148509502410889 871
0.918522834777832 866
0.9246401786804199 871
0.9282653331756592 871
0.9319937229156494 871
0.9383325576782227 868
0.9421212673187256 868
0.9467809200286865 866
0.9504420757293701 869
0.9548740386962891 875
0.9606971740722656 872
0.9651901721954346 871
0.9687371253967285 869
0.9725079536437988 869
0.9769995212554932 869
0.982621431350708 870
0.9871218204498291 871
0.9908857345581055 871
0.9951937198638916 867
0.9987325668334961 867
