0 0 
0.0025987625122070312 0
0.0072705745697021484 0
0.01069021224975586 0
0.014637947082519531 0
0.018738508224487305 0
0.022452116012573242 0
0.02832341194152832 0
0.034166574478149414 3
0.03878045082092285 3
0.042516231536865234 3
0.04722261428833008 3
0.050604820251464844 8
0.057233572006225586 8
0.06064558029174805 18
0.06459403038024902 18
0.06869697570800781 18
0.07250165939331055 47
0.07835054397583008 47
0.08207297325134277 47
0.08636641502380371 38
0.09215044975280762 38
0.10225653648376465 50
0.10674810409545898 53
0.1137685775756836 53
0.12012362480163574 57
0.12394309043884277 57
0.12850666046142578 58
0.1322345733642578 60
0.1365034580230713 60
0.14229273796081543 61
0.14660120010375977 61
0.1501162052154541 61
0.15383410453796387 63
0.15829968452453613 64
0.16391825675964355 64
0.1686263084411621 64
0.1723473072052002 64
0.17658567428588867 64
0.18013691902160645 64
0.18616962432861328 65
0.1897125244140625 65
0.19344544410705566 67
0.19971776008605957 67
0.2034614086151123 66
0.20795178413391113 66
0.21152210235595703 66
0.21614456176757812 68
0.2220137119293213 68
0.22652387619018555 68
0.23008394241333008 68
0.2338271141052246 68
0.23846650123596191 68
0.24411273002624512 67
0.24861454963684082 68
0.25237512588500977 68
0.25667667388916016 68
0.2602238655090332 68
0.2667853832244873 68
0.2703557014465332 69
0.278789758682251 69
0.2825500965118408 70
0.28844141960144043 69
0.2922031879425049 69
0.29669809341430664 69
0.3025238513946533 69
0.3072359561920166 69
0.31068992614746094 68
0.31466150283813477 68
0.3187589645385742 69
0.3253598213195801 69
0.32888293266296387 69
0.33266735076904297 69
0.3373229503631592 69
0.3408079147338867 70
0.34780025482177734 69
0.35140132904052734 69
0.35586977005004883 69
0.3594627380371094 69
0.3646397590637207 68
0.3692145347595215 68
0.3726980686187744 68
0.3793058395385742 69
0.3828558921813965 69
0.38753199577331543 69
0.39119410514831543 69
0.3954808712005615 70
0.40124964714050293 70
0.4056065082550049 69
0.4096713066101074 69
0.41347503662109375 69
0.4179682731628418 67
0.4235661029815674 65
0.428058385848999 65
0.4316127300262451 65
0.43606996536254883 66
0.43962931632995605 66
0.44547343254089355 67
0.4492769241333008 67
0.45276737213134766 69
0.4594149589538574 70
0.4631462097167969 69
0.4678220748901367 69
0.47141313552856445 69
0.47587037086486816 69
0.4815359115600586 68
0.486004114151001 68
0.48964762687683105 68
0.4934403896331787 69
0.49809956550598145 69
0.5037188529968262 70
0.5081589221954346 70
0.511789083480835 69
0.5161652565002441 69
0.5197024345397949 69
0.5264112949371338 69
0.5299763679504395 69
0.5336995124816895 69
0.538161039352417 69
0.5417728424072266 69
0.5476486682891846 69
0.5512723922729492 69
0.5555400848388672 69
0.5613970756530762 70
0.5658388137817383 70
0.5694167613983154 69
0.5728936195373535 69
0.5776405334472656 70
0.5833258628845215 70
0.5880012512207031 70
0.5915558338165283 70
0.5960166454315186 70
0.6016159057617188 70
0.60614013671875 70
0.6096880435943604 70
0.6134381294250488 70
0.6180262565612793 69
0.6236371994018555 70
0.6282901763916016 70
0.6320133209228516 70
0.6363112926483154 69
0.6398632526397705 69
0.6460723876953125 70
0.6496615409851074 70
0.6533892154693604 69
0.6597352027893066 69
0.6635076999664307 70
0.6679761409759521 70
0.6715402603149414 69
0.6797494888305664 69
0.6856169700622559 69
0.6895668506622314 69
0.6933176517486572 68
0.6984086036682129 68
0.7022082805633545 69
0.7083697319030762 69
0.712087869644165 68
0.7163717746734619 68
0.7221782207489014 68
0.7264833450317383 68
0.7300567626953125 68
0.7338016033172607 68
0.7382755279541016 67
0.7438912391662598 66
0.7483565807342529 66
0.7521002292633057 66
0.7565381526947021 66
0.7601068019866943 66
0.7667849063873291 66
0.7703166007995605 68
0.7755882740020752 68
0.7793786525726318 68
0.7828552722930908 68
0.7887105941772461 68
0.7925477027893066 68
0.7968642711639404 68
0.802701473236084 68
0.8072504997253418 68
0.8107507228851318 69
0.8146572113037109 69
0.8187570571899414 69
0.8253111839294434 69
0.8292539119720459 70
0.8327634334564209 70
0.8373148441314697 69
0.8407905101776123 69
0.8475542068481445 69
0.8511819839477539 69
0.8554303646087646 69
0.8592214584350586 67
0.8656020164489746 67
0.8693661689758301 68
0.8728570938110352 68
0.8775331974029541 68
0.8811764717102051 68
0.8871805667877197 69
0.8906335830688477 69
0.8946139812469482 69
0.9007935523986816 69
0.9052853584289551 69
0.9088518619537354 68
0.9125893115997314 68
0.9172229766845703 70
0.9227709770202637 70
0.9273576736450195 69
0.9308650493621826 69
0.935370683670044 69
0.9388699531555176 70
0.945493221282959 69
0.9494326114654541 70
0.9531412124633789 70
0.9575965404510498 70
0.9612329006195068 70
0.9668495655059814 68
0.9704029560089111 69
0.9741294384002686 69
0.9806482791900635 69
0.9846484661102295 69
0.988722562789917 69
0.9924898147583008 69
0.9967892169952393 69
