0 0 
0.0035400390625 0
0.008595705032348633 0
0.013085603713989258 0
0.01663947105407715 -3
0.020430803298950195 -88
0.027081012725830078 -88
0.03084111213684082 -23
0.035451650619506836 -119
0.03923821449279785 -181
0.04352712631225586 -181
0.04933357238769531 -229
0.0536501407623291 -258
0.05719137191772461 -266
0.060947418212890625 -279
0.06546306610107422 -311
0.07108259201049805 -334
0.07564544677734375 -350
0.07934999465942383 -362
0.08382797241210938 -383
0.08737564086914062 -393
0.09339022636413574 -400
0.09698700904846191 -410
0.10074353218078613 -430
0.1071169376373291 -430
0.11087703704833984 -445
0.1154184341430664 -452
0.11913061141967773 -464
0.12343692779541016 -476
0.12925434112548828 -483
0.13357257843017578 -487
0.13714218139648438 -489
0.14090442657470703 -496
0.14555788040161133 -500
0.15120720863342285 -506
0.155670166015625 -508
0.15950751304626465 -513
0.16396808624267578 -518
0.16749978065490723 -528
0.17429113388061523 -529
0.1777329444885254 -531
0.18169522285461426 -532
0.18580269813537598 -538
0.18953680992126465 -537
0.1954038143157959 -536
0.19921112060546875 -540
0.20368742942810059 -541
0.2095777988433838 -547
0.21387934684753418 -547
0.21740961074829102 -548
0.22118496894836426 -552
0.22564339637756348 -555
0.23127269744873047 -557
0.2357463836669922 -556
0.23949027061462402 -557
0.24376988410949707 -557
0.24733662605285645 -560
0.25392889976501465 -558
0.2574937343597412 -561
0.2613108158111572 -564
0.2659602165222168 -564
0.2697138786315918 -565
0.2755777835845947 -562
0.2793607711791992 -563
0.285625696182251 -562
0.28935956954956055 -563
0.29384827613830566 -564
0.2973940372467041 -567
0.30114269256591797 -569
0.3075401782989502 -571
0.3113269805908203 -571
0.3157968521118164 -568
0.3218350410461426 -568
0.32793426513671875 -565
0.33496642112731934 -567
0.3385460376739502 -570
0.3431589603424072 -569
0.3468024730682373 -571
0.35057806968688965 -574
0.3554255962371826 -570
0.36105966567993164 -571
0.36554908752441406 -570
0.3693070411682129 -568
0.37360119819641113 -570
0.3793938159942627 -569
0.3838624954223633 -572
0.3873884677886963 -573
0.39116525650024414 -572
0.3956284523010254 -573
0.4017143249511719 -571
0.40582823753356934 -572
0.40958356857299805 -572
0.4138798713684082 -569
0.4174365997314453 -571
0.4236464500427246 -570
0.4272134304046631 -572
0.4309549331665039 -578
0.4373147487640381 -577
0.4410891532897949 -572
0.4456946849822998 -573
0.4494776725769043 -570
0.45375871658325195 -568
0.4595479965209961 -571
0.4638838768005371 -573
0.46743178367614746 -574
0.47119665145874023 -575
0.4756302833557129 -575
0.48172545433044434 -575
0.48581838607788086 -573
0.48957395553588867 -570
0.49387121200561523 -569
0.49739980697631836 -571
0.5044443607330322 -573
0.5079617500305176 -573
0.5124509334564209 -575
0.5159885883331299 -578
0.5197484493255615 -576
0.5255849361419678 -576
0.5293288230895996 -575
0.5336606502532959 -571
0.5395123958587646 -573
0.5437905788421631 -573
0.547344446182251 -572
0.5510754585266113 -576
0.5557122230529785 -575
0.5617289543151855 -576
0.5660178661346436 -576
0.5698575973510742 -574
0.5744473934173584 -571
0.5779373645782471 -574
0.5847058296203613 -571
0.5883424282073975 -573
0.5926289558410645 -575
0.5964536666870117 -577
0.5999641418457031 -576
0.605816125869751 -576
0.609550952911377 -576
0.6138668060302734 -572
0.6197042465209961 -573
0.624455451965332 -571
0.6279468536376953 -572
0.6324079036712646 -573
0.6359536647796631 -575
0.642564058303833 -578
0.6463465690612793 -576
0.6498587131500244 -578
0.6544950008392334 -573
0.6600370407104492 -573
0.6647384166717529 -570
0.6685047149658203 -570
0.6729655265808105 -574
0.6765913963317871 -576
0.6834080219268799 -575
0.6869857311248779 -575
0.6907451152801514 -572
0.6952164173126221 -571
0.6989006996154785 -572
0.7048637866973877 -572
0.7084436416625977 -570
0.7129652500152588 -578
0.7186703681945801 -574
0.7268297672271729 -577
0.730597734451294 -574
0.7352180480957031 -576
0.7389082908630371 -575
0.7451615333557129 -571
0.7487595081329346 -570
0.7547402381896973 -572
0.7584342956542969 -575
0.7627227306365967 -576
0.7685408592224121 -576
0.7730545997619629 -577
0.7766401767730713 -573
0.7803652286529541 -573
0.7849440574645996 -571
0.7906017303466797 -569
0.7951705455780029 -571
0.7987546920776367 -572
0.8034100532531738 -575
0.8069870471954346 -576
0.8132140636444092 -575
0.8168046474456787 -577
0.8205661773681641 -574
0.8268840312957764 -570
0.8306312561035156 -570
0.8351390361785889 -569
0.838737964630127 -573
0.8432214260101318 -573
0.8490087985992432 -574
0.8533971309661865 -577
0.8569884300231934 -575
0.8607587814331055 -574
0.8654472827911377 -569
0.8710570335388184 -569
0.8755598068237305 -570
0.8793306350708008 -571
0.8836920261383057 -571
0.8872294425964355 -571
0.8937640190124512 -575
0.8973209857940674 -575
0.9010686874389648 -573
0.9055392742156982 -572
0.9094245433807373 -572
0.9152915477752686 -570
0.9189479351043701 -570
0.9239404201507568 -576
0.9275093078613281 -576
0.9417552947998047 -579
0.9460539817810059 -571
0.9497971534729004 -572
0.9544980525970459 -571
0.9610996246337891 -574
0.9699282646179199 -575
0.9758532047271729 -577
0.9796042442321777 -577
0.9859404563903809 -572
0.9903674125671387 -570
0.9951262474060059 -568
